"ticker","name","date","open","high","low","close","adjusted close","volume"
"AXL","American Axle & Manufacturing Holdings, Inc. Common Stock","2021-01-04 09:00:00-05:00",8.35,8.35,8.35,8.35,8.35,0
"AXL","American Axle & Manufacturing Holdings, Inc. Common Stock","2021-01-04 09:30:00-05:00",8.444999694824219,8.489999771118164,8.3100004196167,8.327500343322754,8.327500343322754,146918
"AXL","American Axle & Manufacturing Holdings, Inc. Common Stock","2021-01-04 10:30:00-05:00",8.34000015258789,8.350000381469727,8.010000228881836,8.069999694824219,8.069999694824219,400071
"AXL","American Axle & Manufacturing Holdings, Inc. Common Stock","2021-01-04 11:30:00-05:00",8.09000015258789,8.14799976348877,7.960000038146973,7.961900234222412,7.961900234222412,237436
"AXL","American Axle & Manufacturing Holdings, Inc. Common Stock","2021-01-04 12:30:00-05:00",7.960000038146973,8.0,7.860000133514404,7.980000019073486,7.980000019073486,503664
"AXL","American Axle & Manufacturing Holdings, Inc. Common Stock","2021-01-04 13:30:00-05:00",7.96999979019165,8.050000190734863,7.960000038146973,8.0,8.0,442404
"AXL","American Axle & Manufacturing Holdings, Inc. Common Stock","2021-01-04 14:30:00-05:00",8.0,8.0,7.889999866485596,7.925000190734863,7.925000190734863,261566
"AXL","American Axle & Manufacturing Holdings, Inc. Common Stock","2021-01-04 15:30:00-05:00",7.925000190734863,8.140000343322754,7.880000114440918,8.119999885559082,8.119999885559082,635069
"AXL","American Axle & Manufacturing Holdings, Inc. Common Stock","2021-01-04 16:00:00-05:00",8.11,8.12,8.06143,8.06143,8.06143,0
"AXL","American Axle & Manufacturing Holdings, Inc. Common Stock","2021-01-05 07:00:00-05:00",8.12,8.12,8.12,8.12,8.12,0
"AXL","American Axle & Manufacturing Holdings, Inc. Common Stock","2021-01-05 09:30:00-05:00",8.088000297546387,8.216899871826172,8.039999961853027,8.0600004196167,8.0600004196167,298487
"AXL","American Axle & Manufacturing Holdings, Inc. Common Stock","2021-01-05 10:30:00-05:00",8.069999694824219,8.210000038146973,8.039999961853027,8.1899995803833,8.1899995803833,247380
"AXL","American Axle & Manufacturing Holdings, Inc. Common Stock","2021-01-05 11:30:00-05:00",8.0600004196167,8.255000114440918,8.0600004196167,8.234999656677246,8.234999656677246,246808
"AXL","American Axle & Manufacturing Holdings, Inc. Common Stock","2021-01-05 12:30:00-05:00",8.195300102233887,8.255000114440918,8.180000305175781,8.229999542236328,8.229999542236328,196868
"AXL","American Axle & Manufacturing Holdings, Inc. Common Stock","2021-01-05 13:30:00-05:00",8.239999771118164,8.300000190734863,8.180000305175781,8.289999961853027,8.289999961853027,192695
"AXL","American Axle & Manufacturing Holdings, Inc. Common Stock","2021-01-05 14:30:00-05:00",8.239999771118164,8.300000190734863,8.229999542236328,8.255000114440918,8.255000114440918,207314
"AXL","American Axle & Manufacturing Holdings, Inc. Common Stock","2021-01-05 15:30:00-05:00",8.260000228881836,8.300000190734863,8.229999542236328,8.229999542236328,8.229999542236328,561350
"AXL","American Axle & Manufacturing Holdings, Inc. Common Stock","2021-01-05 16:00:00-05:00",8.23,8.23,8.229,8.23,8.23,0
"AXL","American Axle & Manufacturing Holdings, Inc. Common Stock","2021-01-05 17:00:00-05:00",8.23,8.23,8.23,8.23,8.23,0
"AXL","American Axle & Manufacturing Holdings, Inc. Common Stock","2021-01-06 07:00:00-05:00",8.5,8.5,8.5,8.5,8.5,0
"AXL","American Axle & Manufacturing Holdings, Inc. Common Stock","2021-01-06 09:00:00-05:00",8.3,8.3,8.2999,8.3,8.3,0
"AXL","American Axle & Manufacturing Holdings, Inc. Common Stock","2021-01-06 09:30:00-05:00",8.29990005493164,8.550000190734863,8.29990005493164,8.430000305175781,8.430000305175781,899092
"AXL","American Axle & Manufacturing Holdings, Inc. Common Stock","2021-01-06 10:30:00-05:00",8.484999656677246,8.609999656677246,8.390000343322754,8.600000381469727,8.600000381469727,658661
"AXL","American Axle & Manufacturing Holdings, Inc. Common Stock","2021-01-06 11:30:00-05:00",8.444999694824219,8.609999656677246,8.444999694824219,8.600000381469727,8.600000381469727,642036
"AXL","American Axle & Manufacturing Holdings, Inc. Common Stock","2021-01-06 12:30:00-05:00",8.555000305175781,8.739999771118164,8.550000190734863,8.720000267028809,8.720000267028809,484231
"AXL","American Axle & Manufacturing Holdings, Inc. Common Stock","2021-01-06 13:30:00-05:00",8.729999542236328,8.770000457763672,8.635000228881836,8.65999984741211,8.65999984741211,481909
"AXL","American Axle & Manufacturing Holdings, Inc. Common Stock","2021-01-06 14:30:00-05:00",8.720999717712402,8.75,8.4399995803833,8.6850004196167,8.6850004196167,641549
"AXL","American Axle & Manufacturing Holdings, Inc. Common Stock","2021-01-06 15:30:00-05:00",8.680000305175781,8.760000228881836,8.550000190734863,8.680000305175781,8.680000305175781,1135944
"AXL","American Axle & Manufacturing Holdings, Inc. Common Stock","2021-01-06 16:00:00-05:00",8.67,8.68,8.67,8.67,8.67,0
"AXL","American Axle & Manufacturing Holdings, Inc. Common Stock","2021-01-06 17:00:00-05:00",8.67,8.67,8.67,8.67,8.67,0
"AXL","American Axle & Manufacturing Holdings, Inc. Common Stock","2021-01-06 18:00:00-05:00",8.79,8.79,8.79,8.79,8.79,0
"AXL","American Axle & Manufacturing Holdings, Inc. Common Stock","2021-01-07 07:00:00-05:00",8.7,8.7,8.6,8.6,8.6,0
"AXL","American Axle & Manufacturing Holdings, Inc. Common Stock","2021-01-07 08:00:00-05:00",8.7999,8.7999,8.7999,8.7999,8.7999,0
"AXL","American Axle & Manufacturing Holdings, Inc. Common Stock","2021-01-07 09:00:00-05:00",8.8999,8.9316,8.86,8.9316,8.9316,0
"AXL","American Axle & Manufacturing Holdings, Inc. Common Stock","2021-01-07 09:30:00-05:00",8.899900436401367,9.61989974975586,8.85990047454834,9.539999961853027,9.539999961853027,2795755
"AXL","American Axle & Manufacturing Holdings, Inc. Common Stock","2021-01-07 10:30:00-05:00",9.539999961853027,9.75,9.34000015258789,9.75,9.75,1299281
"AXL","American Axle & Manufacturing Holdings, Inc. Common Stock","2021-01-07 11:30:00-05:00",9.5600004196167,9.800000190734863,9.524999618530272,9.800000190734863,9.800000190734863,1141586
"AXL","American Axle & Manufacturing Holdings, Inc. Common Stock","2021-01-07 12:30:00-05:00",9.739999771118164,9.850000381469728,9.720000267028809,9.765000343322754,9.765000343322754,1057449
"AXL","American Axle & Manufacturing Holdings, Inc. Common Stock","2021-01-07 13:30:00-05:00",9.829999923706056,9.890000343322754,9.672800064086914,9.6899995803833,9.6899995803833,762748
"AXL","American Axle & Manufacturing Holdings, Inc. Common Stock","2021-01-07 14:30:00-05:00",9.824999809265137,9.890000343322754,9.670000076293944,9.767900466918944,9.767900466918944,632033
"AXL","American Axle & Manufacturing Holdings, Inc. Common Stock","2021-01-07 15:30:00-05:00",9.770000457763672,9.864999771118164,9.670000076293944,9.770000457763672,9.770000457763672,1129412
"AXL","American Axle & Manufacturing Holdings, Inc. Common Stock","2021-01-07 16:00:00-05:00",9.76,9.76,9.64,9.64,9.64,0
"AXL","American Axle & Manufacturing Holdings, Inc. Common Stock","2021-01-07 17:00:00-05:00",9.76,9.76,9.76,9.76,9.76,0
"AXL","American Axle & Manufacturing Holdings, Inc. Common Stock","2021-01-07 19:00:00-05:00",9.48,9.48,9.48,9.48,9.48,0
"AXL","American Axle & Manufacturing Holdings, Inc. Common Stock","2021-01-08 08:00:00-05:00",9.9,9.98,9.9,9.96,9.96,0
"AXL","American Axle & Manufacturing Holdings, Inc. Common Stock","2021-01-08 09:00:00-05:00",9.96,9.99,9.96,9.96,9.96,0
"AXL","American Axle & Manufacturing Holdings, Inc. Common Stock","2021-01-08 09:30:00-05:00",9.989999771118164,9.989999771118164,9.515000343322754,9.529999732971191,9.529999732971191,665241
"AXL","American Axle & Manufacturing Holdings, Inc. Common Stock","2021-01-08 10:30:00-05:00",9.71500015258789,9.79990005493164,9.5,9.515000343322754,9.515000343322754,664310
"AXL","American Axle & Manufacturing Holdings, Inc. Common Stock","2021-01-08 11:30:00-05:00",9.574999809265137,9.585000038146973,9.390000343322754,9.425000190734863,9.425000190734863,556431
"AXL","American Axle & Manufacturing Holdings, Inc. Common Stock","2021-01-08 12:30:00-05:00",9.449999809265137,9.470000267028809,9.210000038146973,9.279999732971191,9.279999732971191,505268
"AXL","American Axle & Manufacturing Holdings, Inc. Common Stock","2021-01-08 13:30:00-05:00",9.329999923706056,9.345000267028809,9.079999923706056,9.156000137329102,9.156000137329102,499306
"AXL","American Axle & Manufacturing Holdings, Inc. Common Stock","2021-01-08 14:30:00-05:00",9.130000114440918,9.25,9.079999923706056,9.220000267028809,9.220000267028809,497785
"AXL","American Axle & Manufacturing Holdings, Inc. Common Stock","2021-01-08 15:30:00-05:00",9.220000267028809,9.279999732971191,9.1899995803833,9.270000457763672,9.270000457763672,979951
"AXL","American Axle & Manufacturing Holdings, Inc. Common Stock","2021-01-08 16:00:00-05:00",9.27,9.27,9.22,9.22,9.22,0
"AXL","American Axle & Manufacturing Holdings, Inc. Common Stock","2021-01-08 17:00:00-05:00",9.26,9.28,9.26,9.26,9.26,0
"AXL","American Axle & Manufacturing Holdings, Inc. Common Stock","2021-01-08 18:00:00-05:00",9.26,9.26,9.26,9.26,9.26,0
"AXL","American Axle & Manufacturing Holdings, Inc. Common Stock","2021-01-08 19:00:00-05:00",9.25,9.25,9.25,9.25,9.25,0
"AXL","American Axle & Manufacturing Holdings, Inc. Common Stock","2021-01-11 08:00:00-05:00",9.15,9.15,9.15,9.15,9.15,0
"AXL","American Axle & Manufacturing Holdings, Inc. Common Stock","2021-01-11 09:30:00-05:00",9.260000228881836,9.260000228881836,8.880000114440918,9.023599624633787,9.023599624633787,259589
"AXL","American Axle & Manufacturing Holdings, Inc. Common Stock","2021-01-11 10:30:00-05:00",9.010000228881836,9.119999885559082,8.970000267028809,9.0,9.0,253096
"AXL","American Axle & Manufacturing Holdings, Inc. Common Stock","2021-01-11 11:30:00-05:00",9.010000228881836,9.015000343322754,8.890000343322754,8.949999809265137,8.949999809265137,180809
"AXL","American Axle & Manufacturing Holdings, Inc. Common Stock","2021-01-11 12:30:00-05:00",8.954999923706055,9.029999732971191,8.9399995803833,8.96500015258789,8.96500015258789,266361
"AXL","American Axle & Manufacturing Holdings, Inc. Common Stock","2021-01-11 13:30:00-05:00",8.970000267028809,9.010000228881836,8.949999809265137,8.984999656677246,8.984999656677246,225776
"AXL","American Axle & Manufacturing Holdings, Inc. Common Stock","2021-01-11 14:30:00-05:00",8.98490047454834,9.024999618530272,8.970000267028809,8.984600067138672,8.984600067138672,204840
"AXL","American Axle & Manufacturing Holdings, Inc. Common Stock","2021-01-11 15:30:00-05:00",8.984999656677246,9.029999732971191,8.942500114440918,8.979999542236328,8.979999542236328,630971
"AXL","American Axle & Manufacturing Holdings, Inc. Common Stock","2021-01-11 16:00:00-05:00",8.98,8.98,8.98,8.98,8.98,0
"AXL","American Axle & Manufacturing Holdings, Inc. Common Stock","2021-01-11 17:00:00-05:00",9.05,9.05,8.98,8.98,8.98,0
"AXL","American Axle & Manufacturing Holdings, Inc. Common Stock","2021-01-11 18:00:00-05:00",8.97,8.97,8.97,8.97,8.97,0
"AXL","American Axle & Manufacturing Holdings, Inc. Common Stock","2021-01-11 19:00:00-05:00",8.97,8.97,8.95,8.95,8.95,0
"AXL","American Axle & Manufacturing Holdings, Inc. Common Stock","2021-01-12 08:00:00-05:00",9.0,9.0932,9.0,9.0932,9.0932,0
"AXL","American Axle & Manufacturing Holdings, Inc. Common Stock","2021-01-12 09:30:00-05:00",9.0,9.130000114440918,8.853699684143066,9.06369972229004,9.06369972229004,601323
"AXL","American Axle & Manufacturing Holdings, Inc. Common Stock","2021-01-12 10:30:00-05:00",8.989999771118164,9.19499969482422,8.960000038146973,9.1850004196167,9.1850004196167,521213
"AXL","American Axle & Manufacturing Holdings, Inc. Common Stock","2021-01-12 11:30:00-05:00",9.145000457763672,9.289999961853027,9.130000114440918,9.289999961853027,9.289999961853027,403816
"AXL","American Axle & Manufacturing Holdings, Inc. Common Stock","2021-01-12 12:30:00-05:00",9.274999618530272,9.295000076293944,9.199999809265137,9.229999542236328,9.229999542236328,218764
"AXL","American Axle & Manufacturing Holdings, Inc. Common Stock","2021-01-12 13:30:00-05:00",9.244999885559082,9.385000228881836,9.199999809265137,9.385000228881836,9.385000228881836,272483
"AXL","American Axle & Manufacturing Holdings, Inc. Common Stock","2021-01-12 14:30:00-05:00",9.270000457763672,9.40999984741211,9.270000457763672,9.369999885559082,9.369999885559082,460782
"AXL","American Axle & Manufacturing Holdings, Inc. Common Stock","2021-01-12 15:30:00-05:00",9.369999885559082,9.390000343322754,9.279999732971191,9.28499984741211,9.28499984741211,841687
"AXL","American Axle & Manufacturing Holdings, Inc. Common Stock","2021-01-12 16:00:00-05:00",9.29,9.31,9.29,9.31,9.31,0
"AXL","American Axle & Manufacturing Holdings, Inc. Common Stock","2021-01-12 19:00:00-05:00",9.29,9.29,9.29,9.29,9.29,0
"AXL","American Axle & Manufacturing Holdings, Inc. Common Stock","2021-01-13 08:00:00-05:00",9.2501,9.2501,9.2501,9.2501,9.2501,0
"AXL","American Axle & Manufacturing Holdings, Inc. Common Stock","2021-01-13 09:30:00-05:00",9.3100004196167,9.420000076293944,9.010000228881836,9.029999732971191,9.029999732971191,151185
"AXL","American Axle & Manufacturing Holdings, Inc. Common Stock","2021-01-13 10:30:00-05:00",9.03499984741211,9.119999885559082,8.930000305175781,9.0,9.0,291160
"AXL","American Axle & Manufacturing Holdings, Inc. Common Stock","2021-01-13 11:30:00-05:00",9.0,9.027999877929688,8.920000076293945,8.96500015258789,8.96500015258789,157873
"AXL","American Axle & Manufacturing Holdings, Inc. Common Stock","2021-01-13 12:30:00-05:00",8.970000267028809,9.095000267028809,8.949999809265137,9.079999923706056,9.079999923706056,101334
"AXL","American Axle & Manufacturing Holdings, Inc. Common Stock","2021-01-13 13:30:00-05:00",9.074999809265137,9.074999809265137,9.010000228881836,9.039999961853027,9.039999961853027,84302
"AXL","American Axle & Manufacturing Holdings, Inc. Common Stock","2021-01-13 14:30:00-05:00",9.041899681091309,9.06999969482422,8.899999618530273,8.899999618530273,8.899999618530273,170484
"AXL","American Axle & Manufacturing Holdings, Inc. Common Stock","2021-01-13 15:30:00-05:00",8.899999618530273,8.930000305175781,8.819999694824219,8.84000015258789,8.84000015258789,600154
"AXL","American Axle & Manufacturing Holdings, Inc. Common Stock","2021-01-13 16:00:00-05:00",8.84,8.84,8.84,8.84,8.84,0
"AXL","American Axle & Manufacturing Holdings, Inc. Common Stock","2021-01-13 17:00:00-05:00",9.03,9.03,8.86,8.86,8.86,0
"AXL","American Axle & Manufacturing Holdings, Inc. Common Stock","2021-01-13 18:00:00-05:00",8.85,8.85,8.85,8.85,8.85,0
"AXL","American Axle & Manufacturing Holdings, Inc. Common Stock","2021-01-14 09:00:00-05:00",8.94,8.94,8.94,8.94,8.94,0
"AXL","American Axle & Manufacturing Holdings, Inc. Common Stock","2021-01-14 09:30:00-05:00",8.930000305175781,9.109999656677246,8.899999618530273,8.899999618530273,8.899999618530273,127340
"AXL","American Axle & Manufacturing Holdings, Inc. Common Stock","2021-01-14 10:30:00-05:00",8.90999984741211,9.010000228881836,8.65999984741211,8.718099594116211,8.718099594116211,385185
"AXL","American Axle & Manufacturing Holdings, Inc. Common Stock","2021-01-14 11:30:00-05:00",8.720000267028809,9.029999732971191,8.640000343322754,8.970499992370605,8.970499992370605,418756
"AXL","American Axle & Manufacturing Holdings, Inc. Common Stock","2021-01-14 12:30:00-05:00",8.970000267028809,9.030099868774414,8.898900032043457,9.020000457763672,9.020000457763672,141185
"AXL","American Axle & Manufacturing Holdings, Inc. Common Stock","2021-01-14 13:30:00-05:00",9.020000457763672,9.074999809265137,9.0,9.050000190734863,9.050000190734863,153018
"AXL","American Axle & Manufacturing Holdings, Inc. Common Stock","2021-01-14 14:30:00-05:00",9.050000190734863,9.175000190734863,9.050000190734863,9.10990047454834,9.10990047454834,222492
"AXL","American Axle & Manufacturing Holdings, Inc. Common Stock","2021-01-14 15:30:00-05:00",9.109999656677246,9.199999809265137,9.029999732971191,9.039999961853027,9.039999961853027,538753
"AXL","American Axle & Manufacturing Holdings, Inc. Common Stock","2021-01-14 16:00:00-05:00",9.05,9.05,8.976877,9.05,9.05,0
"AXL","American Axle & Manufacturing Holdings, Inc. Common Stock","2021-01-14 17:00:00-05:00",9.05,9.05,9.02,9.02,9.02,0
"AXL","American Axle & Manufacturing Holdings, Inc. Common Stock","2021-01-14 18:00:00-05:00",9.02,9.02,9.02,9.02,9.02,0
"AXL","American Axle & Manufacturing Holdings, Inc. Common Stock","2021-01-15 06:00:00-05:00",9.05,9.05,9.05,9.05,9.05,0
"AXL","American Axle & Manufacturing Holdings, Inc. Common Stock","2021-01-15 08:00:00-05:00",9.02,9.079,9.0,9.0,9.0,0
"AXL","American Axle & Manufacturing Holdings, Inc. Common Stock","2021-01-15 09:00:00-05:00",9.0,9.0,9.0,9.0,9.0,0
"AXL","American Axle & Manufacturing Holdings, Inc. Common Stock","2021-01-15 09:30:00-05:00",9.0,9.074999809265137,8.8100004196167,8.930000305175781,8.930000305175781,726727
"AXL","American Axle & Manufacturing Holdings, Inc. Common Stock","2021-01-15 10:30:00-05:00",9.010000228881836,9.0600004196167,8.768199920654297,8.84000015258789,8.84000015258789,657081
"AXL","American Axle & Manufacturing Holdings, Inc. Common Stock","2021-01-15 11:30:00-05:00",8.850000381469727,8.854999542236328,8.760000228881836,8.800000190734863,8.800000190734863,437450
"AXL","American Axle & Manufacturing Holdings, Inc. Common Stock","2021-01-15 12:30:00-05:00",8.795000076293945,8.880000114440918,8.760000228881836,8.829999923706055,8.829999923706055,395528
"AXL","American Axle & Manufacturing Holdings, Inc. Common Stock","2021-01-15 13:30:00-05:00",8.829899787902832,8.880000114440918,8.680000305175781,8.789999961853027,8.789999961853027,640239
"AXL","American Axle & Manufacturing Holdings, Inc. Common Stock","2021-01-15 14:30:00-05:00",8.71500015258789,8.8100004196167,8.680000305175781,8.779999732971191,8.779999732971191,512148
"AXL","American Axle & Manufacturing Holdings, Inc. Common Stock","2021-01-15 15:30:00-05:00",8.779999732971191,8.84000015258789,8.720000267028809,8.739999771118164,8.739999771118164,1350531
"AXL","American Axle & Manufacturing Holdings, Inc. Common Stock","2021-01-15 16:00:00-05:00",8.74,8.84,8.7,8.7,8.7,0
"AXL","American Axle & Manufacturing Holdings, Inc. Common Stock","2021-01-15 17:00:00-05:00",8.84,8.84,8.7,8.7,8.7,0
"AXL","American Axle & Manufacturing Holdings, Inc. Common Stock","2021-01-15 18:00:00-05:00",8.7,8.7,8.7,8.7,8.7,0
"AXL","American Axle & Manufacturing Holdings, Inc. Common Stock","2021-01-15 19:00:00-05:00",8.71,8.84,8.7,8.84,8.84,0
"AXL","American Axle & Manufacturing Holdings, Inc. Common Stock","2021-01-19 08:00:00-05:00",8.95,8.96,8.87,8.87,8.87,0
"AXL","American Axle & Manufacturing Holdings, Inc. Common Stock","2021-01-19 09:30:00-05:00",8.949999809265137,9.071700096130373,8.598199844360352,8.670000076293945,8.670000076293945,854995
"AXL","American Axle & Manufacturing Holdings, Inc. Common Stock","2021-01-19 10:30:00-05:00",8.670000076293945,9.15999984741211,8.598199844360352,9.135000228881836,9.135000228881836,825138
"AXL","American Axle & Manufacturing Holdings, Inc. Common Stock","2021-01-19 11:30:00-05:00",8.978099822998047,9.15999984741211,8.975000381469727,8.989999771118164,8.989999771118164,417070
"AXL","American Axle & Manufacturing Holdings, Inc. Common Stock","2021-01-19 12:30:00-05:00",9.079999923706056,9.104999542236328,8.9350004196167,8.96500015258789,8.96500015258789,226243
"AXL","American Axle & Manufacturing Holdings, Inc. Common Stock","2021-01-19 13:30:00-05:00",8.994999885559082,9.03499984741211,8.9399995803833,8.979999542236328,8.979999542236328,165862
"AXL","American Axle & Manufacturing Holdings, Inc. Common Stock","2021-01-19 14:30:00-05:00",9.024999618530272,9.0600004196167,8.970000267028809,9.05500030517578,9.05500030517578,270492
"AXL","American Axle & Manufacturing Holdings, Inc. Common Stock","2021-01-19 15:30:00-05:00",9.050000190734863,9.109999656677246,8.989999771118164,9.100000381469728,9.100000381469728,839006
"AXL","American Axle & Manufacturing Holdings, Inc. Common Stock","2021-01-19 16:00:00-05:00",9.1,9.1,9.1,9.1,9.1,0
"AXL","American Axle & Manufacturing Holdings, Inc. Common Stock","2021-01-19 17:00:00-05:00",9.1,9.1,9.1,9.1,9.1,0
"AXL","American Axle & Manufacturing Holdings, Inc. Common Stock","2021-01-19 19:00:00-05:00",9.1,9.1,9.1,9.1,9.1,0
"AXL","American Axle & Manufacturing Holdings, Inc. Common Stock","2021-01-20 07:00:00-05:00",9.1,9.1,9.1,9.1,9.1,0
"AXL","American Axle & Manufacturing Holdings, Inc. Common Stock","2021-01-20 08:00:00-05:00",9.1,9.1,9.05,9.05,9.05,0
"AXL","American Axle & Manufacturing Holdings, Inc. Common Stock","2021-01-20 09:00:00-05:00",9.08,9.1,9.05,9.1,9.1,0
"AXL","American Axle & Manufacturing Holdings, Inc. Common Stock","2021-01-20 09:30:00-05:00",9.100000381469728,9.364999771118164,9.100000381469728,9.364999771118164,9.364999771118164,575907
"AXL","American Axle & Manufacturing Holdings, Inc. Common Stock","2021-01-20 10:30:00-05:00",9.270000457763672,9.420000076293944,9.229999542236328,9.239999771118164,9.239999771118164,472313
"AXL","American Axle & Manufacturing Holdings, Inc. Common Stock","2021-01-20 11:30:00-05:00",9.350000381469728,9.380000114440918,9.225000381469728,9.270000457763672,9.270000457763672,308063
"AXL","American Axle & Manufacturing Holdings, Inc. Common Stock","2021-01-20 12:30:00-05:00",9.3100004196167,9.375,9.218099594116213,9.289999961853027,9.289999961853027,206188
"AXL","American Axle & Manufacturing Holdings, Inc. Common Stock","2021-01-20 13:30:00-05:00",9.34000015258789,9.414999961853027,9.289999961853027,9.375,9.375,269735
"AXL","American Axle & Manufacturing Holdings, Inc. Common Stock","2021-01-20 14:30:00-05:00",9.34000015258789,9.4399995803833,9.31999969482422,9.39490032196045,9.39490032196045,424342
"AXL","American Axle & Manufacturing Holdings, Inc. Common Stock","2021-01-20 15:30:00-05:00",9.399999618530272,9.4399995803833,9.31999969482422,9.40999984741211,9.40999984741211,574792
"AXL","American Axle & Manufacturing Holdings, Inc. Common Stock","2021-01-20 16:00:00-05:00",9.41,9.41,9.4,9.4,9.4,0
"AXL","American Axle & Manufacturing Holdings, Inc. Common Stock","2021-01-20 17:00:00-05:00",9.41,9.41,9.41,9.41,9.41,0
"AXL","American Axle & Manufacturing Holdings, Inc. Common Stock","2021-01-20 18:00:00-05:00",9.35,9.4,9.35,9.4,9.4,0
"AXL","American Axle & Manufacturing Holdings, Inc. Common Stock","2021-01-20 19:00:00-05:00",9.41,9.41,9.41,9.41,9.41,0
"AXL","American Axle & Manufacturing Holdings, Inc. Common Stock","2021-01-21 06:00:00-05:00",9.4,9.41,9.4,9.41,9.41,0
"AXL","American Axle & Manufacturing Holdings, Inc. Common Stock","2021-01-21 07:00:00-05:00",9.48,9.59,9.48,9.59,9.59,0
"AXL","American Axle & Manufacturing Holdings, Inc. Common Stock","2021-01-21 08:00:00-05:00",9.5,9.5,9.5,9.5,9.5,0
"AXL","American Axle & Manufacturing Holdings, Inc. Common Stock","2021-01-21 09:30:00-05:00",9.449999809265137,9.5600004196167,9.270000457763672,9.345000267028809,9.345000267028809,311921
"AXL","American Axle & Manufacturing Holdings, Inc. Common Stock","2021-01-21 10:30:00-05:00",9.369999885559082,9.385000228881836,9.279999732971191,9.34000015258789,9.34000015258789,254928
"AXL","American Axle & Manufacturing Holdings, Inc. Common Stock","2021-01-21 11:30:00-05:00",9.369999885559082,9.380000114440918,9.130000114440918,9.199999809265137,9.199999809265137,465978
"AXL","American Axle & Manufacturing Holdings, Inc. Common Stock","2021-01-21 12:30:00-05:00",9.300000190734863,9.40999984741211,9.130000114440918,9.359999656677246,9.359999656677246,425945
"AXL","American Axle & Manufacturing Holdings, Inc. Common Stock","2021-01-21 13:30:00-05:00",9.3100004196167,9.4399995803833,9.289999961853027,9.375,9.375,410378
"AXL","American Axle & Manufacturing Holdings, Inc. Common Stock","2021-01-21 14:30:00-05:00",9.395000457763672,9.5,9.369999885559082,9.470000267028809,9.470000267028809,406952
"AXL","American Axle & Manufacturing Holdings, Inc. Common Stock","2021-01-21 15:30:00-05:00",9.470000267028809,9.529999732971191,9.395000457763672,9.460000038146973,9.460000038146973,1063602
"AXL","American Axle & Manufacturing Holdings, Inc. Common Stock","2021-01-21 16:00:00-05:00",9.47,9.47,9.47,9.47,9.47,0
"AXL","American Axle & Manufacturing Holdings, Inc. Common Stock","2021-01-21 18:00:00-05:00",9.45,9.45,9.45,9.45,9.45,0
"AXL","American Axle & Manufacturing Holdings, Inc. Common Stock","2021-01-22 07:00:00-05:00",9.46,9.46,9.4,9.4,9.4,0
"AXL","American Axle & Manufacturing Holdings, Inc. Common Stock","2021-01-22 08:00:00-05:00",9.3801,9.3801,9.22,9.25,9.25,0
"AXL","American Axle & Manufacturing Holdings, Inc. Common Stock","2021-01-22 09:30:00-05:00",9.4399995803833,9.675000190734863,9.300000190734863,9.579999923706056,9.579999923706056,657344
"AXL","American Axle & Manufacturing Holdings, Inc. Common Stock","2021-01-22 10:30:00-05:00",9.640000343322754,9.675000190734863,9.524999618530272,9.569100379943848,9.569100379943848,664731
"AXL","American Axle & Manufacturing Holdings, Inc. Common Stock","2021-01-22 11:30:00-05:00",9.55500030517578,9.609999656677246,9.524999618530272,9.545000076293944,9.545000076293944,300555
"AXL","American Axle & Manufacturing Holdings, Inc. Common Stock","2021-01-22 12:30:00-05:00",9.5649995803833,9.59000015258789,9.510000228881836,9.545000076293944,9.545000076293944,348975
"AXL","American Axle & Manufacturing Holdings, Inc. Common Stock","2021-01-22 13:30:00-05:00",9.550000190734863,9.59000015258789,9.479999542236328,9.539999961853027,9.539999961853027,580291
"AXL","American Axle & Manufacturing Holdings, Inc. Common Stock","2021-01-22 14:30:00-05:00",9.524999618530272,9.710000038146973,9.489999771118164,9.68000030517578,9.68000030517578,305795
"AXL","American Axle & Manufacturing Holdings, Inc. Common Stock","2021-01-22 15:30:00-05:00",9.68000030517578,9.699999809265137,9.600000381469728,9.68000030517578,9.68000030517578,722297
"AXL","American Axle & Manufacturing Holdings, Inc. Common Stock","2021-01-22 16:00:00-05:00",9.68,9.68,9.583372,9.68,9.68,0
"AXL","American Axle & Manufacturing Holdings, Inc. Common Stock","2021-01-22 17:00:00-05:00",9.68,9.68,9.68,9.68,9.68,0
"AXL","American Axle & Manufacturing Holdings, Inc. Common Stock","2021-01-22 19:00:00-05:00",9.68,9.68,9.68,9.68,9.68,0
"AXL","American Axle & Manufacturing Holdings, Inc. Common Stock","2021-01-25 05:00:00-05:00",9.68,9.68,9.68,9.68,9.68,0
"AXL","American Axle & Manufacturing Holdings, Inc. Common Stock","2021-01-25 06:00:00-05:00",9.68,9.68,9.68,9.68,9.68,0
"AXL","American Axle & Manufacturing Holdings, Inc. Common Stock","2021-01-25 07:00:00-05:00",9.68,9.82,9.68,9.75,9.75,0
"AXL","American Axle & Manufacturing Holdings, Inc. Common Stock","2021-01-25 08:00:00-05:00",9.8,10.0,9.6001,9.9188,9.9188,0
"AXL","American Axle & Manufacturing Holdings, Inc. Common Stock","2021-01-25 09:00:00-05:00",9.78,9.92,9.68,9.68,9.68,0
"AXL","American Axle & Manufacturing Holdings, Inc. Common Stock","2021-01-25 09:30:00-05:00",9.850000381469728,9.850000381469728,9.255000114440918,9.329999923706056,9.329999923706056,709463
"AXL","American Axle & Manufacturing Holdings, Inc. Common Stock","2021-01-25 10:30:00-05:00",9.260000228881836,9.399999618530272,8.92770004272461,9.09000015258789,9.09000015258789,735989
"AXL","American Axle & Manufacturing Holdings, Inc. Common Stock","2021-01-25 11:30:00-05:00",9.210000038146973,9.239999771118164,8.92770004272461,9.010000228881836,9.010000228881836,783179
"AXL","American Axle & Manufacturing Holdings, Inc. Common Stock","2021-01-25 12:30:00-05:00",9.154999732971191,9.18000030517578,8.979999542236328,9.074999809265137,9.074999809265137,429215
"AXL","American Axle & Manufacturing Holdings, Inc. Common Stock","2021-01-25 13:30:00-05:00",9.050000190734863,9.109999656677246,8.991000175476074,9.010000228881836,9.010000228881836,187332
"AXL","American Axle & Manufacturing Holdings, Inc. Common Stock","2021-01-25 14:30:00-05:00",9.024999618530272,9.039999961853027,8.949999809265137,9.020000457763672,9.020000457763672,368945
"AXL","American Axle & Manufacturing Holdings, Inc. Common Stock","2021-01-25 15:30:00-05:00",9.015000343322754,9.130000114440918,8.960000038146973,9.119999885559082,9.119999885559082,485407
"AXL","American Axle & Manufacturing Holdings, Inc. Common Stock","2021-01-25 16:00:00-05:00",9.11,9.15,9.1099,9.15,9.15,0
"AXL","American Axle & Manufacturing Holdings, Inc. Common Stock","2021-01-25 17:00:00-05:00",9.15,9.15,9.14,9.14,9.14,0
"AXL","American Axle & Manufacturing Holdings, Inc. Common Stock","2021-01-25 18:00:00-05:00",9.14,9.14,9.14,9.14,9.14,0
"AXL","American Axle & Manufacturing Holdings, Inc. Common Stock","2021-01-25 19:00:00-05:00",9.11,9.14,9.11,9.14,9.14,0
"AXL","American Axle & Manufacturing Holdings, Inc. Common Stock","2021-01-26 07:00:00-05:00",9.12,9.12,9.12,9.12,9.12,0
"AXL","American Axle & Manufacturing Holdings, Inc. Common Stock","2021-01-26 08:00:00-05:00",9.14,9.14,9.12,9.12,9.12,0
"AXL","American Axle & Manufacturing Holdings, Inc. Common Stock","2021-01-26 09:00:00-05:00",9.11,9.11,9.11,9.11,9.11,0
"AXL","American Axle & Manufacturing Holdings, Inc. Common Stock","2021-01-26 09:30:00-05:00",9.109999656677246,9.25,9.074999809265137,9.119999885559082,9.119999885559082,456404
"AXL","American Axle & Manufacturing Holdings, Inc. Common Stock","2021-01-26 10:30:00-05:00",9.15999984741211,9.1899995803833,9.029999732971191,9.0649995803833,9.0649995803833,323458
"AXL","American Axle & Manufacturing Holdings, Inc. Common Stock","2021-01-26 11:30:00-05:00",9.06999969482422,9.100000381469728,8.970000267028809,9.010000228881836,9.010000228881836,320320
"AXL","American Axle & Manufacturing Holdings, Inc. Common Stock","2021-01-26 12:30:00-05:00",8.979999542236328,9.050000190734863,8.944999694824219,8.998200416564941,8.998200416564941,284872
"AXL","American Axle & Manufacturing Holdings, Inc. Common Stock","2021-01-26 13:30:00-05:00",8.960000038146973,9.0649995803833,8.944999694824219,9.03499984741211,9.03499984741211,246743
"AXL","American Axle & Manufacturing Holdings, Inc. Common Stock","2021-01-26 14:30:00-05:00",8.960000038146973,9.079999923706056,8.960000038146973,9.045000076293944,9.045000076293944,240415
"AXL","American Axle & Manufacturing Holdings, Inc. Common Stock","2021-01-26 15:30:00-05:00",9.050000190734863,9.079999923706056,8.960000038146973,8.970000267028809,8.970000267028809,565030
"AXL","American Axle & Manufacturing Holdings, Inc. Common Stock","2021-01-26 16:00:00-05:00",8.97,8.97,8.97,8.97,8.97,0
"AXL","American Axle & Manufacturing Holdings, Inc. Common Stock","2021-01-27 06:00:00-05:00",8.98,8.98,8.98,8.98,8.98,0
"AXL","American Axle & Manufacturing Holdings, Inc. Common Stock","2021-01-27 07:00:00-05:00",8.98,8.98,8.71,8.71,8.71,0
"AXL","American Axle & Manufacturing Holdings, Inc. Common Stock","2021-01-27 08:00:00-05:00",8.72,8.94,8.71,8.94,8.94,0
"AXL","American Axle & Manufacturing Holdings, Inc. Common Stock","2021-01-27 09:00:00-05:00",8.74,8.94,8.71,8.7416,8.7416,0
"AXL","American Axle & Manufacturing Holdings, Inc. Common Stock","2021-01-27 09:30:00-05:00",8.741600036621094,9.479999542236328,8.649999618530273,9.399999618530272,9.399999618530272,892111
"AXL","American Axle & Manufacturing Holdings, Inc. Common Stock","2021-01-27 10:30:00-05:00",9.15999984741211,9.619999885559082,9.09000015258789,9.4399995803833,9.4399995803833,1959216
"AXL","American Axle & Manufacturing Holdings, Inc. Common Stock","2021-01-27 11:30:00-05:00",9.470000267028809,9.619999885559082,9.369999885559082,9.380000114440918,9.380000114440918,742619
"AXL","American Axle & Manufacturing Holdings, Inc. Common Stock","2021-01-27 12:30:00-05:00",9.40999984741211,9.550000190734863,9.34000015258789,9.449999809265137,9.449999809265137,676934
"AXL","American Axle & Manufacturing Holdings, Inc. Common Stock","2021-01-27 13:30:00-05:00",9.510000228881836,9.515000343322754,9.350000381469728,9.43000030517578,9.43000030517578,429678
"AXL","American Axle & Manufacturing Holdings, Inc. Common Stock","2021-01-27 14:30:00-05:00",9.489999771118164,9.510000228881836,9.350000381469728,9.43000030517578,9.43000030517578,991038
"AXL","American Axle & Manufacturing Holdings, Inc. Common Stock","2021-01-27 15:30:00-05:00",9.425000190734863,9.510000228881836,9.390000343322754,9.479999542236328,9.479999542236328,1456522
"AXL","American Axle & Manufacturing Holdings, Inc. Common Stock","2021-01-27 16:00:00-05:00",9.48,9.54,9.48,9.48,9.48,0
"AXL","American Axle & Manufacturing Holdings, Inc. Common Stock","2021-01-27 17:00:00-05:00",9.48,9.5,9.48,9.5,9.5,0
"AXL","American Axle & Manufacturing Holdings, Inc. Common Stock","2021-01-27 18:00:00-05:00",9.48,9.48,9.48,9.48,9.48,0
"AXL","American Axle & Manufacturing Holdings, Inc. Common Stock","2021-01-27 19:00:00-05:00",9.48,9.5,9.48,9.5,9.5,0
"AXL","American Axle & Manufacturing Holdings, Inc. Common Stock","2021-01-28 04:00:00-05:00",9.48,9.48,9.35,9.35,9.35,0
"AXL","American Axle & Manufacturing Holdings, Inc. Common Stock","2021-01-28 07:00:00-05:00",9.44,9.48,9.44,9.48,9.48,0
"AXL","American Axle & Manufacturing Holdings, Inc. Common Stock","2021-01-28 08:00:00-05:00",9.5001,9.61,9.48,9.5001,9.5001,0
"AXL","American Axle & Manufacturing Holdings, Inc. Common Stock","2021-01-28 09:00:00-05:00",9.51,9.61,9.5001,9.51,9.51,0
"AXL","American Axle & Manufacturing Holdings, Inc. Common Stock","2021-01-28 09:30:00-05:00",9.510000228881836,9.619999885559082,9.329999923706056,9.34000015258789,9.34000015258789,493888
"AXL","American Axle & Manufacturing Holdings, Inc. Common Stock","2021-01-28 10:30:00-05:00",9.42080020904541,9.510000228881836,8.850000381469727,8.899999618530273,8.899999618530273,888809
"AXL","American Axle & Manufacturing Holdings, Inc. Common Stock","2021-01-28 11:30:00-05:00",9.220000267028809,9.239999771118164,8.850000381469727,8.970000267028809,8.970000267028809,887176
"AXL","American Axle & Manufacturing Holdings, Inc. Common Stock","2021-01-28 12:30:00-05:00",8.927499771118164,9.0649995803833,8.890000343322754,9.020000457763672,9.020000457763672,438310
"AXL","American Axle & Manufacturing Holdings, Inc. Common Stock","2021-01-28 13:30:00-05:00",8.979999542236328,9.079999923706056,8.96500015258789,8.979999542236328,8.979999542236328,349850
"AXL","American Axle & Manufacturing Holdings, Inc. Common Stock","2021-01-28 14:30:00-05:00",9.010000228881836,9.079999923706056,8.96500015258789,9.0600004196167,9.0600004196167,365854
"AXL","American Axle & Manufacturing Holdings, Inc. Common Stock","2021-01-28 15:30:00-05:00",9.0600004196167,9.104999542236328,9.000100135803223,9.020000457763672,9.020000457763672,901653
"AXL","American Axle & Manufacturing Holdings, Inc. Common Stock","2021-01-28 16:00:00-05:00",9.02,9.14,9.01,9.02,9.02,0
"AXL","American Axle & Manufacturing Holdings, Inc. Common Stock","2021-01-28 17:00:00-05:00",9.02,9.02,8.96,8.96,8.96,0
"AXL","American Axle & Manufacturing Holdings, Inc. Common Stock","2021-01-28 18:00:00-05:00",9.0,9.0,9.0,9.0,9.0,0
"AXL","American Axle & Manufacturing Holdings, Inc. Common Stock","2021-01-28 19:00:00-05:00",8.96,9.0,8.96,9.0,9.0,0
"AXL","American Axle & Manufacturing Holdings, Inc. Common Stock","2021-01-29 05:00:00-05:00",8.98,9.02,8.98,9.02,9.02,0
"AXL","American Axle & Manufacturing Holdings, Inc. Common Stock","2021-01-29 08:00:00-05:00",9.02,9.05,8.96,9.0,9.0,0
"AXL","American Axle & Manufacturing Holdings, Inc. Common Stock","2021-01-29 09:00:00-05:00",9.0,9.02,8.9051,8.95,8.95,0
"AXL","American Axle & Manufacturing Holdings, Inc. Common Stock","2021-01-29 09:30:00-05:00",8.905099868774414,9.220000267028809,8.869999885559082,9.130000114440918,9.130000114440918,483180
"AXL","American Axle & Manufacturing Holdings, Inc. Common Stock","2021-01-29 10:30:00-05:00",9.16230010986328,9.395000457763672,9.020000457763672,9.071800231933594,9.071800231933594,466059
"AXL","American Axle & Manufacturing Holdings, Inc. Common Stock","2021-01-29 11:30:00-05:00",9.05459976196289,9.395000457763672,8.9399995803833,8.970000267028809,8.970000267028809,505767
"AXL","American Axle & Manufacturing Holdings, Inc. Common Stock","2021-01-29 12:30:00-05:00",9.050000190734863,9.09000015258789,8.800000190734863,8.9399995803833,8.9399995803833,461414
"AXL","American Axle & Manufacturing Holdings, Inc. Common Stock","2021-01-29 13:30:00-05:00",8.819999694824219,8.944999694824219,8.801899909973145,8.817500114440918,8.817500114440918,256694
"AXL","American Axle & Manufacturing Holdings, Inc. Common Stock","2021-01-29 14:30:00-05:00",8.8100004196167,8.895000457763672,8.699999809265137,8.869999885559082,8.869999885559082,470564
"AXL","American Axle & Manufacturing Holdings, Inc. Common Stock","2021-01-29 15:30:00-05:00",8.869999885559082,8.899999618530273,8.71500015258789,8.819999694824219,8.819999694824219,674370
"AXL","American Axle & Manufacturing Holdings, Inc. Common Stock","2021-01-29 16:00:00-05:00",8.82,8.82,8.81,8.82,8.82,0
"AXL","American Axle & Manufacturing Holdings, Inc. Common Stock","2021-01-29 17:00:00-05:00",8.82,8.82,8.82,8.82,8.82,0
"AXL","American Axle & Manufacturing Holdings, Inc. Common Stock","2021-01-29 18:00:00-05:00",8.82,8.82,8.81,8.81,8.81,0
"AXL","American Axle & Manufacturing Holdings, Inc. Common Stock","2021-01-29 19:00:00-05:00",8.81,8.81,8.81,8.81,8.81,0
"AXL","American Axle & Manufacturing Holdings, Inc. Common Stock","2021-02-01 07:00:00-05:00",9.0,9.0,9.0,9.0,9.0,0
"AXL","American Axle & Manufacturing Holdings, Inc. Common Stock","2021-02-01 08:00:00-05:00",9.07,9.07,8.96,9.0,9.0,0
"AXL","American Axle & Manufacturing Holdings, Inc. Common Stock","2021-02-01 09:00:00-05:00",8.96,9.07,8.81,8.81,8.81,0
"AXL","American Axle & Manufacturing Holdings, Inc. Common Stock","2021-02-01 09:30:00-05:00",9.0,9.0,8.34000015258789,8.699999809265137,8.699999809265137,1669027
"AXL","American Axle & Manufacturing Holdings, Inc. Common Stock","2021-02-01 10:30:00-05:00",8.529999732971191,8.800000190734863,8.505000114440918,8.790200233459473,8.790200233459473,603111
"AXL","American Axle & Manufacturing Holdings, Inc. Common Stock","2021-02-01 11:30:00-05:00",8.699999809265137,8.970000267028809,8.65999984741211,8.755000114440918,8.755000114440918,520675
"AXL","American Axle & Manufacturing Holdings, Inc. Common Stock","2021-02-01 12:30:00-05:00",8.930000305175781,8.9399995803833,8.680000305175781,8.774999618530273,8.774999618530273,357631
"AXL","American Axle & Manufacturing Holdings, Inc. Common Stock","2021-02-01 13:30:00-05:00",8.71500015258789,8.890000343322754,8.680000305175781,8.859999656677246,8.859999656677246,330448
"AXL","American Axle & Manufacturing Holdings, Inc. Common Stock","2021-02-01 14:30:00-05:00",8.789999961853027,8.914999961853027,8.789899826049805,8.84000015258789,8.84000015258789,279816
"AXL","American Axle & Manufacturing Holdings, Inc. Common Stock","2021-02-01 15:30:00-05:00",8.84000015258789,8.9399995803833,8.8100004196167,8.920000076293945,8.920000076293945,868598
"AXL","American Axle & Manufacturing Holdings, Inc. Common Stock","2021-02-01 16:00:00-05:00",8.93,8.93,8.93,8.93,8.93,0
"AXL","American Axle & Manufacturing Holdings, Inc. Common Stock","2021-02-01 17:00:00-05:00",8.93,8.93,8.93,8.93,8.93,0
"AXL","American Axle & Manufacturing Holdings, Inc. Common Stock","2021-02-02 07:00:00-05:00",9.02,9.07,9.02,9.07,9.07,0
"AXL","American Axle & Manufacturing Holdings, Inc. Common Stock","2021-02-02 08:00:00-05:00",9.09,9.13,9.0,9.08,9.08,0
"AXL","American Axle & Manufacturing Holdings, Inc. Common Stock","2021-02-02 09:00:00-05:00",9.13,9.13,9.08,9.0802,9.0802,0
"AXL","American Axle & Manufacturing Holdings, Inc. Common Stock","2021-02-02 09:30:00-05:00",9.079999923706056,9.119999885559082,8.90999984741211,9.020000457763672,9.020000457763672,643789
"AXL","American Axle & Manufacturing Holdings, Inc. Common Stock","2021-02-02 10:30:00-05:00",9.050000190734863,9.119999885559082,8.954999923706055,9.09000015258789,9.09000015258789,419655
"AXL","American Axle & Manufacturing Holdings, Inc. Common Stock","2021-02-02 11:30:00-05:00",9.0600004196167,9.175000190734863,8.960000038146973,8.960000038146973,8.960000038146973,379092
"AXL","American Axle & Manufacturing Holdings, Inc. Common Stock","2021-02-02 12:30:00-05:00",9.020000457763672,9.050000190734863,8.920000076293945,8.989999771118164,8.989999771118164,225881
"AXL","American Axle & Manufacturing Holdings, Inc. Common Stock","2021-02-02 13:30:00-05:00",9.039999961853027,9.050000190734863,8.954999923706055,8.954999923706055,8.954999923706055,170345
"AXL","American Axle & Manufacturing Holdings, Inc. Common Stock","2021-02-02 14:30:00-05:00",9.010000228881836,9.100000381469728,8.949999809265137,9.079999923706056,9.079999923706056,219241
"AXL","American Axle & Manufacturing Holdings, Inc. Common Stock","2021-02-02 15:30:00-05:00",9.085000038146973,9.109999656677246,9.0,9.039999961853027,9.039999961853027,642269
"AXL","American Axle & Manufacturing Holdings, Inc. Common Stock","2021-02-02 16:00:00-05:00",9.04,9.04,9.0,9.04,9.04,0
"AXL","American Axle & Manufacturing Holdings, Inc. Common Stock","2021-02-02 17:00:00-05:00",9.0,9.04,9.0,9.04,9.04,0
"AXL","American Axle & Manufacturing Holdings, Inc. Common Stock","2021-02-02 19:00:00-05:00",9.12,9.12,9.12,9.12,9.12,0
"AXL","American Axle & Manufacturing Holdings, Inc. Common Stock","2021-02-03 07:00:00-05:00",9.1,9.1,9.04,9.04,9.04,0
"AXL","American Axle & Manufacturing Holdings, Inc. Common Stock","2021-02-03 08:00:00-05:00",9.04,9.07,9.04,9.05,9.05,0
"AXL","American Axle & Manufacturing Holdings, Inc. Common Stock","2021-02-03 09:30:00-05:00",9.079999923706056,9.289999961853027,9.010000228881836,9.010000228881836,9.010000228881836,513749
"AXL","American Axle & Manufacturing Holdings, Inc. Common Stock","2021-02-03 10:30:00-05:00",9.130000114440918,9.145000457763672,8.984999656677246,9.059900283813477,9.059900283813477,476482
"AXL","American Axle & Manufacturing Holdings, Inc. Common Stock","2021-02-03 11:30:00-05:00",9.0600004196167,9.13010025024414,9.024999618530272,9.0600004196167,9.0600004196167,347939
"AXL","American Axle & Manufacturing Holdings, Inc. Common Stock","2021-02-03 12:30:00-05:00",9.100000381469728,9.100000381469728,8.989999771118164,9.0600004196167,9.0600004196167,418388
"AXL","American Axle & Manufacturing Holdings, Inc. Common Stock","2021-02-03 13:30:00-05:00",8.989999771118164,9.140000343322754,8.989999771118164,9.140000343322754,9.140000343322754,286423
"AXL","American Axle & Manufacturing Holdings, Inc. Common Stock","2021-02-03 14:30:00-05:00",9.100000381469728,9.19499969482422,9.071800231933594,9.15999984741211,9.15999984741211,437790
"AXL","American Axle & Manufacturing Holdings, Inc. Common Stock","2021-02-03 15:30:00-05:00",9.150099754333496,9.279999732971191,9.119999885559082,9.279999732971191,9.279999732971191,1002317
"AXL","American Axle & Manufacturing Holdings, Inc. Common Stock","2021-02-03 16:00:00-05:00",9.28,9.28,9.25,9.25,9.25,0
"AXL","American Axle & Manufacturing Holdings, Inc. Common Stock","2021-02-03 17:00:00-05:00",9.22,9.28,9.2,9.2,9.2,0
"AXL","American Axle & Manufacturing Holdings, Inc. Common Stock","2021-02-03 18:00:00-05:00",9.28,9.28,9.23,9.23,9.23,0
"AXL","American Axle & Manufacturing Holdings, Inc. Common Stock","2021-02-03 19:00:00-05:00",9.23,9.37,9.23,9.37,9.37,0
"AXL","American Axle & Manufacturing Holdings, Inc. Common Stock","2021-02-04 07:00:00-05:00",9.28,9.28,9.28,9.28,9.28,0
"AXL","American Axle & Manufacturing Holdings, Inc. Common Stock","2021-02-04 08:00:00-05:00",9.28,9.35,9.2501,9.35,9.35,0
"AXL","American Axle & Manufacturing Holdings, Inc. Common Stock","2021-02-04 09:00:00-05:00",9.2601,9.35,9.26,9.28,9.28,0
"AXL","American Axle & Manufacturing Holdings, Inc. Common Stock","2021-02-04 09:30:00-05:00",9.279999732971191,9.567899703979492,9.25,9.47189998626709,9.47189998626709,636680
"AXL","American Axle & Manufacturing Holdings, Inc. Common Stock","2021-02-04 10:30:00-05:00",9.43000030517578,9.600000381469728,9.395000457763672,9.510000228881836,9.510000228881836,651997
"AXL","American Axle & Manufacturing Holdings, Inc. Common Stock","2021-02-04 11:30:00-05:00",9.521200180053713,9.56999969482422,9.479999542236328,9.5600004196167,9.5600004196167,360287
"AXL","American Axle & Manufacturing Holdings, Inc. Common Stock","2021-02-04 12:30:00-05:00",9.539999961853027,9.563799858093262,9.479999542236328,9.494999885559082,9.494999885559082,286561
"AXL","American Axle & Manufacturing Holdings, Inc. Common Stock","2021-02-04 13:30:00-05:00",9.524999618530272,9.649999618530272,9.479999542236328,9.640000343322754,9.640000343322754,425192
"AXL","American Axle & Manufacturing Holdings, Inc. Common Stock","2021-02-04 14:30:00-05:00",9.5649995803833,9.760000228881836,9.5649995803833,9.670000076293944,9.670000076293944,640881
"AXL","American Axle & Manufacturing Holdings, Inc. Common Stock","2021-02-04 15:30:00-05:00",9.664999961853027,9.760000228881836,9.630000114440918,9.75,9.75,1162854
"AXL","American Axle & Manufacturing Holdings, Inc. Common Stock","2021-02-04 16:00:00-05:00",9.75,9.75,9.5,9.75,9.75,0
"AXL","American Axle & Manufacturing Holdings, Inc. Common Stock","2021-02-04 17:00:00-05:00",9.75,9.75,9.7,9.7,9.7,0
"AXL","American Axle & Manufacturing Holdings, Inc. Common Stock","2021-02-04 18:00:00-05:00",9.8,9.83,9.75,9.75,9.75,0
"AXL","American Axle & Manufacturing Holdings, Inc. Common Stock","2021-02-04 19:00:00-05:00",9.74,9.83,9.74,9.83,9.83,0
"AXL","American Axle & Manufacturing Holdings, Inc. Common Stock","2021-02-05 07:00:00-05:00",9.82,9.83,9.75,9.8,9.8,0
"AXL","American Axle & Manufacturing Holdings, Inc. Common Stock","2021-02-05 08:00:00-05:00",9.8299,9.83,9.75,9.77,9.77,0
"AXL","American Axle & Manufacturing Holdings, Inc. Common Stock","2021-02-05 09:00:00-05:00",9.77,9.79,9.77,9.79,9.79,0
"AXL","American Axle & Manufacturing Holdings, Inc. Common Stock","2021-02-05 09:30:00-05:00",9.789999961853027,10.270000457763672,9.789999961853027,9.920000076293944,9.920000076293944,963523
"AXL","American Axle & Manufacturing Holdings, Inc. Common Stock","2021-02-05 10:30:00-05:00",10.220000267028809,10.244999885559082,9.90999984741211,10.010000228881836,10.010000228881836,543201
"AXL","American Axle & Manufacturing Holdings, Inc. Common Stock","2021-02-05 11:30:00-05:00",9.99180030822754,10.06999969482422,9.90999984741211,10.0600004196167,10.0600004196167,397286
"AXL","American Axle & Manufacturing Holdings, Inc. Common Stock","2021-02-05 12:30:00-05:00",10.024999618530272,10.210000038146973,10.0,10.20699977874756,10.20699977874756,230854
"AXL","American Axle & Manufacturing Holdings, Inc. Common Stock","2021-02-05 13:30:00-05:00",10.095000267028809,10.229999542236328,10.09000015258789,10.220000267028809,10.220000267028809,359762
"AXL","American Axle & Manufacturing Holdings, Inc. Common Stock","2021-02-05 14:30:00-05:00",10.130000114440918,10.229999542236328,10.119999885559082,10.119999885559082,10.119999885559082,394197
"AXL","American Axle & Manufacturing Holdings, Inc. Common Stock","2021-02-05 15:30:00-05:00",10.1274995803833,10.350000381469728,10.111900329589844,10.329999923706056,10.329999923706056,1333515
"AXL","American Axle & Manufacturing Holdings, Inc. Common Stock","2021-02-05 16:00:00-05:00",10.34,10.34,10.29,10.34,10.34,0
"AXL","American Axle & Manufacturing Holdings, Inc. Common Stock","2021-02-05 17:00:00-05:00",10.337,10.34,10.334,10.34,10.34,0
"AXL","American Axle & Manufacturing Holdings, Inc. Common Stock","2021-02-05 18:00:00-05:00",10.34,10.34,10.34,10.34,10.34,0
"AXL","American Axle & Manufacturing Holdings, Inc. Common Stock","2021-02-05 19:00:00-05:00",10.34,10.34,10.34,10.34,10.34,0
"AXL","American Axle & Manufacturing Holdings, Inc. Common Stock","2021-02-08 07:00:00-05:00",10.34,10.35,10.34,10.35,10.35,0
"AXL","American Axle & Manufacturing Holdings, Inc. Common Stock","2021-02-08 08:00:00-05:00",10.4199,10.43,10.34,10.43,10.43,0
"AXL","American Axle & Manufacturing Holdings, Inc. Common Stock","2021-02-08 09:00:00-05:00",10.4,10.48,10.4,10.48,10.48,0
"AXL","American Axle & Manufacturing Holdings, Inc. Common Stock","2021-02-08 09:30:00-05:00",10.4399995803833,10.960000038146973,10.399999618530272,10.845000267028809,10.845000267028809,934319
"AXL","American Axle & Manufacturing Holdings, Inc. Common Stock","2021-02-08 10:30:00-05:00",10.869999885559082,10.970000267028809,10.779999732971191,10.890000343322754,10.890000343322754,614214
"AXL","American Axle & Manufacturing Holdings, Inc. Common Stock","2021-02-08 11:30:00-05:00",10.899999618530272,11.028200149536133,10.850000381469728,10.9350004196167,10.9350004196167,480491
"AXL","American Axle & Manufacturing Holdings, Inc. Common Stock","2021-02-08 12:30:00-05:00",10.93000030517578,11.028200149536133,10.847100257873535,10.925700187683104,10.925700187683104,413126
"AXL","American Axle & Manufacturing Holdings, Inc. Common Stock","2021-02-08 13:30:00-05:00",10.877300262451172,10.93000030517578,10.770000457763672,10.829999923706056,10.829999923706056,425409
"AXL","American Axle & Manufacturing Holdings, Inc. Common Stock","2021-02-08 14:30:00-05:00",10.795000076293944,10.890000343322754,10.770000457763672,10.864999771118164,10.864999771118164,222442
"AXL","American Axle & Manufacturing Holdings, Inc. Common Stock","2021-02-08 15:30:00-05:00",10.864999771118164,11.029999732971191,10.8100004196167,11.029999732971191,11.029999732971191,670477
"AXL","American Axle & Manufacturing Holdings, Inc. Common Stock","2021-02-08 16:00:00-05:00",11.03,11.17,11.0,11.03,11.03,0
"AXL","American Axle & Manufacturing Holdings, Inc. Common Stock","2021-02-08 17:00:00-05:00",11.0,11.1,10.95,11.1,11.1,0
"AXL","American Axle & Manufacturing Holdings, Inc. Common Stock","2021-02-08 18:00:00-05:00",11.14,11.14,11.03,11.03,11.03,0
"AXL","American Axle & Manufacturing Holdings, Inc. Common Stock","2021-02-09 04:00:00-05:00",10.97,10.97,10.97,10.97,10.97,0
"AXL","American Axle & Manufacturing Holdings, Inc. Common Stock","2021-02-09 07:00:00-05:00",11.1,11.1,11.03,11.03,11.03,0
"AXL","American Axle & Manufacturing Holdings, Inc. Common Stock","2021-02-09 08:00:00-05:00",11.03,11.49,11.03,11.15,11.15,0
"AXL","American Axle & Manufacturing Holdings, Inc. Common Stock","2021-02-09 09:00:00-05:00",11.03,11.15,11.03,11.15,11.15,0
"AXL","American Axle & Manufacturing Holdings, Inc. Common Stock","2021-02-09 09:30:00-05:00",11.149999618530272,11.149999618530272,10.5600004196167,10.789999961853027,10.789999961853027,571856
"AXL","American Axle & Manufacturing Holdings, Inc. Common Stock","2021-02-09 10:30:00-05:00",10.770000457763672,10.880000114440918,10.664999961853027,10.789999961853027,10.789999961853027,311122
"AXL","American Axle & Manufacturing Holdings, Inc. Common Stock","2021-02-09 11:30:00-05:00",10.8100004196167,10.899999618530272,10.6899995803833,10.829999923706056,10.829999923706056,264079
"AXL","American Axle & Manufacturing Holdings, Inc. Common Stock","2021-02-09 12:30:00-05:00",10.8100004196167,10.960000038146973,10.789999961853027,10.80500030517578,10.80500030517578,226918
"AXL","American Axle & Manufacturing Holdings, Inc. Common Stock","2021-02-09 13:30:00-05:00",10.93000030517578,10.93000030517578,10.762499809265137,10.859999656677246,10.859999656677246,237243
"AXL","American Axle & Manufacturing Holdings, Inc. Common Stock","2021-02-09 14:30:00-05:00",10.850000381469728,10.93000030517578,10.739999771118164,10.739999771118164,10.739999771118164,237890
"AXL","American Axle & Manufacturing Holdings, Inc. Common Stock","2021-02-09 15:30:00-05:00",10.75,10.859999656677246,10.720000267028809,10.720000267028809,10.720000267028809,640324
"AXL","American Axle & Manufacturing Holdings, Inc. Common Stock","2021-02-09 16:00:00-05:00",10.73,10.73,10.59,10.6,10.6,0
"AXL","American Axle & Manufacturing Holdings, Inc. Common Stock","2021-02-09 17:00:00-05:00",10.72,10.72,10.65,10.65,10.65,0
"AXL","American Axle & Manufacturing Holdings, Inc. Common Stock","2021-02-09 18:00:00-05:00",10.7,10.7,10.7,10.7,10.7,0
"AXL","American Axle & Manufacturing Holdings, Inc. Common Stock","2021-02-09 19:00:00-05:00",10.7,10.7,10.7,10.7,10.7,0
"AXL","American Axle & Manufacturing Holdings, Inc. Common Stock","2021-02-10 07:00:00-05:00",10.81,10.81,10.81,10.81,10.81,0
"AXL","American Axle & Manufacturing Holdings, Inc. Common Stock","2021-02-10 08:00:00-05:00",10.81,10.81,10.6,10.72,10.72,0
"AXL","American Axle & Manufacturing Holdings, Inc. Common Stock","2021-02-10 09:00:00-05:00",10.72,10.73,10.72,10.73,10.73,0
"AXL","American Axle & Manufacturing Holdings, Inc. Common Stock","2021-02-10 09:30:00-05:00",10.729999542236328,10.81999969482422,10.479999542236328,10.597399711608888,10.597399711608888,331644
"AXL","American Axle & Manufacturing Holdings, Inc. Common Stock","2021-02-10 10:30:00-05:00",10.68000030517578,10.732500076293944,10.460000038146973,10.609999656677246,10.609999656677246,371289
"AXL","American Axle & Manufacturing Holdings, Inc. Common Stock","2021-02-10 11:30:00-05:00",10.65999984741211,10.69499969482422,10.545000076293944,10.640000343322754,10.640000343322754,200033
"AXL","American Axle & Manufacturing Holdings, Inc. Common Stock","2021-02-10 12:30:00-05:00",10.579999923706056,10.770000457763672,10.550000190734863,10.619999885559082,10.619999885559082,225017
"AXL","American Axle & Manufacturing Holdings, Inc. Common Stock","2021-02-10 13:30:00-05:00",10.765000343322754,10.765000343322754,10.470000267028809,10.510000228881836,10.510000228881836,311671
"AXL","American Axle & Manufacturing Holdings, Inc. Common Stock","2021-02-10 14:30:00-05:00",10.529999732971191,10.649999618530272,10.470000267028809,10.470000267028809,10.470000267028809,419828
"AXL","American Axle & Manufacturing Holdings, Inc. Common Stock","2021-02-10 15:30:00-05:00",10.470000267028809,10.579999923706056,10.324999809265137,10.4399995803833,10.4399995803833,718792
"AXL","American Axle & Manufacturing Holdings, Inc. Common Stock","2021-02-10 16:00:00-05:00",10.43,10.72,10.43,10.72,10.72,0
"AXL","American Axle & Manufacturing Holdings, Inc. Common Stock","2021-02-10 17:00:00-05:00",10.42,10.42,10.42,10.42,10.42,0
"AXL","American Axle & Manufacturing Holdings, Inc. Common Stock","2021-02-10 19:00:00-05:00",10.72,10.73,10.72,10.73,10.73,0
"AXL","American Axle & Manufacturing Holdings, Inc. Common Stock","2021-02-11 08:00:00-05:00",10.85,10.85,10.43,10.43,10.43,0
"AXL","American Axle & Manufacturing Holdings, Inc. Common Stock","2021-02-11 09:00:00-05:00",10.85,10.85,10.43,10.84,10.84,0
"AXL","American Axle & Manufacturing Holdings, Inc. Common Stock","2021-02-11 09:30:00-05:00",10.520000457763672,10.84000015258789,10.420000076293944,10.5649995803833,10.5649995803833,277165
"AXL","American Axle & Manufacturing Holdings, Inc. Common Stock","2021-02-11 10:30:00-05:00",10.460000038146973,10.6899995803833,10.420000076293944,10.510000228881836,10.510000228881836,230901
"AXL","American Axle & Manufacturing Holdings, Inc. Common Stock","2021-02-11 11:30:00-05:00",10.65999984741211,10.65999984741211,10.199999809265137,10.25,10.25,290417
"AXL","American Axle & Manufacturing Holdings, Inc. Common Stock","2021-02-11 12:30:00-05:00",10.43000030517578,10.43000030517578,10.1899995803833,10.34000015258789,10.34000015258789,390056
"AXL","American Axle & Manufacturing Holdings, Inc. Common Stock","2021-02-11 13:30:00-05:00",10.30500030517578,10.40999984741211,10.279999732971191,10.40999984741211,10.40999984741211,203476
"AXL","American Axle & Manufacturing Holdings, Inc. Common Stock","2021-02-11 14:30:00-05:00",10.380000114440918,10.5600004196167,10.34000015258789,10.489999771118164,10.489999771118164,283332
"AXL","American Axle & Manufacturing Holdings, Inc. Common Stock","2021-02-11 15:30:00-05:00",10.489999771118164,10.609999656677246,10.449999809265137,10.56999969482422,10.56999969482422,803777
"AXL","American Axle & Manufacturing Holdings, Inc. Common Stock","2021-02-11 16:00:00-05:00",10.56,10.75,10.56,10.65,10.65,0
"AXL","American Axle & Manufacturing Holdings, Inc. Common Stock","2021-02-11 17:00:00-05:00",10.56,10.69,10.56,10.56,10.56,0
"AXL","American Axle & Manufacturing Holdings, Inc. Common Stock","2021-02-11 18:00:00-05:00",10.56,10.75,10.56,10.75,10.75,0
"AXL","American Axle & Manufacturing Holdings, Inc. Common Stock","2021-02-11 19:00:00-05:00",10.72,10.72,10.72,10.72,10.72,0
"AXL","American Axle & Manufacturing Holdings, Inc. Common Stock","2021-02-12 06:00:00-05:00",10.58,10.58,10.58,10.58,10.58,0
"AXL","American Axle & Manufacturing Holdings, Inc. Common Stock","2021-02-12 08:00:00-05:00",10.6,11.5,10.6,11.24,11.24,0
"AXL","American Axle & Manufacturing Holdings, Inc. Common Stock","2021-02-12 09:00:00-05:00",11.5,11.5,10.56,10.98,10.98,0
"AXL","American Axle & Manufacturing Holdings, Inc. Common Stock","2021-02-12 09:30:00-05:00",11.100000381469728,11.210000038146973,9.75,10.375,10.375,1604712
"AXL","American Axle & Manufacturing Holdings, Inc. Common Stock","2021-02-12 10:30:00-05:00",10.274999618530272,10.729999542236328,10.109999656677246,10.149999618530272,10.149999618530272,1320863
"AXL","American Axle & Manufacturing Holdings, Inc. Common Stock","2021-02-12 11:30:00-05:00",10.220000267028809,10.239999771118164,10.06999969482422,10.149999618530272,10.149999618530272,791781
"AXL","American Axle & Manufacturing Holdings, Inc. Common Stock","2021-02-12 12:30:00-05:00",10.14009952545166,10.15999984741211,9.779999732971191,9.824999809265137,9.824999809265137,665747
"AXL","American Axle & Manufacturing Holdings, Inc. Common Stock","2021-02-12 13:30:00-05:00",10.074999809265137,10.089500427246094,9.609999656677246,9.640000343322754,9.640000343322754,1089001
"AXL","American Axle & Manufacturing Holdings, Inc. Common Stock","2021-02-12 14:30:00-05:00",10.029999732971191,10.029999732971191,9.600000381469728,9.710000038146973,9.710000038146973,866927
"AXL","American Axle & Manufacturing Holdings, Inc. Common Stock","2021-02-12 15:30:00-05:00",9.725000381469728,9.890000343322754,9.670000076293944,9.81999969482422,9.81999969482422,958743
"AXL","American Axle & Manufacturing Holdings, Inc. Common Stock","2021-02-12 16:00:00-05:00",9.82,9.95,9.82,9.94,9.94,0
"AXL","American Axle & Manufacturing Holdings, Inc. Common Stock","2021-02-12 17:00:00-05:00",9.9,9.95,9.88,9.95,9.95,0
"AXL","American Axle & Manufacturing Holdings, Inc. Common Stock","2021-02-12 18:00:00-05:00",9.93,10.75,9.93,10.75,10.75,0
"AXL","American Axle & Manufacturing Holdings, Inc. Common Stock","2021-02-12 19:00:00-05:00",10.14,10.5,10.1,10.27,10.27,0
"AXL","American Axle & Manufacturing Holdings, Inc. Common Stock","2021-02-16 07:00:00-05:00",10.27,10.28,10.27,10.27,10.27,0
"AXL","American Axle & Manufacturing Holdings, Inc. Common Stock","2021-02-16 08:00:00-05:00",10.28,10.2999,9.82,9.82,9.82,0
"AXL","American Axle & Manufacturing Holdings, Inc. Common Stock","2021-02-16 09:00:00-05:00",10.25,10.25,9.82,10.1,10.1,0
"AXL","American Axle & Manufacturing Holdings, Inc. Common Stock","2021-02-16 09:30:00-05:00",10.25,10.25,9.470000267028809,9.510000228881836,9.510000228881836,1021254
"AXL","American Axle & Manufacturing Holdings, Inc. Common Stock","2021-02-16 10:30:00-05:00",9.5600004196167,9.68000030517578,9.3100004196167,9.510000228881836,9.510000228881836,1123079
"AXL","American Axle & Manufacturing Holdings, Inc. Common Stock","2021-02-16 11:30:00-05:00",9.505000114440918,9.760000228881836,9.31999969482422,9.720999717712402,9.720999717712402,696253
"AXL","American Axle & Manufacturing Holdings, Inc. Common Stock","2021-02-16 12:30:00-05:00",9.616000175476074,9.760000228881836,9.5600004196167,9.579999923706056,9.579999923706056,286742
"AXL","American Axle & Manufacturing Holdings, Inc. Common Stock","2021-02-16 13:30:00-05:00",9.68000030517578,9.6899995803833,9.550000190734863,9.574999809265137,9.574999809265137,277283
"AXL","American Axle & Manufacturing Holdings, Inc. Common Stock","2021-02-16 14:30:00-05:00",9.585000038146973,9.640000343322754,9.520000457763672,9.619999885559082,9.619999885559082,330475
"AXL","American Axle & Manufacturing Holdings, Inc. Common Stock","2021-02-16 15:30:00-05:00",9.625,9.770000457763672,9.520000457763672,9.760000228881836,9.760000228881836,961052
"AXL","American Axle & Manufacturing Holdings, Inc. Common Stock","2021-02-16 16:00:00-05:00",9.77,9.77,9.77,9.77,9.77,0
"AXL","American Axle & Manufacturing Holdings, Inc. Common Stock","2021-02-16 17:00:00-05:00",9.74,9.74,9.74,9.74,9.74,0
"AXL","American Axle & Manufacturing Holdings, Inc. Common Stock","2021-02-16 18:00:00-05:00",9.6,9.6,9.59,9.59,9.59,0
"AXL","American Axle & Manufacturing Holdings, Inc. Common Stock","2021-02-16 19:00:00-05:00",9.7,9.7,9.58,9.58,9.58,0
"AXL","American Axle & Manufacturing Holdings, Inc. Common Stock","2021-02-17 07:00:00-05:00",9.76,9.76,9.76,9.76,9.76,0
"AXL","American Axle & Manufacturing Holdings, Inc. Common Stock","2021-02-17 08:00:00-05:00",9.78,9.83,9.707,9.8,9.8,0
"AXL","American Axle & Manufacturing Holdings, Inc. Common Stock","2021-02-17 09:00:00-05:00",9.79,9.83,9.73,9.73,9.73,0
"AXL","American Axle & Manufacturing Holdings, Inc. Common Stock","2021-02-17 09:30:00-05:00",9.729999542236328,9.75,9.350000381469728,9.365699768066406,9.365699768066406,756776
"AXL","American Axle & Manufacturing Holdings, Inc. Common Stock","2021-02-17 10:30:00-05:00",9.43120002746582,9.5,9.260000228881836,9.289999961853027,9.289999961853027,474632
"AXL","American Axle & Manufacturing Holdings, Inc. Common Stock","2021-02-17 11:30:00-05:00",9.450200080871582,9.460000038146973,9.260000228881836,9.454999923706056,9.454999923706056,556968
"AXL","American Axle & Manufacturing Holdings, Inc. Common Stock","2021-02-17 12:30:00-05:00",9.300000190734863,9.470000267028809,9.279999732971191,9.380000114440918,9.380000114440918,296912
"AXL","American Axle & Manufacturing Holdings, Inc. Common Stock","2021-02-17 13:30:00-05:00",9.43000030517578,9.460000038146973,9.359999656677246,9.404999732971191,9.404999732971191,227703
"AXL","American Axle & Manufacturing Holdings, Inc. Common Stock","2021-02-17 14:30:00-05:00",9.43000030517578,9.449999809265137,9.3100004196167,9.369999885559082,9.369999885559082,330096
"AXL","American Axle & Manufacturing Holdings, Inc. Common Stock","2021-02-17 15:30:00-05:00",9.380000114440918,9.460000038146973,9.3100004196167,9.359999656677246,9.359999656677246,702389
"AXL","American Axle & Manufacturing Holdings, Inc. Common Stock","2021-02-17 16:00:00-05:00",9.36,9.395,9.35,9.36,9.36,0
"AXL","American Axle & Manufacturing Holdings, Inc. Common Stock","2021-02-17 17:00:00-05:00",9.44,9.45,9.44,9.45,9.45,0
"AXL","American Axle & Manufacturing Holdings, Inc. Common Stock","2021-02-17 18:00:00-05:00",9.45,9.55,9.45,9.54,9.54,0
"AXL","American Axle & Manufacturing Holdings, Inc. Common Stock","2021-02-17 19:00:00-05:00",9.54,9.65,9.47,9.47,9.47,0
"AXL","American Axle & Manufacturing Holdings, Inc. Common Stock","2021-02-18 07:00:00-05:00",9.36,9.38,9.36,9.38,9.38,0
"AXL","American Axle & Manufacturing Holdings, Inc. Common Stock","2021-02-18 08:00:00-05:00",9.4,9.43,9.33,9.4,9.4,0
"AXL","American Axle & Manufacturing Holdings, Inc. Common Stock","2021-02-18 09:00:00-05:00",9.4,9.4,9.4,9.4,9.4,0
"AXL","American Axle & Manufacturing Holdings, Inc. Common Stock","2021-02-18 09:30:00-05:00",9.399999618530272,9.40999984741211,9.100000381469728,9.1850004196167,9.1850004196167,516373
"AXL","American Axle & Manufacturing Holdings, Inc. Common Stock","2021-02-18 10:30:00-05:00",9.329999923706056,9.329999923706056,9.09000015258789,9.170000076293944,9.170000076293944,381739
"AXL","American Axle & Manufacturing Holdings, Inc. Common Stock","2021-02-18 11:30:00-05:00",9.140000343322754,9.18000030517578,8.979999542236328,9.06470012664795,9.06470012664795,367975
"AXL","American Axle & Manufacturing Holdings, Inc. Common Stock","2021-02-18 12:30:00-05:00",9.024999618530272,9.130000114440918,8.979999542236328,9.09749984741211,9.09749984741211,567187
"AXL","American Axle & Manufacturing Holdings, Inc. Common Stock","2021-02-18 13:30:00-05:00",9.085000038146973,9.170000076293944,9.030799865722656,9.079999923706056,9.079999923706056,297408
"AXL","American Axle & Manufacturing Holdings, Inc. Common Stock","2021-02-18 14:30:00-05:00",9.135000228881836,9.220000267028809,9.06999969482422,9.21500015258789,9.21500015258789,498396
"AXL","American Axle & Manufacturing Holdings, Inc. Common Stock","2021-02-18 15:30:00-05:00",9.210000038146973,9.220000267028809,9.029999732971191,9.039999961853027,9.039999961853027,745464
"AXL","American Axle & Manufacturing Holdings, Inc. Common Stock","2021-02-18 16:00:00-05:00",9.04,9.04,9.04,9.04,9.04,221968
"AXL","American Axle & Manufacturing Holdings, Inc. Common Stock","2021-02-18 18:00:00-05:00",9.05,9.05,9.03,9.03,9.03,0
"AXL","American Axle & Manufacturing Holdings, Inc. Common Stock","2021-02-18 19:00:00-05:00",9.1,9.1,9.02,9.02,9.02,0
"AXL","American Axle & Manufacturing Holdings, Inc. Common Stock","2021-02-19 07:00:00-05:00",9.08,9.12,9.08,9.12,9.12,0
"AXL","American Axle & Manufacturing Holdings, Inc. Common Stock","2021-02-19 08:00:00-05:00",9.12,9.1699,9.04,9.1699,9.1699,0
"AXL","American Axle & Manufacturing Holdings, Inc. Common Stock","2021-02-19 09:00:00-05:00",9.18,9.18,9.17,9.17,9.17,0
"AXL","American Axle & Manufacturing Holdings, Inc. Common Stock","2021-02-19 09:30:00-05:00",9.18000030517578,9.550000190734863,9.170000076293944,9.470000267028809,9.470000267028809,697735
"AXL","American Axle & Manufacturing Holdings, Inc. Common Stock","2021-02-19 10:30:00-05:00",9.406399726867676,9.550000190734863,9.31999969482422,9.420000076293944,9.420000076293944,462667
"AXL","American Axle & Manufacturing Holdings, Inc. Common Stock","2021-02-19 11:30:00-05:00",9.390000343322754,9.529999732971191,9.380000114440918,9.40999984741211,9.40999984741211,347135
"AXL","American Axle & Manufacturing Holdings, Inc. Common Stock","2021-02-19 12:30:00-05:00",9.43000030517578,9.487500190734863,9.274999618530272,9.295000076293944,9.295000076293944,425269
"AXL","American Axle & Manufacturing Holdings, Inc. Common Stock","2021-02-19 13:30:00-05:00",9.34000015258789,9.350000381469728,9.204999923706056,9.204999923706056,9.204999923706056,439881
"AXL","American Axle & Manufacturing Holdings, Inc. Common Stock","2021-02-19 14:30:00-05:00",9.34000015258789,9.345000267028809,9.199999809265137,9.295000076293944,9.295000076293944,411421
"AXL","American Axle & Manufacturing Holdings, Inc. Common Stock","2021-02-19 15:30:00-05:00",9.295000076293944,9.354999542236328,9.279999732971191,9.3100004196167,9.3100004196167,587328
"AXL","American Axle & Manufacturing Holdings, Inc. Common Stock","2021-02-19 16:00:00-05:00",9.32,9.32,9.3,9.32,9.32,0
"AXL","American Axle & Manufacturing Holdings, Inc. Common Stock","2021-02-19 17:00:00-05:00",9.316,9.32,9.31,9.32,9.32,0
"AXL","American Axle & Manufacturing Holdings, Inc. Common Stock","2021-02-19 19:00:00-05:00",9.32,9.32,9.12,9.12,9.12,0
"AXL","American Axle & Manufacturing Holdings, Inc. Common Stock","2021-02-22 06:00:00-05:00",9.28,9.28,9.28,9.28,9.28,0
"AXL","American Axle & Manufacturing Holdings, Inc. Common Stock","2021-02-22 07:00:00-05:00",9.28,9.28,9.28,9.28,9.28,0
"AXL","American Axle & Manufacturing Holdings, Inc. Common Stock","2021-02-22 08:00:00-05:00",9.32,9.33,9.23,9.32,9.32,0
"AXL","American Axle & Manufacturing Holdings, Inc. Common Stock","2021-02-22 09:00:00-05:00",9.3,9.32,9.3,9.31,9.31,0
"AXL","American Axle & Manufacturing Holdings, Inc. Common Stock","2021-02-22 09:30:00-05:00",9.3100004196167,9.479999542236328,9.25,9.419899940490724,9.419899940490724,489912
"AXL","American Axle & Manufacturing Holdings, Inc. Common Stock","2021-02-22 10:30:00-05:00",9.404999732971191,9.479999542236328,9.239999771118164,9.300000190734863,9.300000190734863,651512
"AXL","American Axle & Manufacturing Holdings, Inc. Common Stock","2021-02-22 11:30:00-05:00",9.329999923706056,9.350000381469728,9.239999771118164,9.34000015258789,9.34000015258789,850990
"AXL","American Axle & Manufacturing Holdings, Inc. Common Stock","2021-02-22 12:30:00-05:00",9.300000190734863,9.399999618530272,9.279999732971191,9.399999618530272,9.399999618530272,349565
"AXL","American Axle & Manufacturing Holdings, Inc. Common Stock","2021-02-22 13:30:00-05:00",9.300000190734863,9.59000015258789,9.279999732971191,9.59000015258789,9.59000015258789,366452
"AXL","American Axle & Manufacturing Holdings, Inc. Common Stock","2021-02-22 14:30:00-05:00",9.530099868774414,9.640000343322754,9.43000030517578,9.4350004196167,9.4350004196167,520021
"AXL","American Axle & Manufacturing Holdings, Inc. Common Stock","2021-02-22 15:30:00-05:00",9.43000030517578,9.600000381469728,9.335000038146973,9.399999618530272,9.399999618530272,960810
"AXL","American Axle & Manufacturing Holdings, Inc. Common Stock","2021-02-22 16:00:00-05:00",9.4,9.4,9.3,9.4,9.4,0
"AXL","American Axle & Manufacturing Holdings, Inc. Common Stock","2021-02-22 17:00:00-05:00",9.4,9.4,9.4,9.4,9.4,0
"AXL","American Axle & Manufacturing Holdings, Inc. Common Stock","2021-02-22 18:00:00-05:00",9.25,9.3,9.25,9.27,9.27,0
"AXL","American Axle & Manufacturing Holdings, Inc. Common Stock","2021-02-22 19:00:00-05:00",9.39,9.39,9.39,9.39,9.39,0
"AXL","American Axle & Manufacturing Holdings, Inc. Common Stock","2021-02-23 05:00:00-05:00",9.37,9.37,9.32,9.32,9.32,0
"AXL","American Axle & Manufacturing Holdings, Inc. Common Stock","2021-02-23 07:00:00-05:00",9.3,9.3,9.27,9.27,9.27,0
"AXL","American Axle & Manufacturing Holdings, Inc. Common Stock","2021-02-23 08:00:00-05:00",9.31,9.4,9.1701,9.1701,9.1701,0
"AXL","American Axle & Manufacturing Holdings, Inc. Common Stock","2021-02-23 09:00:00-05:00",9.27,9.3,9.1701,9.21,9.21,0
"AXL","American Axle & Manufacturing Holdings, Inc. Common Stock","2021-02-23 09:30:00-05:00",9.300000190734863,9.300000190734863,8.890000343322754,9.210000038146973,9.210000038146973,838576
"AXL","American Axle & Manufacturing Holdings, Inc. Common Stock","2021-02-23 10:30:00-05:00",9.029999732971191,9.369999885559082,9.010000228881836,9.199999809265137,9.199999809265137,465396
"AXL","American Axle & Manufacturing Holdings, Inc. Common Stock","2021-02-23 11:30:00-05:00",9.260000228881836,9.300000190734863,9.119999885559082,9.239999771118164,9.239999771118164,230902
"AXL","American Axle & Manufacturing Holdings, Inc. Common Stock","2021-02-23 12:30:00-05:00",9.140000343322754,9.345000267028809,9.119999885559082,9.321800231933594,9.321800231933594,584011
"AXL","American Axle & Manufacturing Holdings, Inc. Common Stock","2021-02-23 13:30:00-05:00",9.260000228881836,9.460000038146973,9.25,9.460000038146973,9.460000038146973,242745
"AXL","American Axle & Manufacturing Holdings, Inc. Common Stock","2021-02-23 14:30:00-05:00",9.40999984741211,9.53499984741211,9.385000228881836,9.479999542236328,9.479999542236328,255539
"AXL","American Axle & Manufacturing Holdings, Inc. Common Stock","2021-02-23 15:30:00-05:00",9.479999542236328,9.53499984741211,9.354999542236328,9.420000076293944,9.420000076293944,604527
"AXL","American Axle & Manufacturing Holdings, Inc. Common Stock","2021-02-23 16:00:00-05:00",9.42,9.47,9.3,9.47,9.47,0
"AXL","American Axle & Manufacturing Holdings, Inc. Common Stock","2021-02-23 17:00:00-05:00",9.21,9.42,9.16,9.17,9.17,0
"AXL","American Axle & Manufacturing Holdings, Inc. Common Stock","2021-02-23 18:00:00-05:00",9.17,9.19,9.17,9.19,9.19,0
"AXL","American Axle & Manufacturing Holdings, Inc. Common Stock","2021-02-23 19:00:00-05:00",9.19,9.2,9.19,9.2,9.2,0
"AXL","American Axle & Manufacturing Holdings, Inc. Common Stock","2021-02-24 07:00:00-05:00",9.42,9.42,9.42,9.42,9.42,0
"AXL","American Axle & Manufacturing Holdings, Inc. Common Stock","2021-02-24 08:00:00-05:00",9.42,9.46,9.28,9.28,9.28,0
"AXL","American Axle & Manufacturing Holdings, Inc. Common Stock","2021-02-24 09:30:00-05:00",9.520000457763672,9.645000457763672,9.399999618530272,9.449999809265137,9.449999809265137,464444
"AXL","American Axle & Manufacturing Holdings, Inc. Common Stock","2021-02-24 10:30:00-05:00",9.515000343322754,9.585000038146973,9.399999618530272,9.5649995803833,9.5649995803833,312948
"AXL","American Axle & Manufacturing Holdings, Inc. Common Stock","2021-02-24 11:30:00-05:00",9.520000457763672,9.720000267028809,9.520000457763672,9.683300018310549,9.683300018310549,478326
"AXL","American Axle & Manufacturing Holdings, Inc. Common Stock","2021-02-24 12:30:00-05:00",9.6899995803833,9.720000267028809,9.55500030517578,9.630000114440918,9.630000114440918,315956
"AXL","American Axle & Manufacturing Holdings, Inc. Common Stock","2021-02-24 13:30:00-05:00",9.609999656677246,9.649999618530272,9.5600004196167,9.614999771118164,9.614999771118164,229666
"AXL","American Axle & Manufacturing Holdings, Inc. Common Stock","2021-02-24 14:30:00-05:00",9.604999542236328,9.760000228881836,9.579999923706056,9.699999809265137,9.699999809265137,294069
"AXL","American Axle & Manufacturing Holdings, Inc. Common Stock","2021-02-24 15:30:00-05:00",9.704999923706056,9.760000228881836,9.595000267028809,9.699999809265137,9.699999809265137,634973
"AXL","American Axle & Manufacturing Holdings, Inc. Common Stock","2021-02-24 16:00:00-05:00",9.71,9.72,9.71,9.72,9.72,0
"AXL","American Axle & Manufacturing Holdings, Inc. Common Stock","2021-02-24 17:00:00-05:00",9.58,9.6,9.58,9.6,9.6,0
"AXL","American Axle & Manufacturing Holdings, Inc. Common Stock","2021-02-25 07:00:00-05:00",9.71,9.76,9.71,9.71,9.71,0
"AXL","American Axle & Manufacturing Holdings, Inc. Common Stock","2021-02-25 09:30:00-05:00",9.829999923706056,10.039999961853027,9.82900047302246,9.9399995803833,9.9399995803833,563109
"AXL","American Axle & Manufacturing Holdings, Inc. Common Stock","2021-02-25 10:30:00-05:00",9.949999809265137,10.039999961853027,9.789999961853027,9.938199996948242,9.938199996948242,636961
"AXL","American Axle & Manufacturing Holdings, Inc. Common Stock","2021-02-25 11:30:00-05:00",9.949999809265137,9.979999542236328,9.779999732971191,9.779999732971191,9.779999732971191,315379
"AXL","American Axle & Manufacturing Holdings, Inc. Common Stock","2021-02-25 12:30:00-05:00",9.8100004196167,9.914999961853027,9.600000381469728,9.890000343322754,9.890000343322754,445391
"AXL","American Axle & Manufacturing Holdings, Inc. Common Stock","2021-02-25 13:30:00-05:00",9.65999984741211,10.069000244140623,9.600000381469728,10.050000190734863,10.050000190734863,532308
"AXL","American Axle & Manufacturing Holdings, Inc. Common Stock","2021-02-25 14:30:00-05:00",9.94499969482422,10.130000114440918,9.920000076293944,9.979999542236328,9.979999542236328,681889
"AXL","American Axle & Manufacturing Holdings, Inc. Common Stock","2021-02-25 15:30:00-05:00",9.975000381469728,10.130000114440918,9.899999618530272,9.90999984741211,9.90999984741211,1025115
"AXL","American Axle & Manufacturing Holdings, Inc. Common Stock","2021-02-25 16:00:00-05:00",9.91,10.0,9.9,9.9,9.9,0
"AXL","American Axle & Manufacturing Holdings, Inc. Common Stock","2021-02-25 18:00:00-05:00",9.63,9.77,9.63,9.77,9.77,0
"AXL","American Axle & Manufacturing Holdings, Inc. Common Stock","2021-02-26 07:00:00-05:00",9.8,9.8,9.8,9.8,9.8,0
"AXL","American Axle & Manufacturing Holdings, Inc. Common Stock","2021-02-26 08:00:00-05:00",9.78,9.91,9.78,9.91,9.91,0
"AXL","American Axle & Manufacturing Holdings, Inc. Common Stock","2021-02-26 09:00:00-05:00",9.89,9.91,9.89,9.91,9.91,0
"AXL","American Axle & Manufacturing Holdings, Inc. Common Stock","2021-02-26 09:30:00-05:00",9.90999984741211,10.010000228881836,9.470000267028809,9.470000267028809,9.470000267028809,536383
"AXL","American Axle & Manufacturing Holdings, Inc. Common Stock","2021-02-26 10:30:00-05:00",9.8100004196167,9.8100004196167,9.470000267028809,9.65999984741211,9.65999984741211,746401
"AXL","American Axle & Manufacturing Holdings, Inc. Common Stock","2021-02-26 11:30:00-05:00",9.520000457763672,9.789999961853027,9.5,9.770000457763672,9.770000457763672,452285
"AXL","American Axle & Manufacturing Holdings, Inc. Common Stock","2021-02-26 12:30:00-05:00",9.670000076293944,9.90999984741211,9.640000343322754,9.899999618530272,9.899999618530272,226978
"AXL","American Axle & Manufacturing Holdings, Inc. Common Stock","2021-02-26 13:30:00-05:00",9.787500381469728,9.90999984741211,9.6899995803833,9.720000267028809,9.720000267028809,223428
"AXL","American Axle & Manufacturing Holdings, Inc. Common Stock","2021-02-26 14:30:00-05:00",9.81999969482422,9.899999618530272,9.6899995803833,9.850000381469728,9.850000381469728,169826
"AXL","American Axle & Manufacturing Holdings, Inc. Common Stock","2021-02-26 15:30:00-05:00",9.859999656677246,9.93000030517578,9.760000228881836,9.770000457763672,9.770000457763672,481799
"AXL","American Axle & Manufacturing Holdings, Inc. Common Stock","2021-02-26 16:00:00-05:00",9.77,9.77,9.768779,9.77,9.77,0
"AXL","American Axle & Manufacturing Holdings, Inc. Common Stock","2021-02-26 17:00:00-05:00",9.8,9.8,9.8,9.8,9.8,0
"AXL","American Axle & Manufacturing Holdings, Inc. Common Stock","2021-02-26 18:00:00-05:00",9.65,9.8,9.65,9.65,9.65,0
"AXL","American Axle & Manufacturing Holdings, Inc. Common Stock","2021-02-26 19:00:00-05:00",9.8,9.8,9.8,9.8,9.8,0
"AXL","American Axle & Manufacturing Holdings, Inc. Common Stock","2021-03-01 04:00:00-05:00",9.84,9.84,9.84,9.84,9.84,0
"AXL","American Axle & Manufacturing Holdings, Inc. Common Stock","2021-03-01 05:00:00-05:00",10.0,10.11,9.85,9.85,9.85,0
"AXL","American Axle & Manufacturing Holdings, Inc. Common Stock","2021-03-01 07:00:00-05:00",9.92,9.92,9.92,9.92,9.92,0
"AXL","American Axle & Manufacturing Holdings, Inc. Common Stock","2021-03-01 08:00:00-05:00",9.92,9.92,9.77,9.77,9.77,0
"AXL","American Axle & Manufacturing Holdings, Inc. Common Stock","2021-03-01 09:30:00-05:00",9.960000038146973,9.969900131225586,9.765000343322754,9.859999656677246,9.859999656677246,519971
"AXL","American Axle & Manufacturing Holdings, Inc. Common Stock","2021-03-01 10:30:00-05:00",9.840100288391112,10.210000038146973,9.81999969482422,10.210000038146973,10.210000038146973,548845
"AXL","American Axle & Manufacturing Holdings, Inc. Common Stock","2021-03-01 11:30:00-05:00",10.074999809265137,10.295000076293944,10.029999732971191,10.270000457763672,10.270000457763672,516091
"AXL","American Axle & Manufacturing Holdings, Inc. Common Stock","2021-03-01 12:30:00-05:00",10.229999542236328,10.3149995803833,10.1899995803833,10.229900360107422,10.229900360107422,415768
"AXL","American Axle & Manufacturing Holdings, Inc. Common Stock","2021-03-01 13:30:00-05:00",10.260000228881836,10.375,10.1899995803833,10.329999923706056,10.329999923706056,387596
"AXL","American Axle & Manufacturing Holdings, Inc. Common Stock","2021-03-01 14:30:00-05:00",10.265000343322754,10.40999984741211,10.265000343322754,10.359999656677246,10.359999656677246,431696
"AXL","American Axle & Manufacturing Holdings, Inc. Common Stock","2021-03-01 15:30:00-05:00",10.359999656677246,10.40999984741211,10.31999969482422,10.359999656677246,10.359999656677246,692487
"AXL","American Axle & Manufacturing Holdings, Inc. Common Stock","2021-03-01 16:00:00-05:00",10.37,10.37,10.20143,10.37,10.37,0
"AXL","American Axle & Manufacturing Holdings, Inc. Common Stock","2021-03-01 17:00:00-05:00",10.35,10.37,10.35,10.37,10.37,0
"AXL","American Axle & Manufacturing Holdings, Inc. Common Stock","2021-03-01 18:00:00-05:00",10.21,10.21,10.21,10.21,10.21,0
"AXL","American Axle & Manufacturing Holdings, Inc. Common Stock","2021-03-01 19:00:00-05:00",10.21,10.21,10.21,10.21,10.21,0
"AXL","American Axle & Manufacturing Holdings, Inc. Common Stock","2021-03-02 07:00:00-05:00",10.37,10.38,10.37,10.38,10.38,0
"AXL","American Axle & Manufacturing Holdings, Inc. Common Stock","2021-03-02 08:00:00-05:00",10.37,10.37,10.37,10.37,10.37,0
"AXL","American Axle & Manufacturing Holdings, Inc. Common Stock","2021-03-02 09:00:00-05:00",10.22,10.35,10.22,10.3,10.3,0
"AXL","American Axle & Manufacturing Holdings, Inc. Common Stock","2021-03-02 09:30:00-05:00",10.220000267028809,10.550000190734863,10.220000267028809,10.401800155639648,10.401800155639648,677334
"AXL","American Axle & Manufacturing Holdings, Inc. Common Stock","2021-03-02 10:30:00-05:00",10.489999771118164,10.619999885559082,10.399999618530272,10.55500030517578,10.55500030517578,444015
"AXL","American Axle & Manufacturing Holdings, Inc. Common Stock","2021-03-02 11:30:00-05:00",10.5600004196167,10.619999885559082,10.449999809265137,10.524999618530272,10.524999618530272,352321
"AXL","American Axle & Manufacturing Holdings, Inc. Common Stock","2021-03-02 12:30:00-05:00",10.510000228881836,10.68000030517578,10.494999885559082,10.670000076293944,10.670000076293944,389961
"AXL","American Axle & Manufacturing Holdings, Inc. Common Stock","2021-03-02 13:30:00-05:00",10.625,10.699999809265137,10.600000381469728,10.640000343322754,10.640000343322754,411623
"AXL","American Axle & Manufacturing Holdings, Inc. Common Stock","2021-03-02 14:30:00-05:00",10.630000114440918,10.699999809265137,10.600000381469728,10.648799896240234,10.648799896240234,366858
"AXL","American Axle & Manufacturing Holdings, Inc. Common Stock","2021-03-02 15:30:00-05:00",10.645000457763672,10.699999809265137,10.489999771118164,10.489999771118164,10.489999771118164,745322
"AXL","American Axle & Manufacturing Holdings, Inc. Common Stock","2021-03-02 16:00:00-05:00",10.49,10.5,10.49,10.5,10.5,0
"AXL","American Axle & Manufacturing Holdings, Inc. Common Stock","2021-03-02 18:00:00-05:00",10.55,10.65,10.55,10.65,10.65,0
"AXL","American Axle & Manufacturing Holdings, Inc. Common Stock","2021-03-03 07:00:00-05:00",10.5,10.5,10.5,10.5,10.5,0
"AXL","American Axle & Manufacturing Holdings, Inc. Common Stock","2021-03-03 08:00:00-05:00",10.49,10.49,10.49,10.49,10.49,0
"AXL","American Axle & Manufacturing Holdings, Inc. Common Stock","2021-03-03 09:00:00-05:00",10.49,10.49,10.49,10.49,10.49,0
"AXL","American Axle & Manufacturing Holdings, Inc. Common Stock","2021-03-03 09:30:00-05:00",10.489999771118164,10.895000457763672,10.489999771118164,10.710000038146973,10.710000038146973,370450
"AXL","American Axle & Manufacturing Holdings, Inc. Common Stock","2021-03-03 10:30:00-05:00",10.76389980316162,10.770000457763672,10.630000114440918,10.729999542236328,10.729999542236328,328225
"AXL","American Axle & Manufacturing Holdings, Inc. Common Stock","2021-03-03 11:30:00-05:00",10.68000030517578,10.760000228881836,10.670000076293944,10.6899995803833,10.6899995803833,211269
"AXL","American Axle & Manufacturing Holdings, Inc. Common Stock","2021-03-03 12:30:00-05:00",10.704999923706056,10.949999809265137,10.68000030517578,10.895000457763672,10.895000457763672,220518
"AXL","American Axle & Manufacturing Holdings, Inc. Common Stock","2021-03-03 13:30:00-05:00",10.850000381469728,10.949999809265137,10.6899995803833,10.6899995803833,10.6899995803833,245112
"AXL","American Axle & Manufacturing Holdings, Inc. Common Stock","2021-03-03 14:30:00-05:00",10.789999961853027,10.789999961853027,10.620100021362305,10.664999961853027,10.664999961853027,235228
"AXL","American Axle & Manufacturing Holdings, Inc. Common Stock","2021-03-03 15:30:00-05:00",10.65999984741211,10.770000457763672,10.609999656677246,10.609999656677246,10.609999656677246,422704
"AXL","American Axle & Manufacturing Holdings, Inc. Common Stock","2021-03-03 16:00:00-05:00",10.61,10.61,10.5,10.61,10.61,0
"AXL","American Axle & Manufacturing Holdings, Inc. Common Stock","2021-03-03 19:00:00-05:00",10.6,10.61,10.6,10.61,10.61,0
"AXL","American Axle & Manufacturing Holdings, Inc. Common Stock","2021-03-04 05:00:00-05:00",10.54,10.54,10.25,10.25,10.25,0
"AXL","American Axle & Manufacturing Holdings, Inc. Common Stock","2021-03-04 07:00:00-05:00",9.81,10.5,9.81,10.5,10.5,0
"AXL","American Axle & Manufacturing Holdings, Inc. Common Stock","2021-03-04 08:00:00-05:00",10.61,10.61,10.43,10.5,10.5,0
"AXL","American Axle & Manufacturing Holdings, Inc. Common Stock","2021-03-04 09:00:00-05:00",10.4952,10.5,10.43,10.43,10.43,0
"AXL","American Axle & Manufacturing Holdings, Inc. Common Stock","2021-03-04 09:30:00-05:00",10.43000030517578,10.649999618530272,10.15999984741211,10.239999771118164,10.239999771118164,457046
"AXL","American Axle & Manufacturing Holdings, Inc. Common Stock","2021-03-04 10:30:00-05:00",10.390000343322754,10.40999984741211,10.119999885559082,10.210000038146973,10.210000038146973,487322
"AXL","American Axle & Manufacturing Holdings, Inc. Common Stock","2021-03-04 11:30:00-05:00",10.239999771118164,10.300000190734863,9.903800010681152,9.949999809265137,9.949999809265137,588151
"AXL","American Axle & Manufacturing Holdings, Inc. Common Stock","2021-03-04 12:30:00-05:00",10.119999885559082,10.199999809265137,9.613100051879885,9.710000038146973,9.710000038146973,1051467
"AXL","American Axle & Manufacturing Holdings, Inc. Common Stock","2021-03-04 13:30:00-05:00",9.84000015258789,9.861900329589844,9.501299858093262,9.604999542236328,9.604999542236328,792532
"AXL","American Axle & Manufacturing Holdings, Inc. Common Stock","2021-03-04 14:30:00-05:00",9.520000457763672,9.760000228881836,9.501299858093262,9.729999542236328,9.729999542236328,595763
"AXL","American Axle & Manufacturing Holdings, Inc. Common Stock","2021-03-04 15:30:00-05:00",9.725000381469728,9.81999969482422,9.630000114440918,9.779999732971191,9.779999732971191,792701
"AXL","American Axle & Manufacturing Holdings, Inc. Common Stock","2021-03-04 16:00:00-05:00",9.78,9.78,9.6977,9.735313,9.735313,0
"AXL","American Axle & Manufacturing Holdings, Inc. Common Stock","2021-03-04 18:00:00-05:00",9.6,9.61,9.6,9.61,9.61,0
"AXL","American Axle & Manufacturing Holdings, Inc. Common Stock","2021-03-04 19:00:00-05:00",9.6,9.6,9.6,9.6,9.6,0
"AXL","American Axle & Manufacturing Holdings, Inc. Common Stock","2021-03-05 07:00:00-05:00",9.84,9.84,9.65,9.78,9.78,0
"AXL","American Axle & Manufacturing Holdings, Inc. Common Stock","2021-03-05 08:00:00-05:00",9.78,9.78,9.7,9.71,9.71,0
"AXL","American Axle & Manufacturing Holdings, Inc. Common Stock","2021-03-05 09:30:00-05:00",9.869999885559082,10.039999961853027,9.75,9.75,9.75,489138
"AXL","American Axle & Manufacturing Holdings, Inc. Common Stock","2021-03-05 10:30:00-05:00",9.920000076293944,10.0,9.354999542236328,9.40999984741211,9.40999984741211,435421
"AXL","American Axle & Manufacturing Holdings, Inc. Common Stock","2021-03-05 11:30:00-05:00",9.720000267028809,9.890000343322754,9.354999542236328,9.850000381469728,9.850000381469728,473720
"AXL","American Axle & Manufacturing Holdings, Inc. Common Stock","2021-03-05 12:30:00-05:00",9.649999618530272,10.0600004196167,9.595000267028809,10.041899681091309,10.041899681091309,413814
"AXL","American Axle & Manufacturing Holdings, Inc. Common Stock","2021-03-05 13:30:00-05:00",9.979999542236328,10.119000434875488,9.899999618530272,10.103599548339844,10.103599548339844,324764
"AXL","American Axle & Manufacturing Holdings, Inc. Common Stock","2021-03-05 14:30:00-05:00",10.079999923706056,10.25,10.0,10.1899995803833,10.1899995803833,419680
"AXL","American Axle & Manufacturing Holdings, Inc. Common Stock","2021-03-05 15:30:00-05:00",10.1899995803833,10.279999732971191,10.15999984741211,10.260000228881836,10.260000228881836,804195
"AXL","American Axle & Manufacturing Holdings, Inc. Common Stock","2021-03-05 16:00:00-05:00",10.27,10.27,10.1,10.27,10.27,0
"AXL","American Axle & Manufacturing Holdings, Inc. Common Stock","2021-03-05 17:00:00-05:00",10.27,10.27,10.26,10.26,10.26,0
"AXL","American Axle & Manufacturing Holdings, Inc. Common Stock","2021-03-05 18:00:00-05:00",10.38,10.38,10.38,10.38,10.38,0
"AXL","American Axle & Manufacturing Holdings, Inc. Common Stock","2021-03-08 08:00:00-05:00",10.27,10.27,10.23,10.24,10.24,0
"AXL","American Axle & Manufacturing Holdings, Inc. Common Stock","2021-03-08 09:00:00-05:00",10.24,10.27,10.24,10.27,10.27,0
"AXL","American Axle & Manufacturing Holdings, Inc. Common Stock","2021-03-08 09:30:00-05:00",10.270000457763672,10.649999618530272,10.270000457763672,10.630000114440918,10.630000114440918,582048
"AXL","American Axle & Manufacturing Holdings, Inc. Common Stock","2021-03-08 10:30:00-05:00",10.420000076293944,11.050000190734863,10.369999885559082,11.020000457763672,11.020000457763672,898598
"AXL","American Axle & Manufacturing Holdings, Inc. Common Stock","2021-03-08 11:30:00-05:00",10.829999923706056,11.160900115966797,10.829999923706056,11.154999732971191,11.154999732971191,910075
"AXL","American Axle & Manufacturing Holdings, Inc. Common Stock","2021-03-08 12:30:00-05:00",11.06999969482422,11.270000457763672,11.020000457763672,11.229999542236328,11.229999542236328,949176
"AXL","American Axle & Manufacturing Holdings, Inc. Common Stock","2021-03-08 13:30:00-05:00",11.13010025024414,11.420000076293944,11.079999923706056,11.399999618530272,11.399999618530272,1046704
"AXL","American Axle & Manufacturing Holdings, Inc. Common Stock","2021-03-08 14:30:00-05:00",11.220000267028809,11.420000076293944,11.140000343322754,11.23330020904541,11.23330020904541,759288
"AXL","American Axle & Manufacturing Holdings, Inc. Common Stock","2021-03-08 15:30:00-05:00",11.239999771118164,11.335000038146973,11.140000343322754,11.289999961853027,11.289999961853027,770533
"AXL","American Axle & Manufacturing Holdings, Inc. Common Stock","2021-03-08 16:00:00-05:00",11.28,11.46,11.165,11.4,11.4,0
"AXL","American Axle & Manufacturing Holdings, Inc. Common Stock","2021-03-08 17:00:00-05:00",11.22,11.48,11.22,11.28,11.28,0
"AXL","American Axle & Manufacturing Holdings, Inc. Common Stock","2021-03-09 07:00:00-05:00",11.28,11.35,11.28,11.33,11.33,0
"AXL","American Axle & Manufacturing Holdings, Inc. Common Stock","2021-03-09 08:00:00-05:00",11.34,11.5,11.28,11.5,11.5,0
"AXL","American Axle & Manufacturing Holdings, Inc. Common Stock","2021-03-09 09:00:00-05:00",11.4998,11.5,11.32,11.32,11.32,0
"AXL","American Axle & Manufacturing Holdings, Inc. Common Stock","2021-03-09 09:30:00-05:00",11.5,11.59000015258789,11.279999732971191,11.350000381469728,11.350000381469728,657137
"AXL","American Axle & Manufacturing Holdings, Inc. Common Stock","2021-03-09 10:30:00-05:00",11.520000457763672,11.65999984741211,11.31999969482422,11.59280014038086,11.59280014038086,479522
"AXL","American Axle & Manufacturing Holdings, Inc. Common Stock","2021-03-09 11:30:00-05:00",11.579999923706056,11.65999984741211,11.520000457763672,11.619999885559082,11.619999885559082,304650
"AXL","American Axle & Manufacturing Holdings, Inc. Common Stock","2021-03-09 12:30:00-05:00",11.59000015258789,11.670000076293944,11.420000076293944,11.460000038146973,11.460000038146973,279020
"AXL","American Axle & Manufacturing Holdings, Inc. Common Stock","2021-03-09 13:30:00-05:00",11.489999771118164,11.600000381469728,11.420000076293944,11.454999923706056,11.454999923706056,228013
"AXL","American Axle & Manufacturing Holdings, Inc. Common Stock","2021-03-09 14:30:00-05:00",11.56999969482422,11.574999809265137,11.399999618530272,11.489999771118164,11.489999771118164,285233
"AXL","American Axle & Manufacturing Holdings, Inc. Common Stock","2021-03-09 15:30:00-05:00",11.484999656677246,11.529999732971191,11.390000343322754,11.420000076293944,11.420000076293944,478797
"AXL","American Axle & Manufacturing Holdings, Inc. Common Stock","2021-03-09 16:00:00-05:00",11.42,11.42,11.42,11.42,11.42,0
"AXL","American Axle & Manufacturing Holdings, Inc. Common Stock","2021-03-10 08:00:00-05:00",11.36,11.36,11.36,11.36,11.36,0
"AXL","American Axle & Manufacturing Holdings, Inc. Common Stock","2021-03-10 09:30:00-05:00",11.579999923706056,11.800000190734863,11.539999961853027,11.59000015258789,11.59000015258789,382212
"AXL","American Axle & Manufacturing Holdings, Inc. Common Stock","2021-03-10 10:30:00-05:00",11.670000076293944,11.850000381469728,11.562899589538574,11.6899995803833,11.6899995803833,503069
"AXL","American Axle & Manufacturing Holdings, Inc. Common Stock","2021-03-10 11:30:00-05:00",11.699999809265137,11.850000381469728,11.479999542236328,11.510000228881836,11.510000228881836,453945
"AXL","American Axle & Manufacturing Holdings, Inc. Common Stock","2021-03-10 12:30:00-05:00",11.56999969482422,11.604999542236328,11.420000076293944,11.479999542236328,11.479999542236328,254663
"AXL","American Axle & Manufacturing Holdings, Inc. Common Stock","2021-03-10 13:30:00-05:00",11.510000228881836,11.529999732971191,11.380000114440918,11.48989963531494,11.48989963531494,218681
"AXL","American Axle & Manufacturing Holdings, Inc. Common Stock","2021-03-10 14:30:00-05:00",11.44499969482422,11.59000015258789,11.43000030517578,11.479999542236328,11.479999542236328,172406
"AXL","American Axle & Manufacturing Holdings, Inc. Common Stock","2021-03-10 15:30:00-05:00",11.479999542236328,11.579999923706056,11.46500015258789,11.539999961853027,11.539999961853027,387396
"AXL","American Axle & Manufacturing Holdings, Inc. Common Stock","2021-03-10 16:00:00-05:00",11.54,11.54,11.53,11.53,11.53,0
"AXL","American Axle & Manufacturing Holdings, Inc. Common Stock","2021-03-10 17:00:00-05:00",11.53,11.55,11.53,11.53,11.53,0
"AXL","American Axle & Manufacturing Holdings, Inc. Common Stock","2021-03-10 19:00:00-05:00",11.41,11.41,11.41,11.41,11.41,0
"AXL","American Axle & Manufacturing Holdings, Inc. Common Stock","2021-03-11 07:00:00-05:00",11.53,11.58,11.53,11.53,11.53,0
"AXL","American Axle & Manufacturing Holdings, Inc. Common Stock","2021-03-11 08:00:00-05:00",11.3901,11.53,11.3901,11.53,11.53,0
"AXL","American Axle & Manufacturing Holdings, Inc. Common Stock","2021-03-11 09:30:00-05:00",11.720000267028809,11.81309986114502,11.640000343322754,11.739999771118164,11.739999771118164,221744
"AXL","American Axle & Manufacturing Holdings, Inc. Common Stock","2021-03-11 10:30:00-05:00",11.75,11.869999885559082,11.65999984741211,11.84000015258789,11.84000015258789,223892
"AXL","American Axle & Manufacturing Holdings, Inc. Common Stock","2021-03-11 11:30:00-05:00",11.760000228881836,11.869999885559082,11.760000228881836,11.829999923706056,11.829999923706056,384668
"AXL","American Axle & Manufacturing Holdings, Inc. Common Stock","2021-03-11 12:30:00-05:00",11.829999923706056,11.960000038146973,11.81999969482422,11.93000030517578,11.93000030517578,344295
"AXL","American Axle & Manufacturing Holdings, Inc. Common Stock","2021-03-11 13:30:00-05:00",11.925000190734863,12.024999618530272,11.882699966430664,12.010000228881836,12.010000228881836,455231
"AXL","American Axle & Manufacturing Holdings, Inc. Common Stock","2021-03-11 14:30:00-05:00",11.899999618530272,12.024999618530272,11.869999885559082,11.899999618530272,11.899999618530272,468106
"AXL","American Axle & Manufacturing Holdings, Inc. Common Stock","2021-03-11 15:30:00-05:00",11.899999618530272,11.949999809265137,11.869999885559082,11.949999809265137,11.949999809265137,650272
"AXL","American Axle & Manufacturing Holdings, Inc. Common Stock","2021-03-11 16:00:00-05:00",11.95,12.0,11.95,11.95,11.95,0
"AXL","American Axle & Manufacturing Holdings, Inc. Common Stock","2021-03-11 18:00:00-05:00",12.05,12.2,12.05,12.2,12.2,0
"AXL","American Axle & Manufacturing Holdings, Inc. Common Stock","2021-03-12 07:00:00-05:00",12.16,12.19,12.16,12.19,12.19,0
"AXL","American Axle & Manufacturing Holdings, Inc. Common Stock","2021-03-12 08:00:00-05:00",12.19,12.19,11.95,11.95,11.95,0
"AXL","American Axle & Manufacturing Holdings, Inc. Common Stock","2021-03-12 09:00:00-05:00",11.95,12.2,11.95,12.2,12.2,0
"AXL","American Axle & Manufacturing Holdings, Inc. Common Stock","2021-03-12 09:30:00-05:00",12.199999809265137,12.210000038146973,11.960000038146973,12.084600448608398,12.084600448608398,393425
"AXL","American Axle & Manufacturing Holdings, Inc. Common Stock","2021-03-12 10:30:00-05:00",12.18000030517578,12.43000030517578,12.029999732971191,12.422499656677246,12.422499656677246,340109
"AXL","American Axle & Manufacturing Holdings, Inc. Common Stock","2021-03-12 11:30:00-05:00",12.25,12.505000114440918,12.25,12.43000030517578,12.43000030517578,398419
"AXL","American Axle & Manufacturing Holdings, Inc. Common Stock","2021-03-12 12:30:00-05:00",12.479999542236328,12.725000381469728,12.380000114440918,12.69499969482422,12.69499969482422,863684
"AXL","American Axle & Manufacturing Holdings, Inc. Common Stock","2021-03-12 13:30:00-05:00",12.52519989013672,12.770000457763672,12.52519989013672,12.770000457763672,12.770000457763672,695130
"AXL","American Axle & Manufacturing Holdings, Inc. Common Stock","2021-03-12 14:30:00-05:00",12.729999542236328,12.880000114440918,12.6899995803833,12.854999542236328,12.854999542236328,584055
"AXL","American Axle & Manufacturing Holdings, Inc. Common Stock","2021-03-12 15:30:00-05:00",12.859999656677246,12.920000076293944,12.729999542236328,12.899999618530272,12.899999618530272,1396500
"AXL","American Axle & Manufacturing Holdings, Inc. Common Stock","2021-03-12 16:00:00-05:00",12.9,13.04,12.79,12.8,12.8,0
"AXL","American Axle & Manufacturing Holdings, Inc. Common Stock","2021-03-12 18:00:00-05:00",12.9,12.98,12.9,12.98,12.98,0
"AXL","American Axle & Manufacturing Holdings, Inc. Common Stock","2021-03-12 19:00:00-05:00",12.98,12.98,12.98,12.98,12.98,0
"AXL","American Axle & Manufacturing Holdings, Inc. Common Stock","2021-03-15 07:00:00-04:00",12.9,12.9,12.78,12.78,12.78,0
"AXL","American Axle & Manufacturing Holdings, Inc. Common Stock","2021-03-15 08:00:00-04:00",12.9,12.9,12.85,12.86,12.86,0
"AXL","American Axle & Manufacturing Holdings, Inc. Common Stock","2021-03-15 09:00:00-04:00",12.66,12.9,12.5,12.55,12.55,0
"AXL","American Axle & Manufacturing Holdings, Inc. Common Stock","2021-03-15 09:30:00-04:00",12.6899995803833,12.6899995803833,12.3100004196167,12.45989990234375,12.45989990234375,780286
"AXL","American Axle & Manufacturing Holdings, Inc. Common Stock","2021-03-15 10:30:00-04:00",12.579999923706056,12.600000381469728,12.345000267028809,12.40999984741211,12.40999984741211,426459
"AXL","American Axle & Manufacturing Holdings, Inc. Common Stock","2021-03-15 11:30:00-04:00",12.460000038146973,12.59000015258789,12.345000267028809,12.539999961853027,12.539999961853027,550509
"AXL","American Axle & Manufacturing Holdings, Inc. Common Stock","2021-03-15 12:30:00-04:00",12.479999542236328,12.59000015258789,12.449999809265137,12.579999923706056,12.579999923706056,421765
"AXL","American Axle & Manufacturing Holdings, Inc. Common Stock","2021-03-15 13:30:00-04:00",12.56999969482422,12.59000015258789,12.520000457763672,12.574999809265137,12.574999809265137,373454
"AXL","American Axle & Manufacturing Holdings, Inc. Common Stock","2021-03-15 14:30:00-04:00",12.5600004196167,12.619999885559082,12.449999809265137,12.454999923706056,12.454999923706056,574718
"AXL","American Axle & Manufacturing Holdings, Inc. Common Stock","2021-03-15 15:30:00-04:00",12.454999923706056,12.619999885559082,12.425000190734863,12.470000267028809,12.470000267028809,746685
"AXL","American Axle & Manufacturing Holdings, Inc. Common Stock","2021-03-15 16:00:00-04:00",12.46,12.46,12.46,12.46,12.46,0
"AXL","American Axle & Manufacturing Holdings, Inc. Common Stock","2021-03-15 17:00:00-04:00",12.45,12.46,12.45,12.45,12.45,0
"AXL","American Axle & Manufacturing Holdings, Inc. Common Stock","2021-03-15 18:00:00-04:00",12.41,12.41,12.41,12.41,12.41,0
"AXL","American Axle & Manufacturing Holdings, Inc. Common Stock","2021-03-15 19:00:00-04:00",12.5,12.5,12.5,12.5,12.5,0
"AXL","American Axle & Manufacturing Holdings, Inc. Common Stock","2021-03-16 07:00:00-04:00",12.45,12.45,12.45,12.45,12.45,0
"AXL","American Axle & Manufacturing Holdings, Inc. Common Stock","2021-03-16 08:00:00-04:00",12.46,12.5,12.4,12.46,12.46,0
"AXL","American Axle & Manufacturing Holdings, Inc. Common Stock","2021-03-16 09:30:00-04:00",12.329999923706056,12.43000030517578,11.899999618530272,12.039999961853027,12.039999961853027,488909
"AXL","American Axle & Manufacturing Holdings, Inc. Common Stock","2021-03-16 10:30:00-04:00",12.05500030517578,12.130000114440918,11.779999732971191,11.949999809265137,11.949999809265137,486360
"AXL","American Axle & Manufacturing Holdings, Inc. Common Stock","2021-03-16 11:30:00-04:00",11.949999809265137,12.010000228881836,11.779999732971191,11.81999969482422,11.81999969482422,381290
"AXL","American Axle & Manufacturing Holdings, Inc. Common Stock","2021-03-16 12:30:00-04:00",11.970000267028809,12.010000228881836,11.779999732971191,11.850000381469728,11.850000381469728,172793
"AXL","American Axle & Manufacturing Holdings, Inc. Common Stock","2021-03-16 13:30:00-04:00",11.875,11.90999984741211,11.59000015258789,11.59000015258789,11.59000015258789,243730
"AXL","American Axle & Manufacturing Holdings, Inc. Common Stock","2021-03-16 14:30:00-04:00",11.789999961853027,11.80500030517578,11.520000457763672,11.59000015258789,11.59000015258789,496576
"AXL","American Axle & Manufacturing Holdings, Inc. Common Stock","2021-03-16 15:30:00-04:00",11.59000015258789,11.640000343322754,11.520000457763672,11.539999961853027,11.539999961853027,583896
"AXL","American Axle & Manufacturing Holdings, Inc. Common Stock","2021-03-16 16:00:00-04:00",11.54,11.54,11.52,11.54,11.54,0
"AXL","American Axle & Manufacturing Holdings, Inc. Common Stock","2021-03-16 18:00:00-04:00",12.28,12.28,12.28,12.28,12.28,0
"AXL","American Axle & Manufacturing Holdings, Inc. Common Stock","2021-03-16 19:00:00-04:00",11.89,11.89,11.52,11.52,11.52,0
"AXL","American Axle & Manufacturing Holdings, Inc. Common Stock","2021-03-17 07:00:00-04:00",11.54,11.54,11.54,11.54,11.54,0
"AXL","American Axle & Manufacturing Holdings, Inc. Common Stock","2021-03-17 08:00:00-04:00",11.51,12.18,11.06,12.02,12.02,0
"AXL","American Axle & Manufacturing Holdings, Inc. Common Stock","2021-03-17 09:30:00-04:00",11.420000076293944,11.68000030517578,11.34000015258789,11.609999656677246,11.609999656677246,227965
"AXL","American Axle & Manufacturing Holdings, Inc. Common Stock","2021-03-17 10:30:00-04:00",11.5,11.609999656677246,11.44499969482422,11.529999732971191,11.529999732971191,169005
"AXL","American Axle & Manufacturing Holdings, Inc. Common Stock","2021-03-17 11:30:00-04:00",11.5,11.710000038146973,11.484999656677246,11.65999984741211,11.65999984741211,168144
"AXL","American Axle & Manufacturing Holdings, Inc. Common Stock","2021-03-17 12:30:00-04:00",11.604999542236328,11.729999542236328,11.604999542236328,11.670000076293944,11.670000076293944,202975
"AXL","American Axle & Manufacturing Holdings, Inc. Common Stock","2021-03-17 13:30:00-04:00",11.699999809265137,11.880000114440918,11.649999618530272,11.710000038146973,11.710000038146973,195436
"AXL","American Axle & Manufacturing Holdings, Inc. Common Stock","2021-03-17 14:30:00-04:00",11.65999984741211,11.904999732971191,11.65999984741211,11.850000381469728,11.850000381469728,257922
"AXL","American Axle & Manufacturing Holdings, Inc. Common Stock","2021-03-17 15:30:00-04:00",11.854999542236328,11.960000038146973,11.829999923706056,11.93000030517578,11.93000030517578,446223
"AXL","American Axle & Manufacturing Holdings, Inc. Common Stock","2021-03-17 16:00:00-04:00",11.93,11.93,11.9,11.9,11.9,0
"AXL","American Axle & Manufacturing Holdings, Inc. Common Stock","2021-03-17 17:00:00-04:00",12.15,12.18,12.15,12.18,12.18,0
"AXL","American Axle & Manufacturing Holdings, Inc. Common Stock","2021-03-17 19:00:00-04:00",12.18,12.18,12.18,12.18,12.18,0
"AXL","American Axle & Manufacturing Holdings, Inc. Common Stock","2021-03-18 07:00:00-04:00",12.18,12.18,12.18,12.18,12.18,0
"AXL","American Axle & Manufacturing Holdings, Inc. Common Stock","2021-03-18 08:00:00-04:00",11.93,11.93,11.93,11.93,11.93,0
"AXL","American Axle & Manufacturing Holdings, Inc. Common Stock","2021-03-18 09:00:00-04:00",11.93,11.93,11.93,11.93,11.93,0
"AXL","American Axle & Manufacturing Holdings, Inc. Common Stock","2021-03-18 09:30:00-04:00",11.93000030517578,12.08810043334961,11.720000267028809,11.970000267028809,11.970000267028809,316942
"AXL","American Axle & Manufacturing Holdings, Inc. Common Stock","2021-03-18 10:30:00-04:00",11.901100158691406,12.0649995803833,11.859999656677246,11.960000038146973,11.960000038146973,262678
"AXL","American Axle & Manufacturing Holdings, Inc. Common Stock","2021-03-18 11:30:00-04:00",11.954999923706056,12.020000457763672,11.892999649047852,12.020000457763672,12.020000457763672,235546
"AXL","American Axle & Manufacturing Holdings, Inc. Common Stock","2021-03-18 12:30:00-04:00",11.93000030517578,12.039999961853027,11.81999969482422,11.84000015258789,11.84000015258789,164554
"AXL","American Axle & Manufacturing Holdings, Inc. Common Stock","2021-03-18 13:30:00-04:00",11.84000015258789,11.880000114440918,11.710000038146973,11.710000038146973,11.710000038146973,182020
"AXL","American Axle & Manufacturing Holdings, Inc. Common Stock","2021-03-18 14:30:00-04:00",11.800000190734863,11.80500030517578,11.510000228881836,11.550000190734863,11.550000190734863,304752
"AXL","American Axle & Manufacturing Holdings, Inc. Common Stock","2021-03-18 15:30:00-04:00",11.550000190734863,11.640000343322754,11.329999923706056,11.43000030517578,11.43000030517578,571004
"AXL","American Axle & Manufacturing Holdings, Inc. Common Stock","2021-03-18 16:00:00-04:00",11.43,11.73,11.43,11.49,11.49,0
"AXL","American Axle & Manufacturing Holdings, Inc. Common Stock","2021-03-18 17:00:00-04:00",11.44,11.44,11.33,11.33,11.33,0
"AXL","American Axle & Manufacturing Holdings, Inc. Common Stock","2021-03-19 07:00:00-04:00",11.55,11.55,11.55,11.55,11.55,0
"AXL","American Axle & Manufacturing Holdings, Inc. Common Stock","2021-03-19 08:00:00-04:00",11.42,11.44,11.3,11.3,11.3,0
"AXL","American Axle & Manufacturing Holdings, Inc. Common Stock","2021-03-19 09:00:00-04:00",11.6,11.6,11.3,11.35,11.35,0
"AXL","American Axle & Manufacturing Holdings, Inc. Common Stock","2021-03-19 09:30:00-04:00",11.600000381469728,11.600000381469728,11.139900207519531,11.390000343322754,11.390000343322754,1144861
"AXL","American Axle & Manufacturing Holdings, Inc. Common Stock","2021-03-19 10:30:00-04:00",11.279999732971191,11.420000076293944,11.199999809265137,11.371600151062012,11.371600151062012,231811
"AXL","American Axle & Manufacturing Holdings, Inc. Common Stock","2021-03-19 11:30:00-04:00",11.329999923706056,11.489999771118164,11.3100004196167,11.489999771118164,11.489999771118164,149983
"AXL","American Axle & Manufacturing Holdings, Inc. Common Stock","2021-03-19 12:30:00-04:00",11.43000030517578,11.5,11.395000457763672,11.399999618530272,11.399999618530272,127067
"AXL","American Axle & Manufacturing Holdings, Inc. Common Stock","2021-03-19 13:30:00-04:00",11.454999923706056,11.470000267028809,11.3100004196167,11.329999923706056,11.329999923706056,160364
"AXL","American Axle & Manufacturing Holdings, Inc. Common Stock","2021-03-19 14:30:00-04:00",11.44499969482422,11.454999923706056,11.289999961853027,11.3100004196167,11.3100004196167,244833
"AXL","American Axle & Manufacturing Holdings, Inc. Common Stock","2021-03-19 15:30:00-04:00",11.3149995803833,11.470000267028809,11.3100004196167,11.420000076293944,11.420000076293944,2084613
"AXL","American Axle & Manufacturing Holdings, Inc. Common Stock","2021-03-19 16:00:00-04:00",11.41,11.6,11.33,11.33,11.33,0
"AXL","American Axle & Manufacturing Holdings, Inc. Common Stock","2021-03-19 18:00:00-04:00",11.4,11.4,11.4,11.4,11.4,0
"AXL","American Axle & Manufacturing Holdings, Inc. Common Stock","2021-03-22 06:00:00-04:00",11.43,11.43,11.43,11.43,11.43,0
"AXL","American Axle & Manufacturing Holdings, Inc. Common Stock","2021-03-22 07:00:00-04:00",11.43,11.43,11.16,11.33,11.33,0
"AXL","American Axle & Manufacturing Holdings, Inc. Common Stock","2021-03-22 09:00:00-04:00",11.43,11.43,11.43,11.43,11.43,0
"AXL","American Axle & Manufacturing Holdings, Inc. Common Stock","2021-03-22 09:30:00-04:00",11.43000030517578,11.465499877929688,10.725000381469728,10.767499923706056,10.767499923706056,615447
"AXL","American Axle & Manufacturing Holdings, Inc. Common Stock","2021-03-22 10:30:00-04:00",10.949999809265137,10.949999809265137,10.53499984741211,10.609999656677246,10.609999656677246,820082
"AXL","American Axle & Manufacturing Holdings, Inc. Common Stock","2021-03-22 11:30:00-04:00",10.619000434875488,10.677499771118164,10.529999732971191,10.56999969482422,10.56999969482422,472488
"AXL","American Axle & Manufacturing Holdings, Inc. Common Stock","2021-03-22 12:30:00-04:00",10.630000114440918,10.677499771118164,10.46500015258789,10.5423002243042,10.5423002243042,647376
"AXL","American Axle & Manufacturing Holdings, Inc. Common Stock","2021-03-22 13:30:00-04:00",10.5,10.619999885559082,10.475000381469728,10.53499984741211,10.53499984741211,321160
"AXL","American Axle & Manufacturing Holdings, Inc. Common Stock","2021-03-22 14:30:00-04:00",10.585000038146973,10.71500015258789,10.489999771118164,10.649900436401367,10.649900436401367,411539
"AXL","American Axle & Manufacturing Holdings, Inc. Common Stock","2021-03-22 15:30:00-04:00",10.649999618530272,10.739999771118164,10.56999969482422,10.710000038146973,10.710000038146973,639020
"AXL","American Axle & Manufacturing Holdings, Inc. Common Stock","2021-03-22 16:00:00-04:00",10.71,10.91,10.69,10.91,10.91,0
"AXL","American Axle & Manufacturing Holdings, Inc. Common Stock","2021-03-22 17:00:00-04:00",10.71,10.71,10.71,10.71,10.71,0
"AXL","American Axle & Manufacturing Holdings, Inc. Common Stock","2021-03-22 18:00:00-04:00",10.71,10.71,10.7,10.7,10.7,0
"AXL","American Axle & Manufacturing Holdings, Inc. Common Stock","2021-03-23 08:00:00-04:00",10.72,10.72,10.68,10.69,10.69,0
"AXL","American Axle & Manufacturing Holdings, Inc. Common Stock","2021-03-23 09:30:00-04:00",10.460000038146973,10.600000381469728,10.300000190734863,10.3100004196167,10.3100004196167,313563
"AXL","American Axle & Manufacturing Holdings, Inc. Common Stock","2021-03-23 10:30:00-04:00",10.470000267028809,10.489999771118164,10.130000114440918,10.279999732971191,10.279999732971191,567166
"AXL","American Axle & Manufacturing Holdings, Inc. Common Stock","2021-03-23 11:30:00-04:00",10.140000343322754,10.3100004196167,10.130000114440918,10.279999732971191,10.279999732971191,296939
"AXL","American Axle & Manufacturing Holdings, Inc. Common Stock","2021-03-23 12:30:00-04:00",10.229999542236328,10.300000190734863,10.15999984741211,10.189000129699709,10.189000129699709,256029
"AXL","American Axle & Manufacturing Holdings, Inc. Common Stock","2021-03-23 13:30:00-04:00",10.204999923706056,10.220000267028809,10.050000190734863,10.06999969482422,10.06999969482422,363417
"AXL","American Axle & Manufacturing Holdings, Inc. Common Stock","2021-03-23 14:30:00-04:00",10.15999984741211,10.220000267028809,10.0,10.204999923706056,10.204999923706056,463430
"AXL","American Axle & Manufacturing Holdings, Inc. Common Stock","2021-03-23 15:30:00-04:00",10.199999809265137,10.220000267028809,10.045000076293944,10.130000114440918,10.130000114440918,829872
"AXL","American Axle & Manufacturing Holdings, Inc. Common Stock","2021-03-23 16:00:00-04:00",10.13,10.1911,10.13,10.190055,10.190055,0
"AXL","American Axle & Manufacturing Holdings, Inc. Common Stock","2021-03-23 17:00:00-04:00",10.1,10.1,10.1,10.1,10.1,0
"AXL","American Axle & Manufacturing Holdings, Inc. Common Stock","2021-03-23 18:00:00-04:00",10.1,10.1,10.1,10.1,10.1,0
"AXL","American Axle & Manufacturing Holdings, Inc. Common Stock","2021-03-23 19:00:00-04:00",10.19,10.19,10.15,10.15,10.15,0
"AXL","American Axle & Manufacturing Holdings, Inc. Common Stock","2021-03-24 04:00:00-04:00",10.21,10.21,10.21,10.21,10.21,0
"AXL","American Axle & Manufacturing Holdings, Inc. Common Stock","2021-03-24 07:00:00-04:00",10.13,10.25,10.13,10.25,10.25,0
"AXL","American Axle & Manufacturing Holdings, Inc. Common Stock","2021-03-24 08:00:00-04:00",10.25,10.71,10.13,10.71,10.71,0
"AXL","American Axle & Manufacturing Holdings, Inc. Common Stock","2021-03-24 09:30:00-04:00",10.300000190734863,10.409899711608888,10.079999923706056,10.149999618530272,10.149999618530272,681584
"AXL","American Axle & Manufacturing Holdings, Inc. Common Stock","2021-03-24 10:30:00-04:00",10.100000381469728,10.229999542236328,10.024999618530272,10.09000015258789,10.09000015258789,568013
"AXL","American Axle & Manufacturing Holdings, Inc. Common Stock","2021-03-24 11:30:00-04:00",10.170000076293944,10.1899995803833,9.720000267028809,9.895000457763672,9.895000457763672,1952069
"AXL","American Axle & Manufacturing Holdings, Inc. Common Stock","2021-03-24 12:30:00-04:00",9.779999732971191,9.970000267028809,9.56999969482422,9.59000015258789,9.59000015258789,1238766
"AXL","American Axle & Manufacturing Holdings, Inc. Common Stock","2021-03-24 13:30:00-04:00",9.675000190734863,9.710000038146973,9.470000267028809,9.470000267028809,9.470000267028809,855927
"AXL","American Axle & Manufacturing Holdings, Inc. Common Stock","2021-03-24 14:30:00-04:00",9.675000190734863,9.68000030517578,9.260000228881836,9.300000190734863,9.300000190734863,1215957
"AXL","American Axle & Manufacturing Holdings, Inc. Common Stock","2021-03-24 15:30:00-04:00",9.300000190734863,9.381199836730955,9.18000030517578,9.210000038146973,9.210000038146973,1657254
"AXL","American Axle & Manufacturing Holdings, Inc. Common Stock","2021-03-24 16:00:00-04:00",9.21,9.89,9.2,9.21,9.21,0
"AXL","American Axle & Manufacturing Holdings, Inc. Common Stock","2021-03-24 17:00:00-04:00",9.88,9.88,9.88,9.88,9.88,0
"AXL","American Axle & Manufacturing Holdings, Inc. Common Stock","2021-03-24 19:00:00-04:00",9.55,9.55,9.55,9.55,9.55,0
"AXL","American Axle & Manufacturing Holdings, Inc. Common Stock","2021-03-25 05:00:00-04:00",9.7,9.7,9.58,9.58,9.58,0
"AXL","American Axle & Manufacturing Holdings, Inc. Common Stock","2021-03-25 07:00:00-04:00",9.45,9.45,9.45,9.45,9.45,0
"AXL","American Axle & Manufacturing Holdings, Inc. Common Stock","2021-03-25 08:00:00-04:00",9.4,9.45,9.001,9.001,9.001,0
"AXL","American Axle & Manufacturing Holdings, Inc. Common Stock","2021-03-25 09:00:00-04:00",9.01,9.2,9.01,9.2,9.2,0
"AXL","American Axle & Manufacturing Holdings, Inc. Common Stock","2021-03-25 09:30:00-04:00",9.199999809265137,9.199999809265137,8.75,9.050000190734863,9.050000190734863,1124454
"AXL","American Axle & Manufacturing Holdings, Inc. Common Stock","2021-03-25 10:30:00-04:00",8.75,9.114999771118164,8.75,9.029999732971191,9.029999732971191,1243365
"AXL","American Axle & Manufacturing Holdings, Inc. Common Stock","2021-03-25 11:30:00-04:00",8.845000267028809,9.359999656677246,8.761300086975098,9.1899995803833,9.1899995803833,782556
"AXL","American Axle & Manufacturing Holdings, Inc. Common Stock","2021-03-25 12:30:00-04:00",9.270000457763672,9.44499969482422,9.170000076293944,9.420000076293944,9.420000076293944,712814
"AXL","American Axle & Manufacturing Holdings, Inc. Common Stock","2021-03-25 13:30:00-04:00",9.34000015258789,9.520000457763672,9.289999961853027,9.329999923706056,9.329999923706056,729860
"AXL","American Axle & Manufacturing Holdings, Inc. Common Stock","2021-03-25 14:30:00-04:00",9.380000114440918,9.545000076293944,9.31999969482422,9.545000076293944,9.545000076293944,471349
"AXL","American Axle & Manufacturing Holdings, Inc. Common Stock","2021-03-25 15:30:00-04:00",9.545000076293944,9.600000381469728,9.375,9.470000267028809,9.470000267028809,1178316
"AXL","American Axle & Manufacturing Holdings, Inc. Common Stock","2021-03-25 16:00:00-04:00",9.48,9.5,9.48,9.5,9.5,0
"AXL","American Axle & Manufacturing Holdings, Inc. Common Stock","2021-03-25 17:00:00-04:00",9.48,9.48,9.48,9.48,9.48,0
"AXL","American Axle & Manufacturing Holdings, Inc. Common Stock","2021-03-25 19:00:00-04:00",9.48,9.48,9.48,9.48,9.48,0
"AXL","American Axle & Manufacturing Holdings, Inc. Common Stock","2021-03-26 08:00:00-04:00",9.48,9.55,9.48,9.55,9.55,0
"AXL","American Axle & Manufacturing Holdings, Inc. Common Stock","2021-03-26 09:00:00-04:00",9.53,9.9,9.53,9.9,9.9,0
"AXL","American Axle & Manufacturing Holdings, Inc. Common Stock","2021-03-26 09:30:00-04:00",9.899999618530272,9.899999618530272,9.380000114440918,9.604999542236328,9.604999542236328,679154
"AXL","American Axle & Manufacturing Holdings, Inc. Common Stock","2021-03-26 10:30:00-04:00",9.4399995803833,9.699999809265137,9.380000114440918,9.460000038146973,9.460000038146973,603069
"AXL","American Axle & Manufacturing Holdings, Inc. Common Stock","2021-03-26 11:30:00-04:00",9.670000076293944,9.699999809265137,9.4350004196167,9.470000267028809,9.470000267028809,280915
"AXL","American Axle & Manufacturing Holdings, Inc. Common Stock","2021-03-26 12:30:00-04:00",9.484999656677246,9.510000228881836,9.414999961853027,9.484999656677246,9.484999656677246,298974
"AXL","American Axle & Manufacturing Holdings, Inc. Common Stock","2021-03-26 13:30:00-04:00",9.489999771118164,9.56999969482422,9.390000343322754,9.539999961853027,9.539999961853027,456819
"AXL","American Axle & Manufacturing Holdings, Inc. Common Stock","2021-03-26 14:30:00-04:00",9.489999771118164,9.640000343322754,9.390000343322754,9.630000114440918,9.630000114440918,497010
"AXL","American Axle & Manufacturing Holdings, Inc. Common Stock","2021-03-26 15:30:00-04:00",9.630000114440918,9.664999961853027,9.510000228881836,9.609999656677246,9.609999656677246,1041725
"AXL","American Axle & Manufacturing Holdings, Inc. Common Stock","2021-03-26 16:00:00-04:00",9.61,9.61,9.6099,9.6099,9.6099,0
"AXL","American Axle & Manufacturing Holdings, Inc. Common Stock","2021-03-26 17:00:00-04:00",9.6099,9.6099,9.46,9.46,9.46,0
"AXL","American Axle & Manufacturing Holdings, Inc. Common Stock","2021-03-26 18:00:00-04:00",9.61,9.61,9.61,9.61,9.61,0
"AXL","American Axle & Manufacturing Holdings, Inc. Common Stock","2021-03-26 19:00:00-04:00",9.6,9.6,9.6,9.6,9.6,0
"AXL","American Axle & Manufacturing Holdings, Inc. Common Stock","2021-03-29 08:00:00-04:00",9.61,9.61,9.61,9.61,9.61,0
"AXL","American Axle & Manufacturing Holdings, Inc. Common Stock","2021-03-29 09:00:00-04:00",9.61,9.7,9.6,9.6,9.6,0
"AXL","American Axle & Manufacturing Holdings, Inc. Common Stock","2021-03-29 09:30:00-04:00",9.609999656677246,9.859999656677246,9.50119972229004,9.539999961853027,9.539999961853027,317546
"AXL","American Axle & Manufacturing Holdings, Inc. Common Stock","2021-03-29 10:30:00-04:00",9.8100004196167,9.829999923706056,9.279999732971191,9.31999969482422,9.31999969482422,425569
"AXL","American Axle & Manufacturing Holdings, Inc. Common Stock","2021-03-29 11:30:00-04:00",9.40999984741211,9.43000030517578,9.220000267028809,9.260000228881836,9.260000228881836,416706
"AXL","American Axle & Manufacturing Holdings, Inc. Common Stock","2021-03-29 12:30:00-04:00",9.31999969482422,9.43000030517578,9.220000267028809,9.350000381469728,9.350000381469728,303403
"AXL","American Axle & Manufacturing Holdings, Inc. Common Stock","2021-03-29 13:30:00-04:00",9.380000114440918,9.43000030517578,9.300000190734863,9.359999656677246,9.359999656677246,359183
"AXL","American Axle & Manufacturing Holdings, Inc. Common Stock","2021-03-29 14:30:00-04:00",9.31999969482422,9.395000457763672,9.234999656677246,9.375,9.375,352977
"AXL","American Axle & Manufacturing Holdings, Inc. Common Stock","2021-03-29 15:30:00-04:00",9.369999885559082,9.395000457763672,9.239999771118164,9.239999771118164,9.239999771118164,603962
"AXL","American Axle & Manufacturing Holdings, Inc. Common Stock","2021-03-29 16:00:00-04:00",9.24,9.24,9.24,9.24,9.24,0
"AXL","American Axle & Manufacturing Holdings, Inc. Common Stock","2021-03-29 17:00:00-04:00",9.61,9.61,9.04,9.04,9.04,0
"AXL","American Axle & Manufacturing Holdings, Inc. Common Stock","2021-03-30 07:00:00-04:00",9.24,9.24,9.24,9.24,9.24,0
"AXL","American Axle & Manufacturing Holdings, Inc. Common Stock","2021-03-30 08:00:00-04:00",9.25,9.25,9.24,9.25,9.25,0
"AXL","American Axle & Manufacturing Holdings, Inc. Common Stock","2021-03-30 09:30:00-04:00",9.229999542236328,9.479999542236328,9.15999984741211,9.479999542236328,9.479999542236328,332350
"AXL","American Axle & Manufacturing Holdings, Inc. Common Stock","2021-03-30 10:30:00-04:00",9.350000381469728,9.614999771118164,9.300000190734863,9.579999923706056,9.579999923706056,385076
"AXL","American Axle & Manufacturing Holdings, Inc. Common Stock","2021-03-30 11:30:00-04:00",9.510000228881836,9.720000267028809,9.510000228881836,9.640000343322754,9.640000343322754,497958
"AXL","American Axle & Manufacturing Holdings, Inc. Common Stock","2021-03-30 12:30:00-04:00",9.579999923706056,9.6899995803833,9.529999732971191,9.529999732971191,9.529999732971191,364413
"AXL","American Axle & Manufacturing Holdings, Inc. Common Stock","2021-03-30 13:30:00-04:00",9.6850004196167,9.6850004196167,9.460000038146973,9.640000343322754,9.640000343322754,267356
"AXL","American Axle & Manufacturing Holdings, Inc. Common Stock","2021-03-30 14:30:00-04:00",9.479999542236328,9.75,9.470000267028809,9.6899995803833,9.6899995803833,306460
"AXL","American Axle & Manufacturing Holdings, Inc. Common Stock","2021-03-30 15:30:00-04:00",9.6850004196167,9.75,9.619999885559082,9.68000030517578,9.68000030517578,641709
"AXL","American Axle & Manufacturing Holdings, Inc. Common Stock","2021-03-30 16:00:00-04:00",9.68,9.68,9.68,9.68,9.68,0
"AXL","American Axle & Manufacturing Holdings, Inc. Common Stock","2021-03-30 17:00:00-04:00",9.51,9.51,9.51,9.51,9.51,0
"AXL","American Axle & Manufacturing Holdings, Inc. Common Stock","2021-04-01 09:00:00-04:00",9.66,9.69,9.66,9.69,9.69,0
"AXL","American Axle & Manufacturing Holdings, Inc. Common Stock","2021-04-01 09:30:00-04:00",9.65999984741211,9.890000343322754,9.31999969482422,9.640000343322754,9.640000343322754,1011232
"AXL","American Axle & Manufacturing Holdings, Inc. Common Stock","2021-04-01 10:30:00-04:00",9.349599838256836,9.6899995803833,9.349599838256836,9.68000030517578,9.68000030517578,419228
"AXL","American Axle & Manufacturing Holdings, Inc. Common Stock","2021-04-01 11:30:00-04:00",9.649999618530272,9.81999969482422,9.600000381469728,9.789999961853027,9.789999961853027,297727
"AXL","American Axle & Manufacturing Holdings, Inc. Common Stock","2021-04-01 12:30:00-04:00",9.729999542236328,9.859999656677246,9.729999542236328,9.800000190734863,9.800000190734863,319117
"AXL","American Axle & Manufacturing Holdings, Inc. Common Stock","2021-04-01 13:30:00-04:00",9.807700157165527,9.880000114440918,9.795000076293944,9.859999656677246,9.859999656677246,298609
"AXL","American Axle & Manufacturing Holdings, Inc. Common Stock","2021-04-01 14:30:00-04:00",9.850000381469728,9.869999885559082,9.739999771118164,9.765000343322754,9.765000343322754,196396
"AXL","American Axle & Manufacturing Holdings, Inc. Common Stock","2021-04-01 15:30:00-04:00",9.770000457763672,9.8100004196167,9.6899995803833,9.800000190734863,9.800000190734863,419377
"AXL","American Axle & Manufacturing Holdings, Inc. Common Stock","2021-04-01 16:00:00-04:00",9.8,9.84,9.799,9.84,9.84,0
"AXL","American Axle & Manufacturing Holdings, Inc. Common Stock","2021-04-01 17:00:00-04:00",9.8,9.8,9.8,9.8,9.8,0
"AXL","American Axle & Manufacturing Holdings, Inc. Common Stock","2021-04-01 19:00:00-04:00",9.87,9.87,9.87,9.87,9.87,0
"AXL","American Axle & Manufacturing Holdings, Inc. Common Stock","2021-04-05 05:00:00-04:00",9.85,9.85,9.85,9.85,9.85,0
"AXL","American Axle & Manufacturing Holdings, Inc. Common Stock","2021-04-05 08:00:00-04:00",9.9799,9.98,9.8,9.8,9.8,0
"AXL","American Axle & Manufacturing Holdings, Inc. Common Stock","2021-04-05 09:30:00-04:00",9.949999809265137,9.970000267028809,9.699999809265137,9.920000076293944,9.920000076293944,213216
"AXL","American Axle & Manufacturing Holdings, Inc. Common Stock","2021-04-05 10:30:00-04:00",9.93000030517578,9.970000267028809,9.8100004196167,9.84000015258789,9.84000015258789,198085
"AXL","American Axle & Manufacturing Holdings, Inc. Common Stock","2021-04-05 11:30:00-04:00",9.84000015258789,9.854999542236328,9.795000076293944,9.84000015258789,9.84000015258789,125066
"AXL","American Axle & Manufacturing Holdings, Inc. Common Stock","2021-04-05 12:30:00-04:00",9.84000015258789,9.850000381469728,9.75,9.81999969482422,9.81999969482422,92876
"AXL","American Axle & Manufacturing Holdings, Inc. Common Stock","2021-04-05 13:30:00-04:00",9.818699836730955,9.899999618530272,9.80500030517578,9.859999656677246,9.859999656677246,97952
"AXL","American Axle & Manufacturing Holdings, Inc. Common Stock","2021-04-05 14:30:00-04:00",9.859999656677246,9.899999618530272,9.8100004196167,9.880000114440918,9.880000114440918,130964
"AXL","American Axle & Manufacturing Holdings, Inc. Common Stock","2021-04-05 15:30:00-04:00",9.875,9.890000343322754,9.812800407409668,9.869999885559082,9.869999885559082,286909
"AXL","American Axle & Manufacturing Holdings, Inc. Common Stock","2021-04-05 16:00:00-04:00",9.86,9.89,9.82,9.89,9.89,0
"AXL","American Axle & Manufacturing Holdings, Inc. Common Stock","2021-04-05 19:00:00-04:00",9.84,9.84,9.84,9.84,9.84,0
"AXL","American Axle & Manufacturing Holdings, Inc. Common Stock","2021-04-06 06:00:00-04:00",9.86,9.86,9.86,9.86,9.86,0
"AXL","American Axle & Manufacturing Holdings, Inc. Common Stock","2021-04-06 08:00:00-04:00",9.92,9.92,9.8,9.8,9.8,0
"AXL","American Axle & Manufacturing Holdings, Inc. Common Stock","2021-04-06 09:30:00-04:00",9.81999969482422,10.149999618530272,9.800000190734863,10.119999885559082,10.119999885559082,284425
"AXL","American Axle & Manufacturing Holdings, Inc. Common Stock","2021-04-06 10:30:00-04:00",10.119999885559082,10.170000076293944,9.770000457763672,9.789999961853027,9.789999961853027,235924
"AXL","American Axle & Manufacturing Holdings, Inc. Common Stock","2021-04-06 11:30:00-04:00",9.779999732971191,9.864999771118164,9.760000228881836,9.829999923706056,9.829999923706056,185686
"AXL","American Axle & Manufacturing Holdings, Inc. Common Stock","2021-04-06 12:30:00-04:00",9.829999923706056,9.895000457763672,9.8149995803833,9.864999771118164,9.864999771118164,81687
"AXL","American Axle & Manufacturing Holdings, Inc. Common Stock","2021-04-06 13:30:00-04:00",9.859999656677246,9.975000381469728,9.845000267028809,9.914999961853027,9.914999961853027,89695
"AXL","American Axle & Manufacturing Holdings, Inc. Common Stock","2021-04-06 14:30:00-04:00",9.920000076293944,9.949999809265137,9.835000038146973,9.854999542236328,9.854999542236328,113089
"AXL","American Axle & Manufacturing Holdings, Inc. Common Stock","2021-04-06 15:30:00-04:00",9.854999542236328,9.890000343322754,9.789999961853027,9.8100004196167,9.8100004196167,176776
"AXL","American Axle & Manufacturing Holdings, Inc. Common Stock","2021-04-06 16:00:00-04:00",9.8,9.9,9.8,9.9,9.9,0
"AXL","American Axle & Manufacturing Holdings, Inc. Common Stock","2021-04-06 17:00:00-04:00",10.0,10.0,10.0,10.0,10.0,0
"AXL","American Axle & Manufacturing Holdings, Inc. Common Stock","2021-04-07 07:00:00-04:00",9.88,9.88,9.88,9.88,9.88,0
"AXL","American Axle & Manufacturing Holdings, Inc. Common Stock","2021-04-07 08:00:00-04:00",9.88,9.88,9.69,9.69,9.69,0
"AXL","American Axle & Manufacturing Holdings, Inc. Common Stock","2021-04-07 09:00:00-04:00",9.81,9.81,9.76,9.76,9.76,0
"AXL","American Axle & Manufacturing Holdings, Inc. Common Stock","2021-04-07 09:30:00-04:00",9.75,9.829999923706056,9.600000381469728,9.645000457763672,9.645000457763672,262418
"AXL","American Axle & Manufacturing Holdings, Inc. Common Stock","2021-04-07 10:30:00-04:00",9.649999618530272,9.65999984741211,9.520000457763672,9.539999961853027,9.539999961853027,127208
"AXL","American Axle & Manufacturing Holdings, Inc. Common Stock","2021-04-07 11:30:00-04:00",9.539999961853027,9.5600004196167,9.470000267028809,9.53499984741211,9.53499984741211,141658
"AXL","American Axle & Manufacturing Holdings, Inc. Common Stock","2021-04-07 12:30:00-04:00",9.529999732971191,9.579999923706056,9.529999732971191,9.5600004196167,9.5600004196167,75876
"AXL","American Axle & Manufacturing Holdings, Inc. Common Stock","2021-04-07 13:30:00-04:00",9.5600004196167,9.68000030517578,9.5600004196167,9.654999732971191,9.654999732971191,151251
"AXL","American Axle & Manufacturing Holdings, Inc. Common Stock","2021-04-07 14:30:00-04:00",9.640000343322754,9.774999618530272,9.55500030517578,9.56999969482422,9.56999969482422,227260
"AXL","American Axle & Manufacturing Holdings, Inc. Common Stock","2021-04-07 15:30:00-04:00",9.5600004196167,9.59000015258789,9.539999961853027,9.56999969482422,9.56999969482422,242250
"AXL","American Axle & Manufacturing Holdings, Inc. Common Stock","2021-04-07 16:00:00-04:00",9.57,9.76,9.57,9.57,9.57,0
"AXL","American Axle & Manufacturing Holdings, Inc. Common Stock","2021-04-07 17:00:00-04:00",9.97,9.97,9.97,9.97,9.97,0
"AXL","American Axle & Manufacturing Holdings, Inc. Common Stock","2021-04-08 07:00:00-04:00",9.73,9.73,9.73,9.73,9.73,0
"AXL","American Axle & Manufacturing Holdings, Inc. Common Stock","2021-04-08 08:00:00-04:00",9.57,9.57,9.57,9.57,9.57,0
"AXL","American Axle & Manufacturing Holdings, Inc. Common Stock","2021-04-08 09:30:00-04:00",9.489999771118164,9.520000457763672,9.079999923706056,9.119999885559082,9.119999885559082,458593
"AXL","American Axle & Manufacturing Holdings, Inc. Common Stock","2021-04-08 10:30:00-04:00",9.114999771118164,9.390000343322754,9.100000381469728,9.385000228881836,9.385000228881836,210470
"AXL","American Axle & Manufacturing Holdings, Inc. Common Stock","2021-04-08 11:30:00-04:00",9.390000343322754,9.479999542236328,9.375,9.460000038146973,9.460000038146973,173363
"AXL","American Axle & Manufacturing Holdings, Inc. Common Stock","2021-04-08 12:30:00-04:00",9.449999809265137,9.529999732971191,9.420000076293944,9.43000030517578,9.43000030517578,125287
"AXL","American Axle & Manufacturing Holdings, Inc. Common Stock","2021-04-08 13:30:00-04:00",9.425000190734863,9.489999771118164,9.380000114440918,9.454999923706056,9.454999923706056,126933
"AXL","American Axle & Manufacturing Holdings, Inc. Common Stock","2021-04-08 14:30:00-04:00",9.454999923706056,9.505000114440918,9.43000030517578,9.494999885559082,9.494999885559082,107431
"AXL","American Axle & Manufacturing Holdings, Inc. Common Stock","2021-04-08 15:30:00-04:00",9.489999771118164,9.510000228881836,9.44499969482422,9.460000038146973,9.460000038146973,213425
"AXL","American Axle & Manufacturing Holdings, Inc. Common Stock","2021-04-08 16:00:00-04:00",9.46,9.46,9.46,9.46,9.46,0
"AXL","American Axle & Manufacturing Holdings, Inc. Common Stock","2021-04-08 17:00:00-04:00",9.45,9.45,9.45,9.45,9.45,0
"AXL","American Axle & Manufacturing Holdings, Inc. Common Stock","2021-04-09 07:00:00-04:00",9.45,9.5,9.45,9.5,9.5,0
"AXL","American Axle & Manufacturing Holdings, Inc. Common Stock","2021-04-09 09:00:00-04:00",9.5,9.5,9.45,9.45,9.45,0
"AXL","American Axle & Manufacturing Holdings, Inc. Common Stock","2021-04-09 09:30:00-04:00",9.5,9.56999969482422,9.449999809265137,9.510000228881836,9.510000228881836,142083
"AXL","American Axle & Manufacturing Holdings, Inc. Common Stock","2021-04-09 10:30:00-04:00",9.510000228881836,9.65999984741211,9.449999809265137,9.609999656677246,9.609999656677246,141978
"AXL","American Axle & Manufacturing Holdings, Inc. Common Stock","2021-04-09 11:30:00-04:00",9.609999656677246,9.630000114440918,9.515000343322754,9.539999961853027,9.539999961853027,137826
"AXL","American Axle & Manufacturing Holdings, Inc. Common Stock","2021-04-09 12:30:00-04:00",9.539999961853027,9.579999923706056,9.529999732971191,9.545000076293944,9.545000076293944,86887
"AXL","American Axle & Manufacturing Holdings, Inc. Common Stock","2021-04-09 13:30:00-04:00",9.550000190734863,9.550000190734863,9.479999542236328,9.520000457763672,9.520000457763672,138573
"AXL","American Axle & Manufacturing Holdings, Inc. Common Stock","2021-04-09 14:30:00-04:00",9.529999732971191,9.53499984741211,9.404999732971191,9.520000457763672,9.520000457763672,206032
"AXL","American Axle & Manufacturing Holdings, Inc. Common Stock","2021-04-09 15:30:00-04:00",9.520000457763672,9.59000015258789,9.515000343322754,9.550000190734863,9.550000190734863,304355
"AXL","American Axle & Manufacturing Holdings, Inc. Common Stock","2021-04-09 16:00:00-04:00",9.55,9.55,9.43,9.55,9.55,0
"AXL","American Axle & Manufacturing Holdings, Inc. Common Stock","2021-04-12 07:00:00-04:00",9.55,9.55,9.55,9.55,9.55,0
"AXL","American Axle & Manufacturing Holdings, Inc. Common Stock","2021-04-12 08:00:00-04:00",9.55,9.55,9.55,9.55,9.55,0
"AXL","American Axle & Manufacturing Holdings, Inc. Common Stock","2021-04-12 09:00:00-04:00",9.55,9.58,9.45,9.45,9.45,0
"AXL","American Axle & Manufacturing Holdings, Inc. Common Stock","2021-04-12 09:30:00-04:00",9.640000343322754,9.670000076293944,9.375,9.390000343322754,9.390000343322754,274086
"AXL","American Axle & Manufacturing Holdings, Inc. Common Stock","2021-04-12 10:30:00-04:00",9.390000343322754,9.420000076293944,9.30500030517578,9.38259983062744,9.38259983062744,95512
"AXL","American Axle & Manufacturing Holdings, Inc. Common Stock","2021-04-12 11:30:00-04:00",9.385000228881836,9.470000267028809,9.31999969482422,9.470000267028809,9.470000267028809,96407
"AXL","American Axle & Manufacturing Holdings, Inc. Common Stock","2021-04-12 12:30:00-04:00",9.475000381469728,9.489999771118164,9.369999885559082,9.395000457763672,9.395000457763672,142641
"AXL","American Axle & Manufacturing Holdings, Inc. Common Stock","2021-04-12 13:30:00-04:00",9.399999618530272,9.399999618530272,9.300000190734863,9.350000381469728,9.350000381469728,100213
"AXL","American Axle & Manufacturing Holdings, Inc. Common Stock","2021-04-12 14:30:00-04:00",9.359999656677246,9.449999809265137,9.359999656677246,9.449999809265137,9.449999809265137,87665
"AXL","American Axle & Manufacturing Holdings, Inc. Common Stock","2021-04-12 15:30:00-04:00",9.449999809265137,9.494999885559082,9.420000076293944,9.43000030517578,9.43000030517578,246022
"AXL","American Axle & Manufacturing Holdings, Inc. Common Stock","2021-04-12 16:00:00-04:00",9.43,9.43,9.31,9.43,9.43,0
"AXL","American Axle & Manufacturing Holdings, Inc. Common Stock","2021-04-12 17:00:00-04:00",9.43,9.43,9.3,9.32,9.32,0
"AXL","American Axle & Manufacturing Holdings, Inc. Common Stock","2021-04-12 18:00:00-04:00",9.47,9.47,9.47,9.47,9.47,0
"AXL","American Axle & Manufacturing Holdings, Inc. Common Stock","2021-04-12 19:00:00-04:00",9.37,9.37,9.31,9.31,9.31,0
"AXL","American Axle & Manufacturing Holdings, Inc. Common Stock","2021-04-13 08:00:00-04:00",9.43,9.43,9.43,9.43,9.43,0
"AXL","American Axle & Manufacturing Holdings, Inc. Common Stock","2021-04-13 09:00:00-04:00",9.3,9.3001,9.3,9.3,9.3,0
"AXL","American Axle & Manufacturing Holdings, Inc. Common Stock","2021-04-13 09:30:00-04:00",9.380000114440918,9.449999809265137,9.050000190734863,9.19499969482422,9.19499969482422,436595
"AXL","American Axle & Manufacturing Holdings, Inc. Common Stock","2021-04-13 10:30:00-04:00",9.1899995803833,9.1899995803833,9.039999961853027,9.074999809265137,9.074999809265137,224363
"AXL","American Axle & Manufacturing Holdings, Inc. Common Stock","2021-04-13 11:30:00-04:00",9.079999923706056,9.140000343322754,9.010000228881836,9.029999732971191,9.029999732971191,194936
"AXL","American Axle & Manufacturing Holdings, Inc. Common Stock","2021-04-13 12:30:00-04:00",9.03499984741211,9.0600004196167,8.989999771118164,9.050000190734863,9.050000190734863,142787
"AXL","American Axle & Manufacturing Holdings, Inc. Common Stock","2021-04-13 13:30:00-04:00",9.0600004196167,9.154999732971191,9.0600004196167,9.104100227355955,9.104100227355955,150789
"AXL","American Axle & Manufacturing Holdings, Inc. Common Stock","2021-04-13 14:30:00-04:00",9.100000381469728,9.226200103759766,9.100000381469728,9.1850004196167,9.1850004196167,146010
"AXL","American Axle & Manufacturing Holdings, Inc. Common Stock","2021-04-13 15:30:00-04:00",9.1899995803833,9.204999923706056,9.149999618530272,9.175000190734863,9.175000190734863,201448
"AXL","American Axle & Manufacturing Holdings, Inc. Common Stock","2021-04-13 16:00:00-04:00",9.17,9.17,9.17,9.17,9.17,0
"AXL","American Axle & Manufacturing Holdings, Inc. Common Stock","2021-04-13 18:00:00-04:00",9.23,9.24,9.23,9.24,9.24,0
"AXL","American Axle & Manufacturing Holdings, Inc. Common Stock","2021-04-14 05:00:00-04:00",9.17,9.17,9.17,9.17,9.17,0
"AXL","American Axle & Manufacturing Holdings, Inc. Common Stock","2021-04-14 08:00:00-04:00",9.18,9.18,9.18,9.18,9.18,0
"AXL","American Axle & Manufacturing Holdings, Inc. Common Stock","2021-04-14 09:30:00-04:00",9.229999542236328,9.53499984741211,9.220000267028809,9.489999771118164,9.489999771118164,304147
"AXL","American Axle & Manufacturing Holdings, Inc. Common Stock","2021-04-14 10:30:00-04:00",9.489999771118164,9.600000381469728,9.489999771118164,9.53499984741211,9.53499984741211,128474
"AXL","American Axle & Manufacturing Holdings, Inc. Common Stock","2021-04-14 11:30:00-04:00",9.529999732971191,9.579999923706056,9.505000114440918,9.56999969482422,9.56999969482422,143193
"AXL","American Axle & Manufacturing Holdings, Inc. Common Stock","2021-04-14 12:30:00-04:00",9.55500030517578,9.56999969482422,9.4399995803833,9.50160026550293,9.50160026550293,146286
"AXL","American Axle & Manufacturing Holdings, Inc. Common Stock","2021-04-14 13:30:00-04:00",9.5,9.505000114440918,9.380000114440918,9.475000381469728,9.475000381469728,177168
"AXL","American Axle & Manufacturing Holdings, Inc. Common Stock","2021-04-14 14:30:00-04:00",9.479999542236328,9.510000228881836,9.359999656677246,9.4399995803833,9.4399995803833,88751
"AXL","American Axle & Manufacturing Holdings, Inc. Common Stock","2021-04-14 15:30:00-04:00",9.4399995803833,9.44499969482422,9.390000343322754,9.40999984741211,9.40999984741211,227243
"AXL","American Axle & Manufacturing Holdings, Inc. Common Stock","2021-04-14 16:00:00-04:00",9.41,9.41,9.4,9.4,9.4,0
"AXL","American Axle & Manufacturing Holdings, Inc. Common Stock","2021-04-14 17:00:00-04:00",9.41,9.41,9.41,9.41,9.41,0
"AXL","American Axle & Manufacturing Holdings, Inc. Common Stock","2021-04-15 08:00:00-04:00",9.41,9.41,9.31,9.31,9.31,0
"AXL","American Axle & Manufacturing Holdings, Inc. Common Stock","2021-04-15 09:30:00-04:00",9.489999771118164,9.489999771118164,9.130000114440918,9.250300407409668,9.250300407409668,317157
"AXL","American Axle & Manufacturing Holdings, Inc. Common Stock","2021-04-15 10:30:00-04:00",9.260000228881836,9.260000228881836,9.135000228881836,9.135000228881836,9.135000228881836,197182
"AXL","American Axle & Manufacturing Holdings, Inc. Common Stock","2021-04-15 11:30:00-04:00",9.130000114440918,9.350000381469728,9.100000381469728,9.295000076293944,9.295000076293944,204891
"AXL","American Axle & Manufacturing Holdings, Inc. Common Stock","2021-04-15 12:30:00-04:00",9.300000190734863,9.359999656677246,9.225000381469728,9.260000228881836,9.260000228881836,252273
"AXL","American Axle & Manufacturing Holdings, Inc. Common Stock","2021-04-15 13:30:00-04:00",9.265000343322754,9.399999618530272,9.255000114440918,9.390000343322754,9.390000343322754,87786
"AXL","American Axle & Manufacturing Holdings, Inc. Common Stock","2021-04-15 14:30:00-04:00",9.399999618530272,9.425000190734863,9.350000381469728,9.369999885559082,9.369999885559082,104638
"AXL","American Axle & Manufacturing Holdings, Inc. Common Stock","2021-04-15 15:30:00-04:00",9.380000114440918,9.449999809265137,9.380000114440918,9.40999984741211,9.40999984741211,260004
"AXL","American Axle & Manufacturing Holdings, Inc. Common Stock","2021-04-15 16:00:00-04:00",9.41,9.41,9.41,9.41,9.41,0
"AXL","American Axle & Manufacturing Holdings, Inc. Common Stock","2021-04-15 19:00:00-04:00",9.45,9.45,9.45,9.45,9.45,0
"AXL","American Axle & Manufacturing Holdings, Inc. Common Stock","2021-04-16 08:00:00-04:00",9.41,9.41,9.41,9.41,9.41,0
"AXL","American Axle & Manufacturing Holdings, Inc. Common Stock","2021-04-16 09:30:00-04:00",9.5,9.579999923706056,9.43000030517578,9.5,9.5,173654
"AXL","American Axle & Manufacturing Holdings, Inc. Common Stock","2021-04-16 10:30:00-04:00",9.520000457763672,9.59000015258789,9.489999771118164,9.489999771118164,9.489999771118164,133037
"AXL","American Axle & Manufacturing Holdings, Inc. Common Stock","2021-04-16 11:30:00-04:00",9.489999771118164,9.505000114440918,9.40999984741211,9.425000190734863,9.425000190734863,79894
"AXL","American Axle & Manufacturing Holdings, Inc. Common Stock","2021-04-16 12:30:00-04:00",9.425000190734863,9.494999885559082,9.425000190734863,9.470000267028809,9.470000267028809,66657
"AXL","American Axle & Manufacturing Holdings, Inc. Common Stock","2021-04-16 13:30:00-04:00",9.475000381469728,9.529999732971191,9.470000267028809,9.524100303649902,9.524100303649902,39600
"AXL","American Axle & Manufacturing Holdings, Inc. Common Stock","2021-04-16 14:30:00-04:00",9.524999618530272,9.579999923706056,9.494999885559082,9.5649995803833,9.5649995803833,80190
"AXL","American Axle & Manufacturing Holdings, Inc. Common Stock","2021-04-16 15:30:00-04:00",9.5649995803833,9.579999923706056,9.529999732971191,9.539999961853027,9.539999961853027,186182
"AXL","American Axle & Manufacturing Holdings, Inc. Common Stock","2021-04-16 16:00:00-04:00",9.54,9.55,9.54,9.54,9.54,0
"AXL","American Axle & Manufacturing Holdings, Inc. Common Stock","2021-04-16 17:00:00-04:00",9.5,9.5,9.5,9.5,9.5,0
"AXL","American Axle & Manufacturing Holdings, Inc. Common Stock","2021-04-19 08:00:00-04:00",9.54,9.54,9.54,9.54,9.54,0
"AXL","American Axle & Manufacturing Holdings, Inc. Common Stock","2021-04-19 09:30:00-04:00",9.470000267028809,9.5,9.17099952697754,9.3100004196167,9.3100004196167,487169
"AXL","American Axle & Manufacturing Holdings, Inc. Common Stock","2021-04-19 10:30:00-04:00",9.30500030517578,9.30500030517578,9.109999656677246,9.170000076293944,9.170000076293944,289951
"AXL","American Axle & Manufacturing Holdings, Inc. Common Stock","2021-04-19 11:30:00-04:00",9.15999984741211,9.222599983215332,9.149999618530272,9.1850004196167,9.1850004196167,171826
"AXL","American Axle & Manufacturing Holdings, Inc. Common Stock","2021-04-19 12:30:00-04:00",9.1850004196167,9.28499984741211,9.149999618530272,9.244999885559082,9.244999885559082,183541
"AXL","American Axle & Manufacturing Holdings, Inc. Common Stock","2021-04-19 13:30:00-04:00",9.244999885559082,9.31999969482422,9.170000076293944,9.18000030517578,9.18000030517578,198187
"AXL","American Axle & Manufacturing Holdings, Inc. Common Stock","2021-04-19 14:30:00-04:00",9.18000030517578,9.30500030517578,9.175000190734863,9.300000190734863,9.300000190734863,271126
"AXL","American Axle & Manufacturing Holdings, Inc. Common Stock","2021-04-19 15:30:00-04:00",9.300000190734863,9.31999969482422,9.265000343322754,9.279999732971191,9.279999732971191,344659
"AXL","American Axle & Manufacturing Holdings, Inc. Common Stock","2021-04-19 16:00:00-04:00",9.27,9.27,9.27,9.27,9.27,0
"AXL","American Axle & Manufacturing Holdings, Inc. Common Stock","2021-04-20 08:00:00-04:00",9.27,9.27,9.27,9.27,9.27,0
"AXL","American Axle & Manufacturing Holdings, Inc. Common Stock","2021-04-20 09:30:00-04:00",9.229999542236328,9.270000457763672,9.029999732971191,9.06999969482422,9.06999969482422,375156
"AXL","American Axle & Manufacturing Holdings, Inc. Common Stock","2021-04-20 10:30:00-04:00",9.06999969482422,9.06999969482422,8.869999885559082,8.899999618530273,8.899999618530273,243442
"AXL","American Axle & Manufacturing Holdings, Inc. Common Stock","2021-04-20 11:30:00-04:00",8.890000343322754,8.953700065612793,8.8100004196167,8.925000190734863,8.925000190734863,154710
"AXL","American Axle & Manufacturing Holdings, Inc. Common Stock","2021-04-20 12:30:00-04:00",8.925000190734863,8.930000305175781,8.805000305175781,8.864999771118164,8.864999771118164,165930
"AXL","American Axle & Manufacturing Holdings, Inc. Common Stock","2021-04-20 13:30:00-04:00",8.859999656677246,8.875,8.800000190734863,8.8100004196167,8.8100004196167,126882
"AXL","American Axle & Manufacturing Holdings, Inc. Common Stock","2021-04-20 14:30:00-04:00",8.8100004196167,8.899999618530273,8.779999732971191,8.895000457763672,8.895000457763672,199774
"AXL","American Axle & Manufacturing Holdings, Inc. Common Stock","2021-04-20 15:30:00-04:00",8.890000343322754,8.979999542236328,8.875,8.930000305175781,8.930000305175781,408097
"AXL","American Axle & Manufacturing Holdings, Inc. Common Stock","2021-04-20 16:00:00-04:00",8.93,8.94,8.93,8.93,8.93,0
"AXL","American Axle & Manufacturing Holdings, Inc. Common Stock","2021-04-20 18:00:00-04:00",8.96,8.96,8.96,8.96,8.96,0
"AXL","American Axle & Manufacturing Holdings, Inc. Common Stock","2021-04-21 08:00:00-04:00",8.93,8.95,8.93,8.95,8.95,0
"AXL","American Axle & Manufacturing Holdings, Inc. Common Stock","2021-04-21 09:30:00-04:00",8.899999618530273,9.109999656677246,8.760000228881836,9.06999969482422,9.06999969482422,317577
"AXL","American Axle & Manufacturing Holdings, Inc. Common Stock","2021-04-21 10:30:00-04:00",9.074999809265137,9.199999809265137,9.06999969482422,9.079999923706056,9.079999923706056,212051
"AXL","American Axle & Manufacturing Holdings, Inc. Common Stock","2021-04-21 11:30:00-04:00",9.079999923706056,9.199999809265137,9.05500030517578,9.109999656677246,9.109999656677246,97408
"AXL","American Axle & Manufacturing Holdings, Inc. Common Stock","2021-04-21 12:30:00-04:00",9.125,9.175000190734863,9.074999809265137,9.109999656677246,9.109999656677246,75172
"AXL","American Axle & Manufacturing Holdings, Inc. Common Stock","2021-04-21 13:30:00-04:00",9.104999542236328,9.219799995422363,9.100000381469728,9.15999984741211,9.15999984741211,83222
"AXL","American Axle & Manufacturing Holdings, Inc. Common Stock","2021-04-21 14:30:00-04:00",9.154999732971191,9.239999771118164,9.154999732971191,9.204999923706056,9.204999923706056,94972
"AXL","American Axle & Manufacturing Holdings, Inc. Common Stock","2021-04-21 15:30:00-04:00",9.210000038146973,9.244999885559082,9.199999809265137,9.229999542236328,9.229999542236328,189906
"AXL","American Axle & Manufacturing Holdings, Inc. Common Stock","2021-04-21 16:00:00-04:00",9.23,9.23,9.1164,9.23,9.23,0
"AXL","American Axle & Manufacturing Holdings, Inc. Common Stock","2021-04-21 18:00:00-04:00",9.23,9.23,9.23,9.23,9.23,0
"AXL","American Axle & Manufacturing Holdings, Inc. Common Stock","2021-04-22 08:00:00-04:00",9.23,9.23,9.23,9.23,9.23,0
"AXL","American Axle & Manufacturing Holdings, Inc. Common Stock","2021-04-22 09:30:00-04:00",9.270000457763672,9.279999732971191,9.130000114440918,9.130000114440918,9.130000114440918,246944
"AXL","American Axle & Manufacturing Holdings, Inc. Common Stock","2021-04-22 10:30:00-04:00",9.130000114440918,9.25,9.100000381469728,9.244999885559082,9.244999885559082,144872
"AXL","American Axle & Manufacturing Holdings, Inc. Common Stock","2021-04-22 11:30:00-04:00",9.244999885559082,9.30500030517578,9.229999542236328,9.260000228881836,9.260000228881836,108999
"AXL","American Axle & Manufacturing Holdings, Inc. Common Stock","2021-04-22 12:30:00-04:00",9.260000228881836,9.329999923706056,9.119999885559082,9.210000038146973,9.210000038146973,148108
"AXL","American Axle & Manufacturing Holdings, Inc. Common Stock","2021-04-22 13:30:00-04:00",9.204999923706056,9.210000038146973,9.0600004196167,9.1850004196167,9.1850004196167,199372
"AXL","American Axle & Manufacturing Holdings, Inc. Common Stock","2021-04-22 14:30:00-04:00",9.1850004196167,9.21500015258789,9.085000038146973,9.109999656677246,9.109999656677246,128052
"AXL","American Axle & Manufacturing Holdings, Inc. Common Stock","2021-04-22 15:30:00-04:00",9.104999542236328,9.170000076293944,9.06999969482422,9.06999969482422,9.06999969482422,208043
"AXL","American Axle & Manufacturing Holdings, Inc. Common Stock","2021-04-22 16:00:00-04:00",9.07,9.07,9.07,9.07,9.07,0
"AXL","American Axle & Manufacturing Holdings, Inc. Common Stock","2021-04-23 09:30:00-04:00",9.149999618530272,9.420000076293944,9.06999969482422,9.415800094604492,9.415800094604492,196887
"AXL","American Axle & Manufacturing Holdings, Inc. Common Stock","2021-04-23 10:30:00-04:00",9.404999732971191,9.4399995803833,9.359999656677246,9.390000343322754,9.390000343322754,136117
"AXL","American Axle & Manufacturing Holdings, Inc. Common Stock","2021-04-23 11:30:00-04:00",9.39009952545166,9.4350004196167,9.329999923706056,9.399999618530272,9.399999618530272,200310
"AXL","American Axle & Manufacturing Holdings, Inc. Common Stock","2021-04-23 12:30:00-04:00",9.404999732971191,9.44499969482422,9.380000114440918,9.4399995803833,9.4399995803833,121517
"AXL","American Axle & Manufacturing Holdings, Inc. Common Stock","2021-04-23 13:30:00-04:00",9.4399995803833,9.82859992980957,9.43000030517578,9.75100040435791,9.75100040435791,796233
"AXL","American Axle & Manufacturing Holdings, Inc. Common Stock","2021-04-23 14:30:00-04:00",9.75450038909912,9.854999542236328,9.720000267028809,9.84000015258789,9.84000015258789,396328
"AXL","American Axle & Manufacturing Holdings, Inc. Common Stock","2021-04-23 15:30:00-04:00",9.835000038146973,9.869999885559082,9.739999771118164,9.75,9.75,345319
"AXL","American Axle & Manufacturing Holdings, Inc. Common Stock","2021-04-23 16:00:00-04:00",9.75,9.79,9.75,9.75,9.75,0
"AXL","American Axle & Manufacturing Holdings, Inc. Common Stock","2021-04-23 17:00:00-04:00",9.79,9.79,9.77,9.77,9.77,0
"AXL","American Axle & Manufacturing Holdings, Inc. Common Stock","2021-04-23 19:00:00-04:00",9.79,9.92,9.79,9.85,9.85,0
"AXL","American Axle & Manufacturing Holdings, Inc. Common Stock","2021-04-26 08:00:00-04:00",9.75,9.8,9.75,9.8,9.8,0
"AXL","American Axle & Manufacturing Holdings, Inc. Common Stock","2021-04-26 09:30:00-04:00",9.899999618530272,10.06999969482422,9.869999885559082,9.869999885559082,9.869999885559082,309892
"AXL","American Axle & Manufacturing Holdings, Inc. Common Stock","2021-04-26 10:30:00-04:00",9.869999885559082,9.899999618530272,9.814200401306152,9.899100303649902,9.899100303649902,127516
"AXL","American Axle & Manufacturing Holdings, Inc. Common Stock","2021-04-26 11:30:00-04:00",9.899999618530272,9.914999961853027,9.84000015258789,9.850000381469728,9.850000381469728,119987
"AXL","American Axle & Manufacturing Holdings, Inc. Common Stock","2021-04-26 12:30:00-04:00",9.859999656677246,9.888699531555176,9.829999923706056,9.829999923706056,9.829999923706056,113639
"AXL","American Axle & Manufacturing Holdings, Inc. Common Stock","2021-04-26 13:30:00-04:00",9.84000015258789,9.850000381469728,9.8100004196167,9.835000038146973,9.835000038146973,66122
"AXL","American Axle & Manufacturing Holdings, Inc. Common Stock","2021-04-26 14:30:00-04:00",9.835000038146973,9.890000343322754,9.80500030517578,9.829999923706056,9.829999923706056,261589
"AXL","American Axle & Manufacturing Holdings, Inc. Common Stock","2021-04-26 15:30:00-04:00",9.829999923706056,9.890000343322754,9.8149995803833,9.850000381469728,9.850000381469728,222933
"AXL","American Axle & Manufacturing Holdings, Inc. Common Stock","2021-04-26 16:00:00-04:00",9.85,9.85,9.85,9.85,9.85,0
"AXL","American Axle & Manufacturing Holdings, Inc. Common Stock","2021-04-26 18:00:00-04:00",9.85,9.85,9.85,9.85,9.85,0
"AXL","American Axle & Manufacturing Holdings, Inc. Common Stock","2021-04-27 08:00:00-04:00",9.85,9.85,9.85,9.85,9.85,0
"AXL","American Axle & Manufacturing Holdings, Inc. Common Stock","2021-04-27 09:30:00-04:00",9.859999656677246,9.975000381469728,9.779999732971191,9.93000030517578,9.93000030517578,202939
"AXL","American Axle & Manufacturing Holdings, Inc. Common Stock","2021-04-27 10:30:00-04:00",9.925000190734863,10.020000457763672,9.875,9.970000267028809,9.970000267028809,178090
"AXL","American Axle & Manufacturing Holdings, Inc. Common Stock","2021-04-27 11:30:00-04:00",9.975000381469728,10.0649995803833,9.949999809265137,10.045000076293944,10.045000076293944,153250
"AXL","American Axle & Manufacturing Holdings, Inc. Common Stock","2021-04-27 12:30:00-04:00",10.045000076293944,10.0600004196167,9.984999656677246,10.05210018157959,10.05210018157959,137368
"AXL","American Axle & Manufacturing Holdings, Inc. Common Stock","2021-04-27 13:30:00-04:00",10.050000190734863,10.18000030517578,10.029999732971191,10.154999732971191,10.154999732971191,217560
"AXL","American Axle & Manufacturing Holdings, Inc. Common Stock","2021-04-27 14:30:00-04:00",10.154999732971191,10.18000030517578,10.05500030517578,10.074999809265137,10.074999809265137,162694
"AXL","American Axle & Manufacturing Holdings, Inc. Common Stock","2021-04-27 15:30:00-04:00",10.074999809265137,10.164999961853027,10.050000190734863,10.109999656677246,10.109999656677246,235395
"AXL","American Axle & Manufacturing Holdings, Inc. Common Stock","2021-04-27 16:00:00-04:00",10.11,10.11,10.11,10.11,10.11,0
"AXL","American Axle & Manufacturing Holdings, Inc. Common Stock","2021-04-28 07:00:00-04:00",10.14,10.14,10.14,10.14,10.14,0
"AXL","American Axle & Manufacturing Holdings, Inc. Common Stock","2021-04-28 09:00:00-04:00",10.14,10.15,10.14,10.15,10.15,0
"AXL","American Axle & Manufacturing Holdings, Inc. Common Stock","2021-04-28 09:30:00-04:00",10.170000076293944,10.20400047302246,10.010000228881836,10.109999656677246,10.109999656677246,232338
"AXL","American Axle & Manufacturing Holdings, Inc. Common Stock","2021-04-28 10:30:00-04:00",10.130000114440918,10.260000228881836,10.113300323486328,10.1899995803833,10.1899995803833,205908
"AXL","American Axle & Manufacturing Holdings, Inc. Common Stock","2021-04-28 11:30:00-04:00",10.199999809265137,10.225000381469728,10.135000228881836,10.149900436401367,10.149900436401367,101660
"AXL","American Axle & Manufacturing Holdings, Inc. Common Stock","2021-04-28 12:30:00-04:00",10.140000343322754,10.19499969482422,10.140000343322754,10.18000030517578,10.18000030517578,64659
"AXL","American Axle & Manufacturing Holdings, Inc. Common Stock","2021-04-28 13:30:00-04:00",10.170000076293944,10.229999542236328,10.119999885559082,10.21500015258789,10.21500015258789,152761
"AXL","American Axle & Manufacturing Holdings, Inc. Common Stock","2021-04-28 14:30:00-04:00",10.210000038146973,10.3100004196167,10.199999809265137,10.265000343322754,10.265000343322754,127007
"AXL","American Axle & Manufacturing Holdings, Inc. Common Stock","2021-04-28 15:30:00-04:00",10.260000228881836,10.300000190734863,10.220000267028809,10.260000228881836,10.260000228881836,194667
"AXL","American Axle & Manufacturing Holdings, Inc. Common Stock","2021-04-28 16:00:00-04:00",10.25,10.25,10.25,10.25,10.25,0
"AXL","American Axle & Manufacturing Holdings, Inc. Common Stock","2021-04-28 19:00:00-04:00",10.25,10.25,10.25,10.25,10.25,0
"AXL","American Axle & Manufacturing Holdings, Inc. Common Stock","2021-04-29 08:00:00-04:00",10.25,10.25,10.25,10.25,10.25,0
"AXL","American Axle & Manufacturing Holdings, Inc. Common Stock","2021-04-29 09:30:00-04:00",10.260000228881836,10.390000343322754,9.960000038146973,9.960000038146973,9.960000038146973,349066
"AXL","American Axle & Manufacturing Holdings, Inc. Common Stock","2021-04-29 10:30:00-04:00",9.960000038146973,9.970000267028809,9.789999961853027,9.850000381469728,9.850000381469728,295180
"AXL","American Axle & Manufacturing Holdings, Inc. Common Stock","2021-04-29 11:30:00-04:00",9.850000381469728,9.859999656677246,9.68000030517578,9.795000076293944,9.795000076293944,346453
"AXL","American Axle & Manufacturing Holdings, Inc. Common Stock","2021-04-29 12:30:00-04:00",9.789999961853027,9.890000343322754,9.770000457763672,9.850000381469728,9.850000381469728,187376
"AXL","American Axle & Manufacturing Holdings, Inc. Common Stock","2021-04-29 13:30:00-04:00",9.850000381469728,9.880000114440918,9.81999969482422,9.84000015258789,9.84000015258789,200663
"AXL","American Axle & Manufacturing Holdings, Inc. Common Stock","2021-04-29 14:30:00-04:00",9.850000381469728,9.859999656677246,9.760000228881836,9.765000343322754,9.765000343322754,126777
"AXL","American Axle & Manufacturing Holdings, Inc. Common Stock","2021-04-29 15:30:00-04:00",9.770000457763672,9.81999969482422,9.720000267028809,9.800000190734863,9.800000190734863,291788
"AXL","American Axle & Manufacturing Holdings, Inc. Common Stock","2021-04-29 16:00:00-04:00",9.8,9.8,9.8,9.8,9.8,0
"AXL","American Axle & Manufacturing Holdings, Inc. Common Stock","2021-05-03 07:00:00-04:00",9.28,9.28,9.28,9.28,9.28,0
"AXL","American Axle & Manufacturing Holdings, Inc. Common Stock","2021-05-03 08:00:00-04:00",9.28,9.32,9.28,9.32,9.32,0
"AXL","American Axle & Manufacturing Holdings, Inc. Common Stock","2021-05-03 09:30:00-04:00",9.359999656677246,9.524999618530272,9.359999656677246,9.40999984741211,9.40999984741211,233627
"AXL","American Axle & Manufacturing Holdings, Inc. Common Stock","2021-05-03 10:30:00-04:00",9.401100158691406,9.43000030517578,9.359999656677246,9.385000228881836,9.385000228881836,131455
"AXL","American Axle & Manufacturing Holdings, Inc. Common Stock","2021-05-03 11:30:00-04:00",9.385000228881836,9.579999923706056,9.380000114440918,9.5600004196167,9.5600004196167,285394
"AXL","American Axle & Manufacturing Holdings, Inc. Common Stock","2021-05-03 12:30:00-04:00",9.5649995803833,9.5649995803833,9.479999542236328,9.520000457763672,9.520000457763672,113851
"AXL","American Axle & Manufacturing Holdings, Inc. Common Stock","2021-05-03 13:30:00-04:00",9.515000343322754,9.614999771118164,9.510000228881836,9.609999656677246,9.609999656677246,105589
"AXL","American Axle & Manufacturing Holdings, Inc. Common Stock","2021-05-03 14:30:00-04:00",9.609999656677246,9.65999984741211,9.609999656677246,9.649999618530272,9.649999618530272,143875
"AXL","American Axle & Manufacturing Holdings, Inc. Common Stock","2021-05-03 15:30:00-04:00",9.645000457763672,9.649999618530272,9.600000381469728,9.600000381469728,9.600000381469728,239536
"AXL","American Axle & Manufacturing Holdings, Inc. Common Stock","2021-05-03 16:00:00-04:00",9.6,9.6,9.599,9.6,9.6,0
"AXL","American Axle & Manufacturing Holdings, Inc. Common Stock","2021-05-03 17:00:00-04:00",9.6,9.62,9.6,9.62,9.62,0
"AXL","American Axle & Manufacturing Holdings, Inc. Common Stock","2021-05-04 07:00:00-04:00",9.6,9.6,9.6,9.6,9.6,0
"AXL","American Axle & Manufacturing Holdings, Inc. Common Stock","2021-05-04 08:00:00-04:00",9.6,9.6,9.6,9.6,9.6,0
"AXL","American Axle & Manufacturing Holdings, Inc. Common Stock","2021-05-04 09:30:00-04:00",9.550000190734863,9.550000190734863,9.1899995803833,9.369999885559082,9.369999885559082,228192
"AXL","American Axle & Manufacturing Holdings, Inc. Common Stock","2021-05-04 10:30:00-04:00",9.382100105285645,9.420000076293944,9.239999771118164,9.260000228881836,9.260000228881836,200553
"AXL","American Axle & Manufacturing Holdings, Inc. Common Stock","2021-05-04 11:30:00-04:00",9.265000343322754,9.359999656677246,9.199999809265137,9.350000381469728,9.350000381469728,173018
"AXL","American Axle & Manufacturing Holdings, Inc. Common Stock","2021-05-04 12:30:00-04:00",9.34000015258789,9.390000343322754,9.3100004196167,9.380000114440918,9.380000114440918,78751
"AXL","American Axle & Manufacturing Holdings, Inc. Common Stock","2021-05-04 13:30:00-04:00",9.369999885559082,9.404999732971191,9.34000015258789,9.34000015258789,9.34000015258789,73601
"AXL","American Axle & Manufacturing Holdings, Inc. Common Stock","2021-05-04 14:30:00-04:00",9.335000038146973,9.350000381469728,9.300000190734863,9.345000267028809,9.345000267028809,82083
"AXL","American Axle & Manufacturing Holdings, Inc. Common Stock","2021-05-04 15:30:00-04:00",9.34000015258789,9.380000114440918,9.300000190734863,9.359999656677246,9.359999656677246,186070
"AXL","American Axle & Manufacturing Holdings, Inc. Common Stock","2021-05-04 16:00:00-04:00",9.37,9.37,9.25,9.37,9.37,0
"AXL","American Axle & Manufacturing Holdings, Inc. Common Stock","2021-05-04 17:00:00-04:00",9.37,9.37,9.37,9.37,9.37,0
"AXL","American Axle & Manufacturing Holdings, Inc. Common Stock","2021-05-05 08:00:00-04:00",9.37,9.37,9.37,9.37,9.37,0
"AXL","American Axle & Manufacturing Holdings, Inc. Common Stock","2021-05-05 09:30:00-04:00",9.470000267028809,9.6899995803833,9.4399995803833,9.470000267028809,9.470000267028809,202015
"AXL","American Axle & Manufacturing Holdings, Inc. Common Stock","2021-05-05 10:30:00-04:00",9.460000038146973,9.739999771118164,9.4399995803833,9.729999542236328,9.729999542236328,185573
"AXL","American Axle & Manufacturing Holdings, Inc. Common Stock","2021-05-05 11:30:00-04:00",9.71500015258789,9.859999656677246,9.71500015258789,9.770000457763672,9.770000457763672,151665
"AXL","American Axle & Manufacturing Holdings, Inc. Common Stock","2021-05-05 12:30:00-04:00",9.779999732971191,9.779999732971191,9.6899995803833,9.699999809265137,9.699999809265137,98972
"AXL","American Axle & Manufacturing Holdings, Inc. Common Stock","2021-05-05 13:30:00-04:00",9.699999809265137,9.755000114440918,9.675000190734863,9.739999771118164,9.739999771118164,86236
"AXL","American Axle & Manufacturing Holdings, Inc. Common Stock","2021-05-05 14:30:00-04:00",9.7431001663208,9.75,9.579999923706056,9.614999771118164,9.614999771118164,189103
"AXL","American Axle & Manufacturing Holdings, Inc. Common Stock","2021-05-05 15:30:00-04:00",9.609999656677246,9.649999618530272,9.59000015258789,9.649999618530272,9.649999618530272,172907
"AXL","American Axle & Manufacturing Holdings, Inc. Common Stock","2021-05-05 16:00:00-04:00",9.65,9.65,9.3,9.6,9.6,0
"AXL","American Axle & Manufacturing Holdings, Inc. Common Stock","2021-05-05 17:00:00-04:00",9.65,9.65,9.31,9.31,9.31,0
"AXL","American Axle & Manufacturing Holdings, Inc. Common Stock","2021-05-06 08:00:00-04:00",9.65,9.65,9.65,9.65,9.65,0
"AXL","American Axle & Manufacturing Holdings, Inc. Common Stock","2021-05-06 09:30:00-04:00",9.6899995803833,9.84000015258789,9.470000267028809,9.510000228881836,9.510000228881836,138306
"AXL","American Axle & Manufacturing Holdings, Inc. Common Stock","2021-05-06 10:30:00-04:00",9.510000228881836,9.640000343322754,9.510000228881836,9.600000381469728,9.600000381469728,117503
"AXL","American Axle & Manufacturing Holdings, Inc. Common Stock","2021-05-06 11:30:00-04:00",9.609999656677246,9.675000190734863,9.609999656677246,9.660099983215332,9.660099983215332,71055
"AXL","American Axle & Manufacturing Holdings, Inc. Common Stock","2021-05-06 12:30:00-04:00",9.660099983215332,9.6899995803833,9.619999885559082,9.68000030517578,9.68000030517578,63667
"AXL","American Axle & Manufacturing Holdings, Inc. Common Stock","2021-05-06 13:30:00-04:00",9.6850004196167,9.689900398254396,9.609999656677246,9.609999656677246,9.609999656677246,75820
"AXL","American Axle & Manufacturing Holdings, Inc. Common Stock","2021-05-06 14:30:00-04:00",9.609999656677246,9.68000030517578,9.585000038146973,9.670000076293944,9.670000076293944,107902
"AXL","American Axle & Manufacturing Holdings, Inc. Common Stock","2021-05-06 15:30:00-04:00",9.68000030517578,9.779999732971191,9.68000030517578,9.779999732971191,9.779999732971191,227082
"AXL","American Axle & Manufacturing Holdings, Inc. Common Stock","2021-05-06 16:00:00-04:00",9.76,9.76,9.759,9.76,9.76,0
"AXL","American Axle & Manufacturing Holdings, Inc. Common Stock","2021-05-06 19:00:00-04:00",9.95,9.95,9.95,9.95,9.95,0
"AXL","American Axle & Manufacturing Holdings, Inc. Common Stock","2021-05-07 07:00:00-04:00",9.96,10.14,9.96,10.14,10.14,0
"AXL","American Axle & Manufacturing Holdings, Inc. Common Stock","2021-05-07 08:00:00-04:00",9.95,10.15,9.35,9.8999,9.8999,0
"AXL","American Axle & Manufacturing Holdings, Inc. Common Stock","2021-05-07 09:00:00-04:00",9.9,10.15,9.9,10.01,10.01,0
"AXL","American Axle & Manufacturing Holdings, Inc. Common Stock","2021-05-07 09:30:00-04:00",9.90999984741211,10.25,9.84000015258789,10.199999809265137,10.199999809265137,380025
"AXL","American Axle & Manufacturing Holdings, Inc. Common Stock","2021-05-07 10:30:00-04:00",10.239999771118164,10.300000190734863,10.149999618530272,10.225000381469728,10.225000381469728,168595
"AXL","American Axle & Manufacturing Holdings, Inc. Common Stock","2021-05-07 11:30:00-04:00",10.220000267028809,10.34000015258789,10.210000038146973,10.335000038146973,10.335000038146973,243675
"AXL","American Axle & Manufacturing Holdings, Inc. Common Stock","2021-05-07 12:30:00-04:00",10.335000038146973,10.470000267028809,10.335000038146973,10.380000114440918,10.380000114440918,166435
"AXL","American Axle & Manufacturing Holdings, Inc. Common Stock","2021-05-07 13:30:00-04:00",10.380000114440918,10.470000267028809,10.34000015258789,10.4399995803833,10.4399995803833,178581
"AXL","American Axle & Manufacturing Holdings, Inc. Common Stock","2021-05-07 14:30:00-04:00",10.4350004196167,10.4350004196167,10.354999542236328,10.375,10.375,227637
"AXL","American Axle & Manufacturing Holdings, Inc. Common Stock","2021-05-07 15:30:00-04:00",10.380000114440918,10.479999542236328,10.380000114440918,10.479999542236328,10.479999542236328,305290
"AXL","American Axle & Manufacturing Holdings, Inc. Common Stock","2021-05-07 16:00:00-04:00",10.48,10.5,10.48,10.48,10.48,0
"AXL","American Axle & Manufacturing Holdings, Inc. Common Stock","2021-05-07 17:00:00-04:00",10.3,10.5,10.29,10.5,10.5,0
"AXL","American Axle & Manufacturing Holdings, Inc. Common Stock","2021-05-07 18:00:00-04:00",10.5,10.5,10.5,10.5,10.5,0
"AXL","American Axle & Manufacturing Holdings, Inc. Common Stock","2021-05-10 04:00:00-04:00",10.5,10.5,10.5,10.5,10.5,0
"AXL","American Axle & Manufacturing Holdings, Inc. Common Stock","2021-05-10 07:00:00-04:00",10.48,10.5,10.48,10.5,10.5,0
"AXL","American Axle & Manufacturing Holdings, Inc. Common Stock","2021-05-10 08:00:00-04:00",10.5,10.59,10.5,10.59,10.59,0
"AXL","American Axle & Manufacturing Holdings, Inc. Common Stock","2021-05-10 09:00:00-04:00",10.61,10.65,10.59,10.59,10.59,0
"AXL","American Axle & Manufacturing Holdings, Inc. Common Stock","2021-05-10 09:30:00-04:00",10.640000343322754,11.09000015258789,10.619999885559082,11.05500030517578,11.05500030517578,552146
"AXL","American Axle & Manufacturing Holdings, Inc. Common Stock","2021-05-10 10:30:00-04:00",11.050000190734863,11.1899995803833,10.93000030517578,11.125,11.125,273609
"AXL","American Axle & Manufacturing Holdings, Inc. Common Stock","2021-05-10 11:30:00-04:00",11.119999885559082,11.18000030517578,10.557499885559082,10.5600004196167,10.5600004196167,708052
"AXL","American Axle & Manufacturing Holdings, Inc. Common Stock","2021-05-10 12:30:00-04:00",10.5600004196167,10.666600227355955,10.520000457763672,10.619999885559082,10.619999885559082,496793
"AXL","American Axle & Manufacturing Holdings, Inc. Common Stock","2021-05-10 13:30:00-04:00",10.609999656677246,10.755000114440918,10.539999961853027,10.590100288391112,10.590100288391112,296272
"AXL","American Axle & Manufacturing Holdings, Inc. Common Stock","2021-05-10 14:30:00-04:00",10.600000381469728,10.604999542236328,10.380000114440918,10.40999984741211,10.40999984741211,239717
"AXL","American Axle & Manufacturing Holdings, Inc. Common Stock","2021-05-10 15:30:00-04:00",10.40999984741211,10.4350004196167,10.324999809265137,10.350000381469728,10.350000381469728,322718
"AXL","American Axle & Manufacturing Holdings, Inc. Common Stock","2021-05-10 16:00:00-04:00",10.35,10.41,10.35,10.41,10.41,0
"AXL","American Axle & Manufacturing Holdings, Inc. Common Stock","2021-05-10 17:00:00-04:00",10.15,10.35,10.15,10.35,10.35,0
"AXL","American Axle & Manufacturing Holdings, Inc. Common Stock","2021-05-10 19:00:00-04:00",10.39,10.39,10.39,10.39,10.39,0
"AXL","American Axle & Manufacturing Holdings, Inc. Common Stock","2021-05-11 04:00:00-04:00",10.21,10.21,10.21,10.21,10.21,0
"AXL","American Axle & Manufacturing Holdings, Inc. Common Stock","2021-05-11 07:00:00-04:00",10.22,10.23,10.22,10.22,10.22,0
"AXL","American Axle & Manufacturing Holdings, Inc. Common Stock","2021-05-11 08:00:00-04:00",10.21,10.36,10.0101,10.19,10.19,0
"AXL","American Axle & Manufacturing Holdings, Inc. Common Stock","2021-05-11 09:30:00-04:00",10.039999961853027,10.350000381469728,9.90999984741211,10.039999961853027,10.039999961853027,406862
"AXL","American Axle & Manufacturing Holdings, Inc. Common Stock","2021-05-11 10:30:00-04:00",10.029999732971191,10.164999961853027,9.93000030517578,10.0649995803833,10.0649995803833,203736
"AXL","American Axle & Manufacturing Holdings, Inc. Common Stock","2021-05-11 11:30:00-04:00",10.0600004196167,10.1899995803833,10.029999732971191,10.087499618530272,10.087499618530272,157981
"AXL","American Axle & Manufacturing Holdings, Inc. Common Stock","2021-05-11 12:30:00-04:00",10.09000015258789,10.220000267028809,10.0600004196167,10.220000267028809,10.220000267028809,86669
"AXL","American Axle & Manufacturing Holdings, Inc. Common Stock","2021-05-11 13:30:00-04:00",10.210100173950195,10.354999542236328,10.19499969482422,10.34000015258789,10.34000015258789,152530
"AXL","American Axle & Manufacturing Holdings, Inc. Common Stock","2021-05-11 14:30:00-04:00",10.34000015258789,10.4197998046875,10.25,10.385000228881836,10.385000228881836,118698
"AXL","American Axle & Manufacturing Holdings, Inc. Common Stock","2021-05-11 15:30:00-04:00",10.390000343322754,10.4350004196167,10.31999969482422,10.380000114440918,10.380000114440918,234185
"AXL","American Axle & Manufacturing Holdings, Inc. Common Stock","2021-05-11 16:00:00-04:00",10.39,10.48,10.39,10.48,10.48,0
"AXL","American Axle & Manufacturing Holdings, Inc. Common Stock","2021-05-12 07:00:00-04:00",10.75,10.75,10.75,10.75,10.75,0
"AXL","American Axle & Manufacturing Holdings, Inc. Common Stock","2021-05-12 08:00:00-04:00",10.39,10.39,10.39,10.39,10.39,0
"AXL","American Axle & Manufacturing Holdings, Inc. Common Stock","2021-05-12 09:30:00-04:00",10.300000190734863,10.460000038146973,10.09000015258789,10.260000228881836,10.260000228881836,187227
"AXL","American Axle & Manufacturing Holdings, Inc. Common Stock","2021-05-12 10:30:00-04:00",10.260000228881836,10.335000038146973,10.199999809265137,10.220000267028809,10.220000267028809,111392
"AXL","American Axle & Manufacturing Holdings, Inc. Common Stock","2021-05-12 11:30:00-04:00",10.220000267028809,10.25,10.15999984741211,10.15999984741211,10.15999984741211,112369
"AXL","American Axle & Manufacturing Holdings, Inc. Common Stock","2021-05-12 12:30:00-04:00",10.15999984741211,10.300000190734863,10.149999618530272,10.289999961853027,10.289999961853027,119514
"AXL","American Axle & Manufacturing Holdings, Inc. Common Stock","2021-05-12 13:30:00-04:00",10.282099723815918,10.324999809265137,10.239999771118164,10.260000228881836,10.260000228881836,213048
"AXL","American Axle & Manufacturing Holdings, Inc. Common Stock","2021-05-12 14:30:00-04:00",10.255000114440918,10.255000114440918,10.039999961853027,10.050000190734863,10.050000190734863,192566
"AXL","American Axle & Manufacturing Holdings, Inc. Common Stock","2021-05-12 15:30:00-04:00",10.039999961853027,10.079999923706056,9.994999885559082,10.029999732971191,10.029999732971191,265424
"AXL","American Axle & Manufacturing Holdings, Inc. Common Stock","2021-05-12 16:00:00-04:00",10.04,10.04,10.02,10.02,10.02,0
"AXL","American Axle & Manufacturing Holdings, Inc. Common Stock","2021-05-12 17:00:00-04:00",10.04,10.04,10.04,10.04,10.04,0
"AXL","American Axle & Manufacturing Holdings, Inc. Common Stock","2021-05-12 18:00:00-04:00",10.01,10.01,10.01,10.01,10.01,0
"AXL","American Axle & Manufacturing Holdings, Inc. Common Stock","2021-05-13 07:00:00-04:00",10.04,10.04,10.04,10.04,10.04,0
"AXL","American Axle & Manufacturing Holdings, Inc. Common Stock","2021-05-13 08:00:00-04:00",10.04,10.04,9.9,10.04,10.04,0
"AXL","American Axle & Manufacturing Holdings, Inc. Common Stock","2021-05-13 09:30:00-04:00",10.119999885559082,10.295000076293944,10.09000015258789,10.229999542236328,10.229999542236328,168919
"AXL","American Axle & Manufacturing Holdings, Inc. Common Stock","2021-05-13 10:30:00-04:00",10.220000267028809,10.25,10.095000267028809,10.100000381469728,10.100000381469728,91095
"AXL","American Axle & Manufacturing Holdings, Inc. Common Stock","2021-05-13 11:30:00-04:00",10.100000381469728,10.100000381469728,9.979999542236328,10.0649995803833,10.0649995803833,101590
"AXL","American Axle & Manufacturing Holdings, Inc. Common Stock","2021-05-13 12:30:00-04:00",10.079999923706056,10.09000015258789,9.960000038146973,9.989999771118164,9.989999771118164,90076
"AXL","American Axle & Manufacturing Holdings, Inc. Common Stock","2021-05-13 13:30:00-04:00",9.979999542236328,10.130000114440918,9.899999618530272,10.130000114440918,10.130000114440918,116870
"AXL","American Axle & Manufacturing Holdings, Inc. Common Stock","2021-05-13 14:30:00-04:00",10.130000114440918,10.19499969482422,10.130000114440918,10.170000076293944,10.170000076293944,177289
"AXL","American Axle & Manufacturing Holdings, Inc. Common Stock","2021-05-13 15:30:00-04:00",10.170000076293944,10.289999961853027,10.170000076293944,10.199999809265137,10.199999809265137,199062
"AXL","American Axle & Manufacturing Holdings, Inc. Common Stock","2021-05-13 16:00:00-04:00",10.19,10.19,10.19,10.19,10.19,157851
"AXL","American Axle & Manufacturing Holdings, Inc. Common Stock","2021-05-14 07:00:00-04:00",10.19,10.19,10.19,10.19,10.19,0
"AXL","American Axle & Manufacturing Holdings, Inc. Common Stock","2021-05-14 09:30:00-04:00",10.31999969482422,10.46500015258789,10.229999542236328,10.43000030517578,10.43000030517578,141367
"AXL","American Axle & Manufacturing Holdings, Inc. Common Stock","2021-05-14 10:30:00-04:00",10.41759967803955,10.44499969482422,10.3149995803833,10.329999923706056,10.329999923706056,115608
"AXL","American Axle & Manufacturing Holdings, Inc. Common Stock","2021-05-14 11:30:00-04:00",10.34000015258789,10.449999809265137,10.34000015258789,10.44499969482422,10.44499969482422,52548
"AXL","American Axle & Manufacturing Holdings, Inc. Common Stock","2021-05-14 12:30:00-04:00",10.44499969482422,10.5,10.425000190734863,10.5,10.5,70761
"AXL","American Axle & Manufacturing Holdings, Inc. Common Stock","2021-05-14 13:30:00-04:00",10.5,10.585000038146973,10.479999542236328,10.574999809265137,10.574999809265137,107277
"AXL","American Axle & Manufacturing Holdings, Inc. Common Stock","2021-05-14 14:30:00-04:00",10.574999809265137,10.630000114440918,10.550000190734863,10.614999771118164,10.614999771118164,77587
"AXL","American Axle & Manufacturing Holdings, Inc. Common Stock","2021-05-14 15:30:00-04:00",10.619999885559082,10.630000114440918,10.56999969482422,10.630000114440918,10.630000114440918,166550
"AXL","American Axle & Manufacturing Holdings, Inc. Common Stock","2021-05-14 16:00:00-04:00",10.63,10.63,10.63,10.63,10.63,0
"AXL","American Axle & Manufacturing Holdings, Inc. Common Stock","2021-05-14 18:00:00-04:00",10.6,10.62,10.6,10.62,10.62,0
"AXL","American Axle & Manufacturing Holdings, Inc. Common Stock","2021-05-17 07:00:00-04:00",10.62,10.62,10.62,10.62,10.62,0
"AXL","American Axle & Manufacturing Holdings, Inc. Common Stock","2021-05-17 09:30:00-04:00",10.609999656677246,10.800000190734863,10.484999656677246,10.59000015258789,10.59000015258789,177605
"AXL","American Axle & Manufacturing Holdings, Inc. Common Stock","2021-05-17 10:30:00-04:00",10.579999923706056,10.739999771118164,10.520000457763672,10.710000038146973,10.710000038146973,87609
"AXL","American Axle & Manufacturing Holdings, Inc. Common Stock","2021-05-17 11:30:00-04:00",10.720000267028809,10.795000076293944,10.699999809265137,10.795000076293944,10.795000076293944,101504
"AXL","American Axle & Manufacturing Holdings, Inc. Common Stock","2021-05-17 12:30:00-04:00",10.789999961853027,10.859999656677246,10.770000457763672,10.81999969482422,10.81999969482422,72393
"AXL","American Axle & Manufacturing Holdings, Inc. Common Stock","2021-05-17 13:30:00-04:00",10.810099601745604,10.869999885559082,10.789999961853027,10.84000015258789,10.84000015258789,61809
"AXL","American Axle & Manufacturing Holdings, Inc. Common Stock","2021-05-17 14:30:00-04:00",10.850000381469728,10.859999656677246,10.779999732971191,10.845000267028809,10.845000267028809,112419
"AXL","American Axle & Manufacturing Holdings, Inc. Common Stock","2021-05-17 15:30:00-04:00",10.850000381469728,10.854999542236328,10.795000076293944,10.800000190734863,10.800000190734863,206521
"AXL","American Axle & Manufacturing Holdings, Inc. Common Stock","2021-05-17 16:00:00-04:00",10.81,10.81,10.81,10.81,10.81,0
"AXL","American Axle & Manufacturing Holdings, Inc. Common Stock","2021-05-18 08:00:00-04:00",10.81,10.81,10.81,10.81,10.81,0
"AXL","American Axle & Manufacturing Holdings, Inc. Common Stock","2021-05-18 09:30:00-04:00",10.920000076293944,11.06999969482422,10.8100004196167,11.020000457763672,11.020000457763672,201983
"AXL","American Axle & Manufacturing Holdings, Inc. Common Stock","2021-05-18 10:30:00-04:00",11.010000228881836,11.109999656677246,11.010000228881836,11.085000038146973,11.085000038146973,229507
"AXL","American Axle & Manufacturing Holdings, Inc. Common Stock","2021-05-18 11:30:00-04:00",11.079999923706056,11.100000381469728,11.015000343322754,11.029999732971191,11.029999732971191,68049
"AXL","American Axle & Manufacturing Holdings, Inc. Common Stock","2021-05-18 12:30:00-04:00",11.020000457763672,11.06999969482422,11.020000457763672,11.0649995803833,11.0649995803833,58810
"AXL","American Axle & Manufacturing Holdings, Inc. Common Stock","2021-05-18 13:30:00-04:00",11.06999969482422,11.074999809265137,10.93000030517578,10.93000030517578,10.93000030517578,81634
"AXL","American Axle & Manufacturing Holdings, Inc. Common Stock","2021-05-18 14:30:00-04:00",10.93000030517578,10.9399995803833,10.81999969482422,10.854999542236328,10.854999542236328,149420
"AXL","American Axle & Manufacturing Holdings, Inc. Common Stock","2021-05-18 15:30:00-04:00",10.850000381469728,10.859999656677246,10.75,10.75,10.75,185738
"AXL","American Axle & Manufacturing Holdings, Inc. Common Stock","2021-05-18 16:00:00-04:00",10.75,10.75,10.75,10.75,10.75,0
"AXL","American Axle & Manufacturing Holdings, Inc. Common Stock","2021-05-18 17:00:00-04:00",10.75,10.75,10.75,10.75,10.75,0
"AXL","American Axle & Manufacturing Holdings, Inc. Common Stock","2021-05-18 18:00:00-04:00",10.75,10.75,10.75,10.75,10.75,0
"AXL","American Axle & Manufacturing Holdings, Inc. Common Stock","2021-05-19 06:00:00-04:00",10.75,10.75,10.75,10.75,10.75,0
"AXL","American Axle & Manufacturing Holdings, Inc. Common Stock","2021-05-19 08:00:00-04:00",10.65,10.65,10.63,10.63,10.63,0
"AXL","American Axle & Manufacturing Holdings, Inc. Common Stock","2021-05-19 09:30:00-04:00",10.479999542236328,10.579999923706056,10.329999923706056,10.449999809265137,10.449999809265137,243550
"AXL","American Axle & Manufacturing Holdings, Inc. Common Stock","2021-05-19 10:30:00-04:00",10.4399995803833,10.59000015258789,10.339900016784668,10.5600004196167,10.5600004196167,165849
"AXL","American Axle & Manufacturing Holdings, Inc. Common Stock","2021-05-19 11:30:00-04:00",10.550000190734863,10.654999732971191,10.520000457763672,10.640000343322754,10.640000343322754,96710
"AXL","American Axle & Manufacturing Holdings, Inc. Common Stock","2021-05-19 12:30:00-04:00",10.641599655151367,10.654999732971191,10.604999542236328,10.614999771118164,10.614999771118164,86525
"AXL","American Axle & Manufacturing Holdings, Inc. Common Stock","2021-05-19 13:30:00-04:00",10.614999771118164,10.68000030517578,10.550000190734863,10.65999984741211,10.65999984741211,88804
"AXL","American Axle & Manufacturing Holdings, Inc. Common Stock","2021-05-19 14:30:00-04:00",10.65999984741211,10.699999809265137,10.59000015258789,10.6899995803833,10.6899995803833,93356
"AXL","American Axle & Manufacturing Holdings, Inc. Common Stock","2021-05-19 15:30:00-04:00",10.68000030517578,10.75,10.635000228881836,10.75,10.75,173172
"AXL","American Axle & Manufacturing Holdings, Inc. Common Stock","2021-05-19 16:00:00-04:00",10.75,10.75,10.51,10.75,10.75,0
"AXL","American Axle & Manufacturing Holdings, Inc. Common Stock","2021-05-19 18:00:00-04:00",10.76,11.09,10.34,11.09,11.09,0
"AXL","American Axle & Manufacturing Holdings, Inc. Common Stock","2021-05-20 07:00:00-04:00",10.75,10.75,10.75,10.75,10.75,0
"AXL","American Axle & Manufacturing Holdings, Inc. Common Stock","2021-05-20 08:00:00-04:00",10.75,10.75,10.75,10.75,10.75,0
"AXL","American Axle & Manufacturing Holdings, Inc. Common Stock","2021-05-20 09:30:00-04:00",10.75,10.789999961853027,10.489999771118164,10.524999618530272,10.524999618530272,181820
"AXL","American Axle & Manufacturing Holdings, Inc. Common Stock","2021-05-20 10:30:00-04:00",10.523200035095217,10.56999969482422,10.479999542236328,10.494999885559082,10.494999885559082,105046
"AXL","American Axle & Manufacturing Holdings, Inc. Common Stock","2021-05-20 11:30:00-04:00",10.494999885559082,10.579999923706056,10.494999885559082,10.545000076293944,10.545000076293944,49032
"AXL","American Axle & Manufacturing Holdings, Inc. Common Stock","2021-05-20 12:30:00-04:00",10.539999961853027,10.640000343322754,10.53499984741211,10.614999771118164,10.614999771118164,32384
"AXL","American Axle & Manufacturing Holdings, Inc. Common Stock","2021-05-20 13:30:00-04:00",10.614999771118164,10.618000030517578,10.55500030517578,10.579999923706056,10.579999923706056,55451
"AXL","American Axle & Manufacturing Holdings, Inc. Common Stock","2021-05-20 14:30:00-04:00",10.575900077819824,10.654999732971191,10.5649995803833,10.604999542236328,10.604999542236328,120265
"AXL","American Axle & Manufacturing Holdings, Inc. Common Stock","2021-05-20 15:30:00-04:00",10.604999542236328,10.640000343322754,10.579999923706056,10.600000381469728,10.600000381469728,174598
"AXL","American Axle & Manufacturing Holdings, Inc. Common Stock","2021-05-20 16:00:00-04:00",10.6,10.6,10.6,10.6,10.6,0
"AXL","American Axle & Manufacturing Holdings, Inc. Common Stock","2021-05-20 17:00:00-04:00",10.48,10.48,10.41,10.41,10.41,0
"AXL","American Axle & Manufacturing Holdings, Inc. Common Stock","2021-05-21 08:00:00-04:00",10.6,10.6,10.6,10.6,10.6,0
"AXL","American Axle & Manufacturing Holdings, Inc. Common Stock","2021-05-21 09:30:00-04:00",10.720000267028809,11.074999809265137,10.720000267028809,11.010000228881836,11.010000228881836,257150
"AXL","American Axle & Manufacturing Holdings, Inc. Common Stock","2021-05-21 10:30:00-04:00",11.010000228881836,11.164999961853027,11.0,11.07009983062744,11.07009983062744,210598
"AXL","American Axle & Manufacturing Holdings, Inc. Common Stock","2021-05-21 11:30:00-04:00",11.079999923706056,11.149999618530272,11.060099601745604,11.109999656677246,11.109999656677246,100467
"AXL","American Axle & Manufacturing Holdings, Inc. Common Stock","2021-05-21 12:30:00-04:00",11.100000381469728,11.140000343322754,11.079999923706056,11.09000015258789,11.09000015258789,81661
"AXL","American Axle & Manufacturing Holdings, Inc. Common Stock","2021-05-21 13:30:00-04:00",11.09000015258789,11.164999961853027,11.09000015258789,11.15999984741211,11.15999984741211,73715
"AXL","American Axle & Manufacturing Holdings, Inc. Common Stock","2021-05-21 14:30:00-04:00",11.15999984741211,11.1899995803833,11.119999885559082,11.175000190734863,11.175000190734863,90608
"AXL","American Axle & Manufacturing Holdings, Inc. Common Stock","2021-05-21 15:30:00-04:00",11.170000076293944,11.19200038909912,11.109999656677246,11.125,11.125,147430
"AXL","American Axle & Manufacturing Holdings, Inc. Common Stock","2021-05-21 16:00:00-04:00",11.13,11.15,11.13,11.15,11.15,0
"AXL","American Axle & Manufacturing Holdings, Inc. Common Stock","2021-05-21 17:00:00-04:00",11.13,11.15,11.13,11.15,11.15,0
"AXL","American Axle & Manufacturing Holdings, Inc. Common Stock","2021-05-24 08:00:00-04:00",11.13,11.13,11.13,11.13,11.13,0
"AXL","American Axle & Manufacturing Holdings, Inc. Common Stock","2021-05-24 09:30:00-04:00",11.239999771118164,11.239999771118164,10.9399995803833,10.96500015258789,10.96500015258789,249752
"AXL","American Axle & Manufacturing Holdings, Inc. Common Stock","2021-05-24 10:30:00-04:00",10.960000038146973,11.029999732971191,10.94499969482422,11.0,11.0,102887
"AXL","American Axle & Manufacturing Holdings, Inc. Common Stock","2021-05-24 11:30:00-04:00",11.010000228881836,11.020000457763672,10.920000076293944,10.949999809265137,10.949999809265137,97556
"AXL","American Axle & Manufacturing Holdings, Inc. Common Stock","2021-05-24 12:30:00-04:00",10.954999923706056,10.979999542236328,10.920000076293944,10.949999809265137,10.949999809265137,38256
"AXL","American Axle & Manufacturing Holdings, Inc. Common Stock","2021-05-24 13:30:00-04:00",10.960000038146973,10.979999542236328,10.94499969482422,10.949999809265137,10.949999809265137,41435
"AXL","American Axle & Manufacturing Holdings, Inc. Common Stock","2021-05-24 14:30:00-04:00",10.960000038146973,11.0600004196167,10.954999923706056,11.005000114440918,11.005000114440918,152567
"AXL","American Axle & Manufacturing Holdings, Inc. Common Stock","2021-05-24 15:30:00-04:00",11.0,11.015000343322754,10.920000076293944,10.920000076293944,10.920000076293944,137776
"AXL","American Axle & Manufacturing Holdings, Inc. Common Stock","2021-05-24 16:00:00-04:00",10.92,10.92,10.92,10.92,10.92,0
"AXL","American Axle & Manufacturing Holdings, Inc. Common Stock","2021-05-25 09:30:00-04:00",11.0,11.079999923706056,10.770000457763672,10.800000190734863,10.800000190734863,188691
"AXL","American Axle & Manufacturing Holdings, Inc. Common Stock","2021-05-25 10:30:00-04:00",10.80500030517578,10.850000381469728,10.619999885559082,10.640000343322754,10.640000343322754,249650
"AXL","American Axle & Manufacturing Holdings, Inc. Common Stock","2021-05-25 11:30:00-04:00",10.640000343322754,10.699999809265137,10.619999885559082,10.699999809265137,10.699999809265137,95553
"AXL","American Axle & Manufacturing Holdings, Inc. Common Stock","2021-05-25 12:30:00-04:00",10.699999809265137,10.729999542236328,10.66219997406006,10.664999961853027,10.664999961853027,64427
"AXL","American Axle & Manufacturing Holdings, Inc. Common Stock","2021-05-25 13:30:00-04:00",10.664999961853027,10.729999542236328,10.65999984741211,10.664999961853027,10.664999961853027,60857
"AXL","American Axle & Manufacturing Holdings, Inc. Common Stock","2021-05-25 14:30:00-04:00",10.65999984741211,10.675000190734863,10.550000190734863,10.574999809265137,10.574999809265137,130924
"AXL","American Axle & Manufacturing Holdings, Inc. Common Stock","2021-05-25 15:30:00-04:00",10.56999969482422,10.579999923706056,10.470000267028809,10.470000267028809,10.470000267028809,333648
"AXL","American Axle & Manufacturing Holdings, Inc. Common Stock","2021-05-25 16:00:00-04:00",10.47,10.645417,10.47,10.645417,10.645417,0
"AXL","American Axle & Manufacturing Holdings, Inc. Common Stock","2021-05-25 17:00:00-04:00",10.48,10.48,10.45,10.45,10.45,0
"AXL","American Axle & Manufacturing Holdings, Inc. Common Stock","2021-05-25 18:00:00-04:00",10.41,10.47,10.41,10.47,10.47,0
"AXL","American Axle & Manufacturing Holdings, Inc. Common Stock","2021-05-25 19:00:00-04:00",10.45,10.45,10.45,10.45,10.45,0
"AXL","American Axle & Manufacturing Holdings, Inc. Common Stock","2021-05-26 06:00:00-04:00",10.47,10.47,10.47,10.47,10.47,0
"AXL","American Axle & Manufacturing Holdings, Inc. Common Stock","2021-05-26 08:00:00-04:00",10.5,10.8,10.48,10.62,10.62,0
"AXL","American Axle & Manufacturing Holdings, Inc. Common Stock","2021-05-26 09:30:00-04:00",10.529999732971191,10.649999618530272,10.449999809265137,10.595000267028809,10.595000267028809,123582
"AXL","American Axle & Manufacturing Holdings, Inc. Common Stock","2021-05-26 10:30:00-04:00",10.595000267028809,10.600000381469728,10.524999618530272,10.53499984741211,10.53499984741211,165663
"AXL","American Axle & Manufacturing Holdings, Inc. Common Stock","2021-05-26 11:30:00-04:00",10.53499984741211,10.614999771118164,10.515000343322754,10.600000381469728,10.600000381469728,85601
"AXL","American Axle & Manufacturing Holdings, Inc. Common Stock","2021-05-26 12:30:00-04:00",10.604999542236328,10.65999984741211,10.5600004196167,10.649999618530272,10.649999618530272,71801
"AXL","American Axle & Manufacturing Holdings, Inc. Common Stock","2021-05-26 13:30:00-04:00",10.649999618530272,10.770000457763672,10.609999656677246,10.755000114440918,10.755000114440918,119125
"AXL","American Axle & Manufacturing Holdings, Inc. Common Stock","2021-05-26 14:30:00-04:00",10.760000228881836,10.795000076293944,10.710000038146973,10.795000076293944,10.795000076293944,93178
"AXL","American Axle & Manufacturing Holdings, Inc. Common Stock","2021-05-26 15:30:00-04:00",10.800000190734863,10.8100004196167,10.75,10.770000457763672,10.770000457763672,168034
"AXL","American Axle & Manufacturing Holdings, Inc. Common Stock","2021-05-26 16:00:00-04:00",10.77,10.77,10.77,10.77,10.77,0
"AXL","American Axle & Manufacturing Holdings, Inc. Common Stock","2021-05-26 18:00:00-04:00",10.84,10.84,10.84,10.84,10.84,0
"AXL","American Axle & Manufacturing Holdings, Inc. Common Stock","2021-05-26 19:00:00-04:00",10.9199,10.9199,10.85,10.85,10.85,0
"AXL","American Axle & Manufacturing Holdings, Inc. Common Stock","2021-05-27 08:00:00-04:00",10.77,10.77,10.77,10.77,10.77,0
"AXL","American Axle & Manufacturing Holdings, Inc. Common Stock","2021-05-27 09:00:00-04:00",10.84,11.06,10.84,11.06,11.06,0
"AXL","American Axle & Manufacturing Holdings, Inc. Common Stock","2021-05-27 09:30:00-04:00",11.09000015258789,11.369999885559082,10.949999809265137,11.364999771118164,11.364999771118164,379341
"AXL","American Axle & Manufacturing Holdings, Inc. Common Stock","2021-05-27 10:30:00-04:00",11.369999885559082,11.466400146484377,11.350000381469728,11.350000381469728,11.350000381469728,212283
"AXL","American Axle & Manufacturing Holdings, Inc. Common Stock","2021-05-27 11:30:00-04:00",11.329999923706056,11.380000114440918,11.31999969482422,11.34000015258789,11.34000015258789,86266
"AXL","American Axle & Manufacturing Holdings, Inc. Common Stock","2021-05-27 12:30:00-04:00",11.34000015258789,11.524999618530272,11.329999923706056,11.329999923706056,11.329999923706056,218445
"AXL","American Axle & Manufacturing Holdings, Inc. Common Stock","2021-05-27 13:30:00-04:00",11.335000038146973,11.489999771118164,11.324600219726562,11.479999542236328,11.479999542236328,94496
"AXL","American Axle & Manufacturing Holdings, Inc. Common Stock","2021-05-27 14:30:00-04:00",11.475000381469728,11.475000381469728,11.380000114440918,11.43000030517578,11.43000030517578,166394
"AXL","American Axle & Manufacturing Holdings, Inc. Common Stock","2021-05-27 15:30:00-04:00",11.43000030517578,11.449999809265137,11.28499984741211,11.289999961853027,11.289999961853027,258086
"AXL","American Axle & Manufacturing Holdings, Inc. Common Stock","2021-05-27 16:00:00-04:00",11.29,11.2931,11.29,11.291411,11.291411,0
"AXL","American Axle & Manufacturing Holdings, Inc. Common Stock","2021-05-27 17:00:00-04:00",11.48,11.48,11.48,11.48,11.48,0
"AXL","American Axle & Manufacturing Holdings, Inc. Common Stock","2021-05-28 06:00:00-04:00",11.29,11.29,11.29,11.29,11.29,0
"AXL","American Axle & Manufacturing Holdings, Inc. Common Stock","2021-05-28 09:30:00-04:00",11.4399995803833,11.4399995803833,11.024999618530272,11.079999923706056,11.079999923706056,258476
"AXL","American Axle & Manufacturing Holdings, Inc. Common Stock","2021-05-28 10:30:00-04:00",11.09000015258789,11.12600040435791,11.055700302124023,11.0600004196167,11.0600004196167,94975
"AXL","American Axle & Manufacturing Holdings, Inc. Common Stock","2021-05-28 11:30:00-04:00",11.0649995803833,11.121299743652344,11.043100357055664,11.100000381469728,11.100000381469728,73062
"AXL","American Axle & Manufacturing Holdings, Inc. Common Stock","2021-05-28 12:30:00-04:00",11.09000015258789,11.175000190734863,11.074999809265137,11.170000076293944,11.170000076293944,42356
"AXL","American Axle & Manufacturing Holdings, Inc. Common Stock","2021-05-28 13:30:00-04:00",11.164999961853027,11.19499969482422,11.145000457763672,11.170000076293944,11.170000076293944,52327
"AXL","American Axle & Manufacturing Holdings, Inc. Common Stock","2021-05-28 14:30:00-04:00",11.164999961853027,11.1850004196167,11.119999885559082,11.154999732971191,11.154999732971191,68470
"AXL","American Axle & Manufacturing Holdings, Inc. Common Stock","2021-05-28 15:30:00-04:00",11.149999618530272,11.210000038146973,11.149999618530272,11.210000038146973,11.210000038146973,108967
"AXL","American Axle & Manufacturing Holdings, Inc. Common Stock","2021-05-28 16:00:00-04:00",11.2,11.2,11.2,11.2,11.2,0
"AXL","American Axle & Manufacturing Holdings, Inc. Common Stock","2021-06-01 08:00:00-04:00",11.2,11.2,11.2,11.2,11.2,0
"AXL","American Axle & Manufacturing Holdings, Inc. Common Stock","2021-06-01 09:30:00-04:00",11.390000343322754,11.770000457763672,11.260000228881836,11.764300346374512,11.764300346374512,390593
"AXL","American Axle & Manufacturing Holdings, Inc. Common Stock","2021-06-01 10:30:00-04:00",11.760000228881836,11.859999656677246,11.739999771118164,11.789999961853027,11.789999961853027,411989
"AXL","American Axle & Manufacturing Holdings, Inc. Common Stock","2021-06-01 11:30:00-04:00",11.789999961853027,11.864999771118164,11.720000267028809,11.854999542236328,11.854999542236328,119128
"AXL","American Axle & Manufacturing Holdings, Inc. Common Stock","2021-06-01 12:30:00-04:00",11.854999542236328,11.90999984741211,11.81999969482422,11.850000381469728,11.850000381469728,107240
"AXL","American Axle & Manufacturing Holdings, Inc. Common Stock","2021-06-01 13:30:00-04:00",11.854999542236328,11.925000190734863,11.854999542236328,11.885000228881836,11.885000228881836,107389
"AXL","American Axle & Manufacturing Holdings, Inc. Common Stock","2021-06-01 14:30:00-04:00",11.885000228881836,11.979999542236328,11.885000228881836,11.970100402832031,11.970100402832031,150550
"AXL","American Axle & Manufacturing Holdings, Inc. Common Stock","2021-06-01 15:30:00-04:00",11.970000267028809,11.975000381469728,11.904999732971191,11.920000076293944,11.920000076293944,258894
"AXL","American Axle & Manufacturing Holdings, Inc. Common Stock","2021-06-01 16:00:00-04:00",11.92,11.92,11.91,11.92,11.92,0
"AXL","American Axle & Manufacturing Holdings, Inc. Common Stock","2021-06-01 17:00:00-04:00",11.99,11.99,11.92,11.92,11.92,0
"AXL","American Axle & Manufacturing Holdings, Inc. Common Stock","2021-06-01 18:00:00-04:00",12.0,12.0,12.0,12.0,12.0,0
"AXL","American Axle & Manufacturing Holdings, Inc. Common Stock","2021-06-01 19:00:00-04:00",11.8,11.8,11.8,11.8,11.8,0
"AXL","American Axle & Manufacturing Holdings, Inc. Common Stock","2021-06-02 04:00:00-04:00",12.0,12.0,11.99,11.99,11.99,0
"AXL","American Axle & Manufacturing Holdings, Inc. Common Stock","2021-06-02 06:00:00-04:00",11.99,12.0,11.99,12.0,12.0,0
"AXL","American Axle & Manufacturing Holdings, Inc. Common Stock","2021-06-02 07:00:00-04:00",12.1,12.1,11.98,11.99,11.99,0
"AXL","American Axle & Manufacturing Holdings, Inc. Common Stock","2021-06-02 08:00:00-04:00",11.92,11.92,11.92,11.92,11.92,0
"AXL","American Axle & Manufacturing Holdings, Inc. Common Stock","2021-06-02 09:00:00-04:00",11.9899,11.99,11.9899,11.99,11.99,0
"AXL","American Axle & Manufacturing Holdings, Inc. Common Stock","2021-06-02 09:30:00-04:00",11.979999542236328,11.989999771118164,11.640000343322754,11.850000381469728,11.850000381469728,216808
"AXL","American Axle & Manufacturing Holdings, Inc. Common Stock","2021-06-02 10:30:00-04:00",11.850000381469728,11.880000114440918,11.8100004196167,11.829999923706056,11.829999923706056,90452
"AXL","American Axle & Manufacturing Holdings, Inc. Common Stock","2021-06-02 11:30:00-04:00",11.84000015258789,11.920000076293944,11.829999923706056,11.859999656677246,11.859999656677246,113764
"AXL","American Axle & Manufacturing Holdings, Inc. Common Stock","2021-06-02 12:30:00-04:00",11.859999656677246,11.880000114440918,11.795000076293944,11.829999923706056,11.829999923706056,73406
"AXL","American Axle & Manufacturing Holdings, Inc. Common Stock","2021-06-02 13:30:00-04:00",11.81999969482422,11.869999885559082,11.80500030517578,11.835000038146973,11.835000038146973,99606
"AXL","American Axle & Manufacturing Holdings, Inc. Common Stock","2021-06-02 14:30:00-04:00",11.84000015258789,11.869999885559082,11.829899787902832,11.84000015258789,11.84000015258789,55637
"AXL","American Axle & Manufacturing Holdings, Inc. Common Stock","2021-06-02 15:30:00-04:00",11.829999923706056,11.880000114440918,11.789999961853027,11.880000114440918,11.880000114440918,142213
"AXL","American Axle & Manufacturing Holdings, Inc. Common Stock","2021-06-02 16:00:00-04:00",11.88,11.89,11.88,11.88,11.88,0
"AXL","American Axle & Manufacturing Holdings, Inc. Common Stock","2021-06-02 17:00:00-04:00",11.88,11.88,11.88,11.88,11.88,0
"AXL","American Axle & Manufacturing Holdings, Inc. Common Stock","2021-06-02 18:00:00-04:00",11.81,11.87,11.81,11.87,11.87,0
"AXL","American Axle & Manufacturing Holdings, Inc. Common Stock","2021-06-02 19:00:00-04:00",11.96,11.99,11.96,11.99,11.99,0
"AXL","American Axle & Manufacturing Holdings, Inc. Common Stock","2021-06-03 07:00:00-04:00",12.17,12.5,11.67,11.67,11.67,0
"AXL","American Axle & Manufacturing Holdings, Inc. Common Stock","2021-06-03 09:30:00-04:00",11.979999542236328,12.34000015258789,11.829999923706056,12.34000015258789,12.34000015258789,477994
"AXL","American Axle & Manufacturing Holdings, Inc. Common Stock","2021-06-03 10:30:00-04:00",12.329999923706056,12.539999961853027,12.270000457763672,12.300000190734863,12.300000190734863,437648
"AXL","American Axle & Manufacturing Holdings, Inc. Common Stock","2021-06-03 11:30:00-04:00",12.300000190734863,12.44499969482422,12.289999961853027,12.4399995803833,12.4399995803833,164937
"AXL","American Axle & Manufacturing Holdings, Inc. Common Stock","2021-06-03 12:30:00-04:00",12.4399995803833,12.81999969482422,12.4399995803833,12.800000190734863,12.800000190734863,801816
"AXL","American Axle & Manufacturing Holdings, Inc. Common Stock","2021-06-03 13:30:00-04:00",12.789999961853027,13.05500030517578,12.75,12.80500030517578,12.80500030517578,580651
"AXL","American Axle & Manufacturing Holdings, Inc. Common Stock","2021-06-03 14:30:00-04:00",12.8100004196167,12.850000381469728,12.645000457763672,12.710000038146973,12.710000038146973,469110
"AXL","American Axle & Manufacturing Holdings, Inc. Common Stock","2021-06-03 15:30:00-04:00",12.6899995803833,12.880000114440918,12.630000114440918,12.869999885559082,12.869999885559082,442631
"AXL","American Axle & Manufacturing Holdings, Inc. Common Stock","2021-06-03 16:00:00-04:00",12.87,12.99,12.67,12.85,12.85,0
"AXL","American Axle & Manufacturing Holdings, Inc. Common Stock","2021-06-03 17:00:00-04:00",12.85,12.85,12.7,12.8,12.8,0
"AXL","American Axle & Manufacturing Holdings, Inc. Common Stock","2021-06-03 18:00:00-04:00",12.7,12.84,12.7,12.84,12.84,0
"AXL","American Axle & Manufacturing Holdings, Inc. Common Stock","2021-06-03 19:00:00-04:00",12.85,12.85,12.81,12.81,12.81,0
"AXL","American Axle & Manufacturing Holdings, Inc. Common Stock","2021-06-04 07:00:00-04:00",12.81,12.85,12.81,12.85,12.85,0
"AXL","American Axle & Manufacturing Holdings, Inc. Common Stock","2021-06-04 08:00:00-04:00",12.85,12.85,12.8,12.85,12.85,0
"AXL","American Axle & Manufacturing Holdings, Inc. Common Stock","2021-06-04 09:00:00-04:00",12.93,12.93,12.93,12.93,12.93,0
"AXL","American Axle & Manufacturing Holdings, Inc. Common Stock","2021-06-04 09:30:00-04:00",12.880000114440918,12.890000343322754,12.18000030517578,12.32009983062744,12.32009983062744,459056
"AXL","American Axle & Manufacturing Holdings, Inc. Common Stock","2021-06-04 10:30:00-04:00",12.329999923706056,12.399999618530272,12.239999771118164,12.258700370788574,12.258700370788574,116250
"AXL","American Axle & Manufacturing Holdings, Inc. Common Stock","2021-06-04 11:30:00-04:00",12.260000228881836,12.300000190734863,12.1899995803833,12.300000190734863,12.300000190734863,110780
"AXL","American Axle & Manufacturing Holdings, Inc. Common Stock","2021-06-04 12:30:00-04:00",12.289999961853027,12.380000114440918,12.289999961853027,12.345000267028809,12.345000267028809,113601
"AXL","American Axle & Manufacturing Holdings, Inc. Common Stock","2021-06-04 13:30:00-04:00",12.350000381469728,12.369999885559082,12.260000228881836,12.34000015258789,12.34000015258789,121456
"AXL","American Axle & Manufacturing Holdings, Inc. Common Stock","2021-06-04 14:30:00-04:00",12.34000015258789,12.359999656677246,12.324999809265137,12.359999656677246,12.359999656677246,134330
"AXL","American Axle & Manufacturing Holdings, Inc. Common Stock","2021-06-04 15:30:00-04:00",12.354999542236328,12.359999656677246,12.289999961853027,12.324999809265137,12.324999809265137,374674
"AXL","American Axle & Manufacturing Holdings, Inc. Common Stock","2021-06-04 16:00:00-04:00",12.33,12.33,12.14,12.14,12.14,0
"AXL","American Axle & Manufacturing Holdings, Inc. Common Stock","2021-06-04 17:00:00-04:00",12.33,12.33,12.33,12.33,12.33,0
"AXL","American Axle & Manufacturing Holdings, Inc. Common Stock","2021-06-04 19:00:00-04:00",12.44,12.44,12.43,12.43,12.43,0
"AXL","American Axle & Manufacturing Holdings, Inc. Common Stock","2021-06-07 07:00:00-04:00",12.44,12.44,12.44,12.44,12.44,0
"AXL","American Axle & Manufacturing Holdings, Inc. Common Stock","2021-06-07 09:00:00-04:00",12.33,12.45,12.33,12.44,12.44,0
"AXL","American Axle & Manufacturing Holdings, Inc. Common Stock","2021-06-07 09:30:00-04:00",12.380000114440918,12.470000267028809,12.220000267028809,12.279999732971191,12.279999732971191,155807
"AXL","American Axle & Manufacturing Holdings, Inc. Common Stock","2021-06-07 10:30:00-04:00",12.279999732971191,12.449999809265137,12.255000114440918,12.3100004196167,12.3100004196167,124791
"AXL","American Axle & Manufacturing Holdings, Inc. Common Stock","2021-06-07 11:30:00-04:00",12.3100004196167,12.404999732971191,12.3100004196167,12.362799644470217,12.362799644470217,65392
"AXL","American Axle & Manufacturing Holdings, Inc. Common Stock","2021-06-07 12:30:00-04:00",12.364999771118164,12.399999618530272,12.350000381469728,12.350000381469728,12.350000381469728,44934
"AXL","American Axle & Manufacturing Holdings, Inc. Common Stock","2021-06-07 13:30:00-04:00",12.359999656677246,12.359999656677246,12.239999771118164,12.279899597167969,12.279899597167969,54240
"AXL","American Axle & Manufacturing Holdings, Inc. Common Stock","2021-06-07 14:30:00-04:00",12.279999732971191,12.40999984741211,12.270000457763672,12.40999984741211,12.40999984741211,60947
"AXL","American Axle & Manufacturing Holdings, Inc. Common Stock","2021-06-07 15:30:00-04:00",12.420000076293944,12.43000030517578,12.399999618530272,12.420000076293944,12.420000076293944,159710
"AXL","American Axle & Manufacturing Holdings, Inc. Common Stock","2021-06-07 16:00:00-04:00",12.42,12.99,12.3735,12.42,12.42,0
"AXL","American Axle & Manufacturing Holdings, Inc. Common Stock","2021-06-07 17:00:00-04:00",12.42,12.42,12.42,12.42,12.42,0
"AXL","American Axle & Manufacturing Holdings, Inc. Common Stock","2021-06-07 18:00:00-04:00",12.42,12.42,12.42,12.42,12.42,0
"AXL","American Axle & Manufacturing Holdings, Inc. Common Stock","2021-06-08 04:00:00-04:00",12.42,12.42,12.42,12.42,12.42,0
"AXL","American Axle & Manufacturing Holdings, Inc. Common Stock","2021-06-08 07:00:00-04:00",12.42,12.47,12.42,12.42,12.42,0
"AXL","American Axle & Manufacturing Holdings, Inc. Common Stock","2021-06-08 08:00:00-04:00",12.62,12.62,12.42,12.5,12.5,0
"AXL","American Axle & Manufacturing Holdings, Inc. Common Stock","2021-06-08 09:30:00-04:00",12.399999618530272,12.59000015258789,12.210000038146973,12.59000015258789,12.59000015258789,138689
"AXL","American Axle & Manufacturing Holdings, Inc. Common Stock","2021-06-08 10:30:00-04:00",12.59000015258789,12.609999656677246,12.395000457763672,12.4399995803833,12.4399995803833,84576
"AXL","American Axle & Manufacturing Holdings, Inc. Common Stock","2021-06-08 11:30:00-04:00",12.44499969482422,12.59000015258789,12.44499969482422,12.55500030517578,12.55500030517578,57219
"AXL","American Axle & Manufacturing Holdings, Inc. Common Stock","2021-06-08 12:30:00-04:00",12.550000190734863,12.5600004196167,12.529999732971191,12.529999732971191,12.529999732971191,33530
"AXL","American Axle & Manufacturing Holdings, Inc. Common Stock","2021-06-08 13:30:00-04:00",12.520000457763672,12.59000015258789,12.520000457763672,12.5600004196167,12.5600004196167,42999
"AXL","American Axle & Manufacturing Holdings, Inc. Common Stock","2021-06-08 14:30:00-04:00",12.5600004196167,12.5649995803833,12.520000457763672,12.5600004196167,12.5600004196167,70652
"AXL","American Axle & Manufacturing Holdings, Inc. Common Stock","2021-06-08 15:30:00-04:00",12.55500030517578,12.600000381469728,12.550000190734863,12.56999969482422,12.56999969482422,177156
"AXL","American Axle & Manufacturing Holdings, Inc. Common Stock","2021-06-08 16:00:00-04:00",12.57,12.57,12.57,12.57,12.57,0
"AXL","American Axle & Manufacturing Holdings, Inc. Common Stock","2021-06-08 17:00:00-04:00",12.55,12.57,12.55,12.55,12.55,0
"AXL","American Axle & Manufacturing Holdings, Inc. Common Stock","2021-06-08 18:00:00-04:00",12.66,12.66,12.66,12.66,12.66,0
"AXL","American Axle & Manufacturing Holdings, Inc. Common Stock","2021-06-09 08:00:00-04:00",12.57,12.59,12.57,12.59,12.59,0
"AXL","American Axle & Manufacturing Holdings, Inc. Common Stock","2021-06-09 09:00:00-04:00",12.59,12.59,12.59,12.59,12.59,0
"AXL","American Axle & Manufacturing Holdings, Inc. Common Stock","2021-06-09 09:30:00-04:00",12.539999961853027,12.574999809265137,12.3100004196167,12.390000343322754,12.390000343322754,102394
"AXL","American Axle & Manufacturing Holdings, Inc. Common Stock","2021-06-09 10:30:00-04:00",12.40999984741211,12.40999984741211,12.3149995803833,12.329999923706056,12.329999923706056,52987
"AXL","American Axle & Manufacturing Holdings, Inc. Common Stock","2021-06-09 11:30:00-04:00",12.324999809265137,12.34000015258789,12.300000190734863,12.34000015258789,12.34000015258789,54439
"AXL","American Axle & Manufacturing Holdings, Inc. Common Stock","2021-06-09 12:30:00-04:00",12.34000015258789,12.359999656677246,12.3149995803833,12.31999969482422,12.31999969482422,41766
"AXL","American Axle & Manufacturing Holdings, Inc. Common Stock","2021-06-09 13:30:00-04:00",12.31999969482422,12.369999885559082,12.300000190734863,12.369999885559082,12.369999885559082,56473
"AXL","American Axle & Manufacturing Holdings, Inc. Common Stock","2021-06-09 14:30:00-04:00",12.369999885559082,12.404999732971191,12.329999923706056,12.329999923706056,12.329999923706056,86777
"AXL","American Axle & Manufacturing Holdings, Inc. Common Stock","2021-06-09 15:30:00-04:00",12.31999969482422,12.345000267028809,12.289999961853027,12.31999969482422,12.31999969482422,193929
"AXL","American Axle & Manufacturing Holdings, Inc. Common Stock","2021-06-09 16:00:00-04:00",12.32,12.39,12.32,12.32,12.32,0
"AXL","American Axle & Manufacturing Holdings, Inc. Common Stock","2021-06-09 17:00:00-04:00",12.32,12.32,12.32,12.32,12.32,0
"AXL","American Axle & Manufacturing Holdings, Inc. Common Stock","2021-06-10 08:00:00-04:00",12.32,12.32,12.32,12.32,12.32,0
"AXL","American Axle & Manufacturing Holdings, Inc. Common Stock","2021-06-10 09:30:00-04:00",12.350000381469728,12.420000076293944,12.15999984741211,12.1899995803833,12.1899995803833,213941
"AXL","American Axle & Manufacturing Holdings, Inc. Common Stock","2021-06-10 10:30:00-04:00",12.1850004196167,12.234999656677246,12.06999969482422,12.119999885559082,12.119999885559082,116036
"AXL","American Axle & Manufacturing Holdings, Inc. Common Stock","2021-06-10 11:30:00-04:00",12.114999771118164,12.151399612426758,12.079999923706056,12.140000343322754,12.140000343322754,54940
"AXL","American Axle & Manufacturing Holdings, Inc. Common Stock","2021-06-10 12:30:00-04:00",12.145000457763672,12.154999732971191,12.079999923706056,12.085000038146973,12.085000038146973,89006
"AXL","American Axle & Manufacturing Holdings, Inc. Common Stock","2021-06-10 13:30:00-04:00",12.085000038146973,12.100000381469728,12.045000076293944,12.045000076293944,12.045000076293944,62009
"AXL","American Axle & Manufacturing Holdings, Inc. Common Stock","2021-06-10 14:30:00-04:00",12.050000190734863,12.100000381469728,11.970000267028809,11.970000267028809,11.970000267028809,85441
"AXL","American Axle & Manufacturing Holdings, Inc. Common Stock","2021-06-10 15:30:00-04:00",11.975000381469728,11.975000381469728,11.880000114440918,11.880000114440918,11.880000114440918,249575
"AXL","American Axle & Manufacturing Holdings, Inc. Common Stock","2021-06-10 16:00:00-04:00",11.88,11.88,11.8,11.8,11.8,0
"AXL","American Axle & Manufacturing Holdings, Inc. Common Stock","2021-06-10 17:00:00-04:00",11.89,11.89,11.89,11.89,11.89,0
"AXL","American Axle & Manufacturing Holdings, Inc. Common Stock","2021-06-10 18:00:00-04:00",11.86,11.86,11.75,11.75,11.75,0
"AXL","American Axle & Manufacturing Holdings, Inc. Common Stock","2021-06-10 19:00:00-04:00",11.88,11.88,11.88,11.88,11.88,0
"AXL","American Axle & Manufacturing Holdings, Inc. Common Stock","2021-06-11 04:00:00-04:00",11.92,11.92,11.92,11.92,11.92,0
"AXL","American Axle & Manufacturing Holdings, Inc. Common Stock","2021-06-11 07:00:00-04:00",12.0,12.0,12.0,12.0,12.0,0
"AXL","American Axle & Manufacturing Holdings, Inc. Common Stock","2021-06-11 08:00:00-04:00",12.01,12.21,11.88,11.98,11.98,0
"AXL","American Axle & Manufacturing Holdings, Inc. Common Stock","2021-06-11 09:30:00-04:00",12.027999877929688,12.142399787902832,11.90999984741211,11.98009967803955,11.98009967803955,128873
"AXL","American Axle & Manufacturing Holdings, Inc. Common Stock","2021-06-11 10:30:00-04:00",11.989999771118164,12.039999961853027,11.9399995803833,11.970000267028809,11.970000267028809,132864
"AXL","American Axle & Manufacturing Holdings, Inc. Common Stock","2021-06-11 11:30:00-04:00",11.970000267028809,12.050000190734863,11.969900131225586,12.0,12.0,104843
"AXL","American Axle & Manufacturing Holdings, Inc. Common Stock","2021-06-11 12:30:00-04:00",12.010000228881836,12.149999618530272,12.0,12.135000228881836,12.135000228881836,80325
"AXL","American Axle & Manufacturing Holdings, Inc. Common Stock","2021-06-11 13:30:00-04:00",12.135000228881836,12.138799667358398,12.090999603271484,12.095000267028809,12.095000267028809,49765
"AXL","American Axle & Manufacturing Holdings, Inc. Common Stock","2021-06-11 14:30:00-04:00",12.100000381469728,12.140000343322754,12.079999923706056,12.100000381469728,12.100000381469728,96873
"AXL","American Axle & Manufacturing Holdings, Inc. Common Stock","2021-06-11 15:30:00-04:00",12.095000267028809,12.149999618530272,12.095000267028809,12.149999618530272,12.149999618530272,155909
"AXL","American Axle & Manufacturing Holdings, Inc. Common Stock","2021-06-11 16:00:00-04:00",12.15,12.15,12.15,12.15,12.15,0
"AXL","American Axle & Manufacturing Holdings, Inc. Common Stock","2021-06-11 17:00:00-04:00",12.14,12.14,12.14,12.14,12.14,0
"AXL","American Axle & Manufacturing Holdings, Inc. Common Stock","2021-06-11 19:00:00-04:00",11.97,11.97,11.97,11.97,11.97,0
"AXL","American Axle & Manufacturing Holdings, Inc. Common Stock","2021-06-14 08:00:00-04:00",12.33,12.33,12.33,12.33,12.33,0
"AXL","American Axle & Manufacturing Holdings, Inc. Common Stock","2021-06-14 09:00:00-04:00",12.15,12.18,12.15,12.18,12.18,0
"AXL","American Axle & Manufacturing Holdings, Inc. Common Stock","2021-06-14 09:30:00-04:00",12.06999969482422,12.109999656677246,11.654999732971191,11.690099716186523,11.690099716186523,339401
"AXL","American Axle & Manufacturing Holdings, Inc. Common Stock","2021-06-14 10:30:00-04:00",11.6899995803833,11.729999542236328,11.628999710083008,11.645999908447266,11.645999908447266,205568
"AXL","American Axle & Manufacturing Holdings, Inc. Common Stock","2021-06-14 11:30:00-04:00",11.645000457763672,11.720000267028809,11.584600448608398,11.611300468444824,11.611300468444824,152653
"AXL","American Axle & Manufacturing Holdings, Inc. Common Stock","2021-06-14 12:30:00-04:00",11.609999656677246,11.65999984741211,11.582599639892578,11.649999618530272,11.649999618530272,60036
"AXL","American Axle & Manufacturing Holdings, Inc. Common Stock","2021-06-14 13:30:00-04:00",11.645000457763672,11.675000190734863,11.609999656677246,11.640000343322754,11.640000343322754,91774
"AXL","American Axle & Manufacturing Holdings, Inc. Common Stock","2021-06-14 14:30:00-04:00",11.640000343322754,11.710000038146973,11.633099555969238,11.65999984741211,11.65999984741211,176190
"AXL","American Axle & Manufacturing Holdings, Inc. Common Stock","2021-06-14 15:30:00-04:00",11.670000076293944,11.68000030517578,11.609999656677246,11.619999885559082,11.619999885559082,213039
"AXL","American Axle & Manufacturing Holdings, Inc. Common Stock","2021-06-14 16:00:00-04:00",11.63,11.6305,11.63,11.6305,11.6305,0
"AXL","American Axle & Manufacturing Holdings, Inc. Common Stock","2021-06-14 17:00:00-04:00",11.7,11.7,11.7,11.7,11.7,0
"AXL","American Axle & Manufacturing Holdings, Inc. Common Stock","2021-06-14 18:00:00-04:00",11.7,11.7,11.7,11.7,11.7,0
"AXL","American Axle & Manufacturing Holdings, Inc. Common Stock","2021-06-14 19:00:00-04:00",11.7,11.7,11.7,11.7,11.7,0
"AXL","American Axle & Manufacturing Holdings, Inc. Common Stock","2021-06-15 07:00:00-04:00",11.8,11.8,11.7,11.7,11.7,0
"AXL","American Axle & Manufacturing Holdings, Inc. Common Stock","2021-06-15 08:00:00-04:00",11.7,11.7,11.62,11.62,11.62,0
"AXL","American Axle & Manufacturing Holdings, Inc. Common Stock","2021-06-15 09:00:00-04:00",11.62,11.62,11.62,11.62,11.62,0
"AXL","American Axle & Manufacturing Holdings, Inc. Common Stock","2021-06-15 09:30:00-04:00",11.59000015258789,11.75,11.520000457763672,11.56999969482422,11.56999969482422,162372
"AXL","American Axle & Manufacturing Holdings, Inc. Common Stock","2021-06-15 10:30:00-04:00",11.56999969482422,11.609999656677246,11.55500030517578,11.55500030517578,11.55500030517578,54573
"AXL","American Axle & Manufacturing Holdings, Inc. Common Stock","2021-06-15 11:30:00-04:00",11.550000190734863,11.65999984741211,11.5,11.65999984741211,11.65999984741211,83206
"AXL","American Axle & Manufacturing Holdings, Inc. Common Stock","2021-06-15 12:30:00-04:00",11.670000076293944,11.729999542236328,11.649999618530272,11.71500015258789,11.71500015258789,58073
"AXL","American Axle & Manufacturing Holdings, Inc. Common Stock","2021-06-15 13:30:00-04:00",11.710000038146973,11.729999542236328,11.699999809265137,11.71500015258789,11.71500015258789,58175
"AXL","American Axle & Manufacturing Holdings, Inc. Common Stock","2021-06-15 14:30:00-04:00",11.720000267028809,11.720000267028809,11.625,11.675000190734863,11.675000190734863,80872
"AXL","American Axle & Manufacturing Holdings, Inc. Common Stock","2021-06-15 15:30:00-04:00",11.670000076293944,11.760000228881836,11.65999984741211,11.755000114440918,11.755000114440918,192315
"AXL","American Axle & Manufacturing Holdings, Inc. Common Stock","2021-06-15 16:00:00-04:00",11.75,11.75,11.55,11.75,11.75,0
"AXL","American Axle & Manufacturing Holdings, Inc. Common Stock","2021-06-15 18:00:00-04:00",11.78,11.78,11.78,11.78,11.78,0
"AXL","American Axle & Manufacturing Holdings, Inc. Common Stock","2021-06-15 19:00:00-04:00",11.78,11.78,11.78,11.78,11.78,0
"AXL","American Axle & Manufacturing Holdings, Inc. Common Stock","2021-06-16 08:00:00-04:00",11.52,11.52,11.52,11.52,11.52,0
"AXL","American Axle & Manufacturing Holdings, Inc. Common Stock","2021-06-16 09:00:00-04:00",11.77,11.78,11.75,11.76,11.76,0
"AXL","American Axle & Manufacturing Holdings, Inc. Common Stock","2021-06-16 09:30:00-04:00",11.710000038146973,11.725000381469728,11.40999984741211,11.454999923706056,11.454999923706056,214788
"AXL","American Axle & Manufacturing Holdings, Inc. Common Stock","2021-06-16 10:30:00-04:00",11.460000038146973,11.699999809265137,11.460000038146973,11.699999809265137,11.699999809265137,87777
"AXL","American Axle & Manufacturing Holdings, Inc. Common Stock","2021-06-16 11:30:00-04:00",11.699999809265137,11.75,11.609999656677246,11.609999656677246,11.609999656677246,66856
"AXL","American Axle & Manufacturing Holdings, Inc. Common Stock","2021-06-16 12:30:00-04:00",11.61180019378662,11.640000343322754,11.520000457763672,11.520000457763672,11.520000457763672,49800
"AXL","American Axle & Manufacturing Holdings, Inc. Common Stock","2021-06-16 13:30:00-04:00",11.521300315856934,11.700400352478027,11.489999771118164,11.640000343322754,11.640000343322754,122661
"AXL","American Axle & Manufacturing Holdings, Inc. Common Stock","2021-06-16 14:30:00-04:00",11.630000114440918,11.649999618530272,11.479999542236328,11.596199989318848,11.596199989318848,151593
"AXL","American Axle & Manufacturing Holdings, Inc. Common Stock","2021-06-16 15:30:00-04:00",11.600000381469728,11.68000030517578,11.5600004196167,11.670000076293944,11.670000076293944,186372
"AXL","American Axle & Manufacturing Holdings, Inc. Common Stock","2021-06-16 16:00:00-04:00",11.67,11.67,11.51,11.51,11.51,0
"AXL","American Axle & Manufacturing Holdings, Inc. Common Stock","2021-06-17 08:00:00-04:00",11.67,11.67,11.65,11.65,11.65,0
"AXL","American Axle & Manufacturing Holdings, Inc. Common Stock","2021-06-17 09:00:00-04:00",11.65,11.65,11.65,11.65,11.65,0
"AXL","American Axle & Manufacturing Holdings, Inc. Common Stock","2021-06-17 09:30:00-04:00",11.68000030517578,11.720000267028809,11.3100004196167,11.421199798583984,11.421199798583984,259497
"AXL","American Axle & Manufacturing Holdings, Inc. Common Stock","2021-06-17 10:30:00-04:00",11.420000076293944,11.460000038146973,11.100000381469728,11.149999618530272,11.149999618530272,236706
"AXL","American Axle & Manufacturing Holdings, Inc. Common Stock","2021-06-17 11:30:00-04:00",11.149999618530272,11.15999984741211,10.779999732971191,10.779999732971191,10.779999732971191,203267
"AXL","American Axle & Manufacturing Holdings, Inc. Common Stock","2021-06-17 12:30:00-04:00",10.779999732971191,10.93000030517578,10.760000228881836,10.899999618530272,10.899999618530272,161248
"AXL","American Axle & Manufacturing Holdings, Inc. Common Stock","2021-06-17 13:30:00-04:00",10.895000457763672,10.979999542236328,10.850000381469728,10.869999885559082,10.869999885559082,143942
"AXL","American Axle & Manufacturing Holdings, Inc. Common Stock","2021-06-17 14:30:00-04:00",10.880000114440918,11.015000343322754,10.859999656677246,11.0,11.0,129220
"AXL","American Axle & Manufacturing Holdings, Inc. Common Stock","2021-06-17 15:30:00-04:00",11.0,11.029999732971191,10.90999984741211,10.970000267028809,10.970000267028809,276119
"AXL","American Axle & Manufacturing Holdings, Inc. Common Stock","2021-06-17 16:00:00-04:00",10.96,10.96,10.89,10.89,10.89,0
"AXL","American Axle & Manufacturing Holdings, Inc. Common Stock","2021-06-17 17:00:00-04:00",11.0,11.0,11.0,11.0,11.0,0
"AXL","American Axle & Manufacturing Holdings, Inc. Common Stock","2021-06-17 18:00:00-04:00",10.97,11.12,10.97,11.12,11.12,0
"AXL","American Axle & Manufacturing Holdings, Inc. Common Stock","2021-06-18 07:00:00-04:00",10.99,10.99,10.99,10.99,10.99,0
"AXL","American Axle & Manufacturing Holdings, Inc. Common Stock","2021-06-18 08:00:00-04:00",10.9,10.9,10.8,10.8,10.8,0
"AXL","American Axle & Manufacturing Holdings, Inc. Common Stock","2021-06-18 09:00:00-04:00",10.96,10.96,10.96,10.96,10.96,0
"AXL","American Axle & Manufacturing Holdings, Inc. Common Stock","2021-06-18 09:30:00-04:00",10.710000038146973,10.829999923706056,10.380000114440918,10.390000343322754,10.390000343322754,487071
"AXL","American Axle & Manufacturing Holdings, Inc. Common Stock","2021-06-18 10:30:00-04:00",10.380000114440918,10.4399995803833,10.30500030517578,10.31999969482422,10.31999969482422,266047
"AXL","American Axle & Manufacturing Holdings, Inc. Common Stock","2021-06-18 11:30:00-04:00",10.31999969482422,10.4350004196167,10.3100004196167,10.414999961853027,10.414999961853027,113836
"AXL","American Axle & Manufacturing Holdings, Inc. Common Stock","2021-06-18 12:30:00-04:00",10.414999961853027,10.425000190734863,10.380000114440918,10.390000343322754,10.390000343322754,211536
"AXL","American Axle & Manufacturing Holdings, Inc. Common Stock","2021-06-18 13:30:00-04:00",10.385000228881836,10.4399995803833,10.380000114440918,10.414999961853027,10.414999961853027,180293
"AXL","American Axle & Manufacturing Holdings, Inc. Common Stock","2021-06-18 14:30:00-04:00",10.414999961853027,10.414999961853027,10.295000076293944,10.375,10.375,169487
"AXL","American Axle & Manufacturing Holdings, Inc. Common Stock","2021-06-18 15:30:00-04:00",10.380000114440918,10.510000228881836,10.34000015258789,10.510000228881836,10.510000228881836,641788
"AXL","American Axle & Manufacturing Holdings, Inc. Common Stock","2021-06-18 16:00:00-04:00",10.5,10.5,10.466056,10.466056,10.466056,0
"AXL","American Axle & Manufacturing Holdings, Inc. Common Stock","2021-06-21 08:00:00-04:00",10.5,10.5,10.5,10.5,10.5,0
"AXL","American Axle & Manufacturing Holdings, Inc. Common Stock","2021-06-21 09:30:00-04:00",10.65999984741211,10.850000381469728,10.579999923706056,10.81999969482422,10.81999969482422,295293
"AXL","American Axle & Manufacturing Holdings, Inc. Common Stock","2021-06-21 10:30:00-04:00",10.81999969482422,10.81999969482422,10.670000076293944,10.725000381469728,10.725000381469728,149363
"AXL","American Axle & Manufacturing Holdings, Inc. Common Stock","2021-06-21 11:30:00-04:00",10.729999542236328,10.8149995803833,10.727700233459473,10.760000228881836,10.760000228881836,70205
"AXL","American Axle & Manufacturing Holdings, Inc. Common Stock","2021-06-21 12:30:00-04:00",10.770000457763672,10.8100004196167,10.739999771118164,10.755000114440918,10.755000114440918,64484
"AXL","American Axle & Manufacturing Holdings, Inc. Common Stock","2021-06-21 13:30:00-04:00",10.760000228881836,10.858699798583984,10.741299629211426,10.835000038146973,10.835000038146973,84662
"AXL","American Axle & Manufacturing Holdings, Inc. Common Stock","2021-06-21 14:30:00-04:00",10.835000038146973,10.869999885559082,10.8100004196167,10.84000015258789,10.84000015258789,166007
"AXL","American Axle & Manufacturing Holdings, Inc. Common Stock","2021-06-21 15:30:00-04:00",10.835000038146973,10.869500160217283,10.739999771118164,10.760000228881836,10.760000228881836,263977
"AXL","American Axle & Manufacturing Holdings, Inc. Common Stock","2021-06-21 16:00:00-04:00",10.77,10.9,10.77,10.77,10.77,0
"AXL","American Axle & Manufacturing Holdings, Inc. Common Stock","2021-06-21 17:00:00-04:00",10.78,10.78,10.78,10.78,10.78,0
"AXL","American Axle & Manufacturing Holdings, Inc. Common Stock","2021-06-21 18:00:00-04:00",10.85,10.85,10.85,10.85,10.85,0
"AXL","American Axle & Manufacturing Holdings, Inc. Common Stock","2021-06-22 04:00:00-04:00",10.91,10.91,10.91,10.91,10.91,0
"AXL","American Axle & Manufacturing Holdings, Inc. Common Stock","2021-06-22 07:00:00-04:00",10.92,10.92,10.92,10.92,10.92,0
"AXL","American Axle & Manufacturing Holdings, Inc. Common Stock","2021-06-22 08:00:00-04:00",10.89,10.89,10.77,10.77,10.77,0
"AXL","American Axle & Manufacturing Holdings, Inc. Common Stock","2021-06-22 09:00:00-04:00",10.78,10.78,10.77,10.77,10.77,0
"AXL","American Axle & Manufacturing Holdings, Inc. Common Stock","2021-06-22 09:30:00-04:00",10.710000038146973,10.75,10.5,10.609999656677246,10.609999656677246,162144
"AXL","American Axle & Manufacturing Holdings, Inc. Common Stock","2021-06-22 10:30:00-04:00",10.59000015258789,10.699999809265137,10.5600004196167,10.619999885559082,10.619999885559082,81253
"AXL","American Axle & Manufacturing Holdings, Inc. Common Stock","2021-06-22 11:30:00-04:00",10.619999885559082,10.619999885559082,10.529000282287598,10.585000038146973,10.585000038146973,186093
"AXL","American Axle & Manufacturing Holdings, Inc. Common Stock","2021-06-22 12:30:00-04:00",10.579999923706056,10.604999542236328,10.520000457763672,10.55500030517578,10.55500030517578,185639
"AXL","American Axle & Manufacturing Holdings, Inc. Common Stock","2021-06-22 13:30:00-04:00",10.55500030517578,10.697799682617188,10.539999961853027,10.670000076293944,10.670000076293944,99391
"AXL","American Axle & Manufacturing Holdings, Inc. Common Stock","2021-06-22 14:30:00-04:00",10.675000190734863,10.774999618530272,10.65999984741211,10.75,10.75,77483
"AXL","American Axle & Manufacturing Holdings, Inc. Common Stock","2021-06-22 15:30:00-04:00",10.744999885559082,10.80500030517578,10.744999885559082,10.789999961853027,10.789999961853027,141663
"AXL","American Axle & Manufacturing Holdings, Inc. Common Stock","2021-06-22 16:00:00-04:00",10.79,10.8,10.789,10.8,10.8,0
"AXL","American Axle & Manufacturing Holdings, Inc. Common Stock","2021-06-22 17:00:00-04:00",10.8,10.8,10.8,10.8,10.8,0
"AXL","American Axle & Manufacturing Holdings, Inc. Common Stock","2021-06-22 18:00:00-04:00",10.8,10.8,10.8,10.8,10.8,0
"AXL","American Axle & Manufacturing Holdings, Inc. Common Stock","2021-06-23 07:00:00-04:00",10.88,10.88,10.83,10.83,10.83,0
"AXL","American Axle & Manufacturing Holdings, Inc. Common Stock","2021-06-23 08:00:00-04:00",10.83,10.83,10.79,10.79,10.79,0
"AXL","American Axle & Manufacturing Holdings, Inc. Common Stock","2021-06-23 09:30:00-04:00",10.9399995803833,10.960000038146973,10.800000190734863,10.9399995803833,10.9399995803833,91262
"AXL","American Axle & Manufacturing Holdings, Inc. Common Stock","2021-06-23 10:30:00-04:00",10.9399995803833,10.970000267028809,10.850000381469728,10.9350004196167,10.9350004196167,74987
"AXL","American Axle & Manufacturing Holdings, Inc. Common Stock","2021-06-23 11:30:00-04:00",10.93000030517578,11.029999732971191,10.880000114440918,11.029999732971191,11.029999732971191,51892
"AXL","American Axle & Manufacturing Holdings, Inc. Common Stock","2021-06-23 12:30:00-04:00",11.020000457763672,11.09000015258789,10.979999542236328,11.079999923706056,11.079999923706056,92669
"AXL","American Axle & Manufacturing Holdings, Inc. Common Stock","2021-06-23 13:30:00-04:00",11.085000038146973,11.129899978637695,11.06999969482422,11.09000015258789,11.09000015258789,87472
"AXL","American Axle & Manufacturing Holdings, Inc. Common Stock","2021-06-23 14:30:00-04:00",11.09000015258789,11.104999542236328,11.039999961853027,11.095000267028809,11.095000267028809,81239
"AXL","American Axle & Manufacturing Holdings, Inc. Common Stock","2021-06-23 15:30:00-04:00",11.095000267028809,11.100000381469728,11.0,11.029999732971191,11.029999732971191,205825
"AXL","American Axle & Manufacturing Holdings, Inc. Common Stock","2021-06-23 16:00:00-04:00",11.03,11.03,11.03,11.03,11.03,0
"AXL","American Axle & Manufacturing Holdings, Inc. Common Stock","2021-06-23 17:00:00-04:00",11.02,11.02,11.02,11.02,11.02,0
"AXL","American Axle & Manufacturing Holdings, Inc. Common Stock","2021-06-24 07:00:00-04:00",11.2,11.2,11.2,11.2,11.2,0
"AXL","American Axle & Manufacturing Holdings, Inc. Common Stock","2021-06-24 09:30:00-04:00",11.1899995803833,11.324999809265137,11.14009952545166,11.25,11.25,171163
"AXL","American Axle & Manufacturing Holdings, Inc. Common Stock","2021-06-24 10:30:00-04:00",11.260000228881836,11.260000228881836,11.100000381469728,11.119999885559082,11.119999885559082,93136
"AXL","American Axle & Manufacturing Holdings, Inc. Common Stock","2021-06-24 11:30:00-04:00",11.114999771118164,11.135000228881836,11.069899559020996,11.109999656677246,11.109999656677246,88080
"AXL","American Axle & Manufacturing Holdings, Inc. Common Stock","2021-06-24 12:30:00-04:00",11.118499755859377,11.15999984741211,11.09000015258789,11.09000015258789,11.09000015258789,141631
"AXL","American Axle & Manufacturing Holdings, Inc. Common Stock","2021-06-24 13:30:00-04:00",11.079999923706056,11.175000190734863,11.079999923706056,11.14150047302246,11.14150047302246,56237
"AXL","American Axle & Manufacturing Holdings, Inc. Common Stock","2021-06-24 14:30:00-04:00",11.140000343322754,11.164999961853027,11.097000122070312,11.109999656677246,11.109999656677246,85742
"AXL","American Axle & Manufacturing Holdings, Inc. Common Stock","2021-06-24 15:30:00-04:00",11.114999771118164,11.125,11.079999923706056,11.09000015258789,11.09000015258789,244326
"AXL","American Axle & Manufacturing Holdings, Inc. Common Stock","2021-06-24 16:00:00-04:00",11.09,11.09,11.09,11.09,11.09,0
"AXL","American Axle & Manufacturing Holdings, Inc. Common Stock","2021-06-24 17:00:00-04:00",11.09,11.09,11.09,11.09,11.09,0
"AXL","American Axle & Manufacturing Holdings, Inc. Common Stock","2021-06-25 08:00:00-04:00",11.09,11.09,11.09,11.09,11.09,0
"AXL","American Axle & Manufacturing Holdings, Inc. Common Stock","2021-06-25 09:30:00-04:00",11.15999984741211,11.255000114440918,11.140000343322754,11.170000076293944,11.170000076293944,174242
"AXL","American Axle & Manufacturing Holdings, Inc. Common Stock","2021-06-25 10:30:00-04:00",11.1899995803833,11.19499969482422,11.029999732971191,11.072400093078612,11.072400093078612,155317
"AXL","American Axle & Manufacturing Holdings, Inc. Common Stock","2021-06-25 11:30:00-04:00",11.074999809265137,11.074999809265137,10.989999771118164,10.994999885559082,10.994999885559082,81453
"AXL","American Axle & Manufacturing Holdings, Inc. Common Stock","2021-06-25 12:30:00-04:00",11.0,11.050000190734863,10.979999542236328,11.020000457763672,11.020000457763672,76651
"AXL","American Axle & Manufacturing Holdings, Inc. Common Stock","2021-06-25 13:30:00-04:00",11.015000343322754,11.0600004196167,11.0,11.005000114440918,11.005000114440918,63786
"AXL","American Axle & Manufacturing Holdings, Inc. Common Stock","2021-06-25 14:30:00-04:00",11.010000228881836,11.085000038146973,10.989999771118164,11.010000228881836,11.010000228881836,152669
"AXL","American Axle & Manufacturing Holdings, Inc. Common Stock","2021-06-25 15:30:00-04:00",11.005000114440918,11.020000457763672,10.890000343322754,10.890000343322754,10.890000343322754,380641
"AXL","American Axle & Manufacturing Holdings, Inc. Common Stock","2021-06-25 16:00:00-04:00",10.91,10.96,10.9092,10.91,10.91,0
"AXL","American Axle & Manufacturing Holdings, Inc. Common Stock","2021-06-25 17:00:00-04:00",10.87,10.87,10.87,10.87,10.87,0
"AXL","American Axle & Manufacturing Holdings, Inc. Common Stock","2021-06-25 18:00:00-04:00",11.14,11.14,11.14,11.14,11.14,0
"AXL","American Axle & Manufacturing Holdings, Inc. Common Stock","2021-06-25 19:00:00-04:00",11.24,11.24,11.24,11.24,11.24,0
"AXL","American Axle & Manufacturing Holdings, Inc. Common Stock","2021-06-28 07:00:00-04:00",11.09,11.09,11.0,11.09,11.09,0
"AXL","American Axle & Manufacturing Holdings, Inc. Common Stock","2021-06-28 08:00:00-04:00",11.2,11.32,10.91,11.31,11.31,0
"AXL","American Axle & Manufacturing Holdings, Inc. Common Stock","2021-06-28 09:30:00-04:00",10.899999618530272,10.93000030517578,10.43000030517578,10.55500030517578,10.55500030517578,313684
"AXL","American Axle & Manufacturing Holdings, Inc. Common Stock","2021-06-28 10:30:00-04:00",10.5,10.550000190734863,10.359999656677246,10.375,10.375,240505
"AXL","American Axle & Manufacturing Holdings, Inc. Common Stock","2021-06-28 11:30:00-04:00",10.375,10.390000343322754,10.281399726867676,10.300000190734863,10.300000190734863,363809
"AXL","American Axle & Manufacturing Holdings, Inc. Common Stock","2021-06-28 12:30:00-04:00",10.29990005493164,10.350000381469728,10.25,10.260000228881836,10.260000228881836,285604
"AXL","American Axle & Manufacturing Holdings, Inc. Common Stock","2021-06-28 13:30:00-04:00",10.267399787902832,10.399999618530272,10.265000343322754,10.390000343322754,10.390000343322754,122690
"AXL","American Axle & Manufacturing Holdings, Inc. Common Stock","2021-06-28 14:30:00-04:00",10.399999618530272,10.40999984741211,10.302800178527832,10.399999618530272,10.399999618530272,235852
"AXL","American Axle & Manufacturing Holdings, Inc. Common Stock","2021-06-28 15:30:00-04:00",10.391200065612791,10.420000076293944,10.34000015258789,10.350000381469728,10.350000381469728,347647
"AXL","American Axle & Manufacturing Holdings, Inc. Common Stock","2021-06-28 16:00:00-04:00",10.35,10.39,10.35,10.39,10.39,0
"AXL","American Axle & Manufacturing Holdings, Inc. Common Stock","2021-06-28 17:00:00-04:00",10.35,10.37,10.35,10.35,10.35,0
"AXL","American Axle & Manufacturing Holdings, Inc. Common Stock","2021-06-28 18:00:00-04:00",10.43,10.44,10.36,10.36,10.36,0
"AXL","American Axle & Manufacturing Holdings, Inc. Common Stock","2021-06-28 19:00:00-04:00",10.35,10.35,10.35,10.35,10.35,0
"AXL","American Axle & Manufacturing Holdings, Inc. Common Stock","2021-06-29 08:00:00-04:00",10.35,10.35,10.35,10.35,10.35,0
"AXL","American Axle & Manufacturing Holdings, Inc. Common Stock","2021-06-29 09:00:00-04:00",10.41,10.41,10.35,10.35,10.35,0
"AXL","American Axle & Manufacturing Holdings, Inc. Common Stock","2021-06-29 09:30:00-04:00",10.380000114440918,10.460000038146973,10.260199546813965,10.380000114440918,10.380000114440918,179298
"AXL","American Axle & Manufacturing Holdings, Inc. Common Stock","2021-06-29 10:30:00-04:00",10.380000114440918,10.40999984741211,10.279999732971191,10.399999618530272,10.399999618530272,116209
"AXL","American Axle & Manufacturing Holdings, Inc. Common Stock","2021-06-29 11:30:00-04:00",10.390000343322754,10.399999618530272,10.350000381469728,10.350000381469728,10.350000381469728,35877
"AXL","American Axle & Manufacturing Holdings, Inc. Common Stock","2021-06-29 12:30:00-04:00",10.350000381469728,10.359999656677246,10.30270004272461,10.345000267028809,10.345000267028809,33008
"AXL","American Axle & Manufacturing Holdings, Inc. Common Stock","2021-06-29 13:30:00-04:00",10.350000381469728,10.380000114440918,10.335000038146973,10.350000381469728,10.350000381469728,32909
"AXL","American Axle & Manufacturing Holdings, Inc. Common Stock","2021-06-29 14:30:00-04:00",10.354999542236328,10.354999542236328,10.300000190734863,10.34000015258789,10.34000015258789,62733
"AXL","American Axle & Manufacturing Holdings, Inc. Common Stock","2021-06-29 15:30:00-04:00",10.345000267028809,10.359999656677246,10.3100004196167,10.31999969482422,10.31999969482422,218794
"AXL","American Axle & Manufacturing Holdings, Inc. Common Stock","2021-06-29 16:00:00-04:00",10.32,10.74,10.26,10.27,10.27,0
"AXL","American Axle & Manufacturing Holdings, Inc. Common Stock","2021-06-29 17:00:00-04:00",10.32,10.32,10.32,10.32,10.32,0
"AXL","American Axle & Manufacturing Holdings, Inc. Common Stock","2021-07-01 07:00:00-04:00",10.79,10.9,10.79,10.8,10.8,0
"AXL","American Axle & Manufacturing Holdings, Inc. Common Stock","2021-07-01 08:00:00-04:00",10.85,11.0,10.63,10.92,10.92,0
"AXL","American Axle & Manufacturing Holdings, Inc. Common Stock","2021-07-01 09:00:00-04:00",10.79,10.8,10.35,10.67,10.67,0
"AXL","American Axle & Manufacturing Holdings, Inc. Common Stock","2021-07-01 09:30:00-04:00",10.760000228881836,11.109999656677246,10.6899995803833,11.025799751281738,11.025799751281738,731952
"AXL","American Axle & Manufacturing Holdings, Inc. Common Stock","2021-07-01 10:30:00-04:00",11.024999618530272,11.140000343322754,10.960000038146973,11.020099639892578,11.020099639892578,312619
"AXL","American Axle & Manufacturing Holdings, Inc. Common Stock","2021-07-01 11:30:00-04:00",11.029999732971191,11.166899681091309,11.024999618530272,11.164999961853027,11.164999961853027,140899
"AXL","American Axle & Manufacturing Holdings, Inc. Common Stock","2021-07-01 12:30:00-04:00",11.170000076293944,11.295000076293944,11.140000343322754,11.28499984741211,11.28499984741211,216435
"AXL","American Axle & Manufacturing Holdings, Inc. Common Stock","2021-07-01 13:30:00-04:00",11.279999732971191,11.3149995803833,11.1899995803833,11.3149995803833,11.3149995803833,172209
"AXL","American Axle & Manufacturing Holdings, Inc. Common Stock","2021-07-01 14:30:00-04:00",11.31999969482422,11.420000076293944,11.270000457763672,11.369999885559082,11.369999885559082,240559
"AXL","American Axle & Manufacturing Holdings, Inc. Common Stock","2021-07-01 15:30:00-04:00",11.375,11.4399995803833,11.359999656677246,11.420000076293944,11.420000076293944,333341
"AXL","American Axle & Manufacturing Holdings, Inc. Common Stock","2021-07-01 16:00:00-04:00",11.41,11.41,11.157941,11.157941,11.157941,0
"AXL","American Axle & Manufacturing Holdings, Inc. Common Stock","2021-07-01 17:00:00-04:00",11.41,11.41,11.41,11.41,11.41,0
"AXL","American Axle & Manufacturing Holdings, Inc. Common Stock","2021-07-01 18:00:00-04:00",11.41,11.41,11.41,11.41,11.41,0
"AXL","American Axle & Manufacturing Holdings, Inc. Common Stock","2021-07-01 19:00:00-04:00",11.32,11.41,11.32,11.41,11.41,0
"AXL","American Axle & Manufacturing Holdings, Inc. Common Stock","2021-07-02 04:00:00-04:00",11.41,11.41,11.41,11.41,11.41,0
"AXL","American Axle & Manufacturing Holdings, Inc. Common Stock","2021-07-02 06:00:00-04:00",11.41,11.41,10.96,10.96,10.96,0
"AXL","American Axle & Manufacturing Holdings, Inc. Common Stock","2021-07-02 08:00:00-04:00",11.41,11.41,11.02,11.41,11.41,0
"AXL","American Axle & Manufacturing Holdings, Inc. Common Stock","2021-07-02 09:30:00-04:00",11.4399995803833,11.5,11.15019989013672,11.270000457763672,11.270000457763672,216411
"AXL","American Axle & Manufacturing Holdings, Inc. Common Stock","2021-07-02 10:30:00-04:00",11.289999961853027,11.390000343322754,11.274999618530272,11.279999732971191,11.279999732971191,103974
"AXL","American Axle & Manufacturing Holdings, Inc. Common Stock","2021-07-02 11:30:00-04:00",11.274999618530272,11.279999732971191,11.170000076293944,11.170000076293944,11.170000076293944,66729
"AXL","American Axle & Manufacturing Holdings, Inc. Common Stock","2021-07-02 12:30:00-04:00",11.170000076293944,11.3149995803833,11.161199569702148,11.3149995803833,11.3149995803833,41807
"AXL","American Axle & Manufacturing Holdings, Inc. Common Stock","2021-07-02 13:30:00-04:00",11.31999969482422,11.31999969482422,11.255000114440918,11.289999961853027,11.289999961853027,49346
"AXL","American Axle & Manufacturing Holdings, Inc. Common Stock","2021-07-02 14:30:00-04:00",11.28499984741211,11.28499984741211,11.21500015258789,11.244999885559082,11.244999885559082,80300
"AXL","American Axle & Manufacturing Holdings, Inc. Common Stock","2021-07-02 15:30:00-04:00",11.25,11.260000228881836,11.18000030517578,11.1899995803833,11.1899995803833,199306
"AXL","American Axle & Manufacturing Holdings, Inc. Common Stock","2021-07-02 16:00:00-04:00",11.2,11.2,11.05,11.2,11.2,0
"AXL","American Axle & Manufacturing Holdings, Inc. Common Stock","2021-07-02 18:00:00-04:00",11.2,11.2,11.2,11.2,11.2,0
"AXL","American Axle & Manufacturing Holdings, Inc. Common Stock","2021-07-06 07:00:00-04:00",11.15,11.15,11.15,11.15,11.15,0
"AXL","American Axle & Manufacturing Holdings, Inc. Common Stock","2021-07-06 08:00:00-04:00",11.2,11.2,11.19,11.19,11.19,0
"AXL","American Axle & Manufacturing Holdings, Inc. Common Stock","2021-07-06 09:30:00-04:00",11.039999961853027,11.0600004196167,10.729999542236328,10.770000457763672,10.770000457763672,304991
"AXL","American Axle & Manufacturing Holdings, Inc. Common Stock","2021-07-06 10:30:00-04:00",10.779999732971191,10.850000381469728,10.581100463867188,10.614999771118164,10.614999771118164,173339
"AXL","American Axle & Manufacturing Holdings, Inc. Common Stock","2021-07-06 11:30:00-04:00",10.614999771118164,10.670000076293944,10.579999923706056,10.640000343322754,10.640000343322754,69822
"AXL","American Axle & Manufacturing Holdings, Inc. Common Stock","2021-07-06 12:30:00-04:00",10.640000343322754,10.68000030517578,10.59000015258789,10.65999984741211,10.65999984741211,66144
"AXL","American Axle & Manufacturing Holdings, Inc. Common Stock","2021-07-06 13:30:00-04:00",10.65999984741211,10.699999809265137,10.649999618530272,10.664999961853027,10.664999961853027,80013
"AXL","American Axle & Manufacturing Holdings, Inc. Common Stock","2021-07-06 14:30:00-04:00",10.670000076293944,10.729999542236328,10.645000457763672,10.729999542236328,10.729999542236328,65924
"AXL","American Axle & Manufacturing Holdings, Inc. Common Stock","2021-07-06 15:30:00-04:00",10.729900360107422,10.789999961853027,10.670000076293944,10.760000228881836,10.760000228881836,197412
"AXL","American Axle & Manufacturing Holdings, Inc. Common Stock","2021-07-06 16:00:00-04:00",10.76,10.76,10.76,10.76,10.76,0
"AXL","American Axle & Manufacturing Holdings, Inc. Common Stock","2021-07-07 08:00:00-04:00",10.6,10.76,10.6,10.76,10.76,0
"AXL","American Axle & Manufacturing Holdings, Inc. Common Stock","2021-07-07 09:00:00-04:00",10.7979,10.7979,10.7979,10.7979,10.7979,0
"AXL","American Axle & Manufacturing Holdings, Inc. Common Stock","2021-07-07 09:30:00-04:00",10.649999618530272,10.670000076293944,10.170000076293944,10.18000030517578,10.18000030517578,371197
"AXL","American Axle & Manufacturing Holdings, Inc. Common Stock","2021-07-07 10:30:00-04:00",10.1899995803833,10.259900093078612,10.095000267028809,10.1899995803833,10.1899995803833,278675
"AXL","American Axle & Manufacturing Holdings, Inc. Common Stock","2021-07-07 11:30:00-04:00",10.19499969482422,10.40999984741211,10.19499969482422,10.390000343322754,10.390000343322754,165878
"AXL","American Axle & Manufacturing Holdings, Inc. Common Stock","2021-07-07 12:30:00-04:00",10.390000343322754,10.449999809265137,10.375,10.375,10.375,116996
"AXL","American Axle & Manufacturing Holdings, Inc. Common Stock","2021-07-07 13:30:00-04:00",10.375,10.449999809265137,10.329999923706056,10.350000381469728,10.350000381469728,166828
"AXL","American Axle & Manufacturing Holdings, Inc. Common Stock","2021-07-07 14:30:00-04:00",10.34000015258789,10.449999809265137,10.289999961853027,10.449999809265137,10.449999809265137,154088
"AXL","American Axle & Manufacturing Holdings, Inc. Common Stock","2021-07-07 15:30:00-04:00",10.4399995803833,10.460000038146973,10.369999885559082,10.4399995803833,10.4399995803833,356086
"AXL","American Axle & Manufacturing Holdings, Inc. Common Stock","2021-07-07 16:00:00-04:00",10.45,10.45,10.36,10.36,10.36,0
"AXL","American Axle & Manufacturing Holdings, Inc. Common Stock","2021-07-08 05:00:00-04:00",10.45,10.45,10.45,10.45,10.45,0
"AXL","American Axle & Manufacturing Holdings, Inc. Common Stock","2021-07-08 08:00:00-04:00",10.2501,10.45,10.22,10.44,10.44,0
"AXL","American Axle & Manufacturing Holdings, Inc. Common Stock","2021-07-08 09:30:00-04:00",10.06999969482422,10.130000114440918,9.899999618530272,10.045000076293944,10.045000076293944,650749
"AXL","American Axle & Manufacturing Holdings, Inc. Common Stock","2021-07-08 10:30:00-04:00",10.045000076293944,10.3100004196167,10.039999961853027,10.289999961853027,10.289999961853027,225430
"AXL","American Axle & Manufacturing Holdings, Inc. Common Stock","2021-07-08 11:30:00-04:00",10.289999961853027,10.449999809265137,10.279999732971191,10.414999961853027,10.414999961853027,162805
"AXL","American Axle & Manufacturing Holdings, Inc. Common Stock","2021-07-08 12:30:00-04:00",10.40999984741211,10.470000267028809,10.359999656677246,10.395000457763672,10.395000457763672,138613
"AXL","American Axle & Manufacturing Holdings, Inc. Common Stock","2021-07-08 13:30:00-04:00",10.395000457763672,10.395000457763672,10.074999809265137,10.085000038146973,10.085000038146973,235893
"AXL","American Axle & Manufacturing Holdings, Inc. Common Stock","2021-07-08 14:30:00-04:00",10.079999923706056,10.109999656677246,10.010000228881836,10.03499984741211,10.03499984741211,112195
"AXL","American Axle & Manufacturing Holdings, Inc. Common Stock","2021-07-08 15:30:00-04:00",10.03499984741211,10.116900444030762,10.029999732971191,10.079999923706056,10.079999923706056,222989
"AXL","American Axle & Manufacturing Holdings, Inc. Common Stock","2021-07-08 16:00:00-04:00",10.08,10.1,10.08,10.1,10.1,0
"AXL","American Axle & Manufacturing Holdings, Inc. Common Stock","2021-07-09 09:30:00-04:00",10.34000015258789,10.520000457763672,10.260000228881836,10.510000228881836,10.510000228881836,177044
"AXL","American Axle & Manufacturing Holdings, Inc. Common Stock","2021-07-09 10:30:00-04:00",10.510000228881836,10.520999908447266,10.369999885559082,10.40999984741211,10.40999984741211,109463
"AXL","American Axle & Manufacturing Holdings, Inc. Common Stock","2021-07-09 11:30:00-04:00",10.420000076293944,10.490099906921388,10.39009952545166,10.46500015258789,10.46500015258789,56333
"AXL","American Axle & Manufacturing Holdings, Inc. Common Stock","2021-07-09 12:30:00-04:00",10.460000038146973,10.510000228881836,10.44499969482422,10.469900131225586,10.469900131225586,40520
"AXL","American Axle & Manufacturing Holdings, Inc. Common Stock","2021-07-09 13:30:00-04:00",10.460000038146973,10.460000038146973,10.43000030517578,10.454999923706056,10.454999923706056,36952
"AXL","American Axle & Manufacturing Holdings, Inc. Common Stock","2021-07-09 14:30:00-04:00",10.449999809265137,10.449999809265137,10.380000114440918,10.390000343322754,10.390000343322754,64700
"AXL","American Axle & Manufacturing Holdings, Inc. Common Stock","2021-07-09 15:30:00-04:00",10.399999618530272,10.420000076293944,10.380000114440918,10.399999618530272,10.399999618530272,103366
"AXL","American Axle & Manufacturing Holdings, Inc. Common Stock","2021-07-09 16:00:00-04:00",10.4,10.5,10.4,10.5,10.5,0
"AXL","American Axle & Manufacturing Holdings, Inc. Common Stock","2021-07-12 06:00:00-04:00",10.4,10.4,10.4,10.4,10.4,0
"AXL","American Axle & Manufacturing Holdings, Inc. Common Stock","2021-07-12 08:00:00-04:00",10.4,10.4,10.4,10.4,10.4,0
"AXL","American Axle & Manufacturing Holdings, Inc. Common Stock","2021-07-12 09:30:00-04:00",10.260000228881836,10.539999961853027,10.140000343322754,10.470000267028809,10.470000267028809,123297
"AXL","American Axle & Manufacturing Holdings, Inc. Common Stock","2021-07-12 10:30:00-04:00",10.4798002243042,10.5,10.380000114440918,10.449999809265137,10.449999809265137,105285
"AXL","American Axle & Manufacturing Holdings, Inc. Common Stock","2021-07-12 11:30:00-04:00",10.45460033416748,10.499899864196776,10.359999656677246,10.360099792480469,10.360099792480469,41311
"AXL","American Axle & Manufacturing Holdings, Inc. Common Stock","2021-07-12 12:30:00-04:00",10.369999885559082,10.386799812316896,10.31999969482422,10.359999656677246,10.359999656677246,48513
"AXL","American Axle & Manufacturing Holdings, Inc. Common Stock","2021-07-12 13:30:00-04:00",10.369999885559082,10.420000076293944,10.361000061035156,10.404999732971191,10.404999732971191,43745
"AXL","American Axle & Manufacturing Holdings, Inc. Common Stock","2021-07-12 14:30:00-04:00",10.414999961853027,10.43000030517578,10.380000114440918,10.404999732971191,10.404999732971191,50757
"AXL","American Axle & Manufacturing Holdings, Inc. Common Stock","2021-07-12 15:30:00-04:00",10.401000022888184,10.43000030517578,10.371000289916992,10.399999618530272,10.399999618530272,211283
"AXL","American Axle & Manufacturing Holdings, Inc. Common Stock","2021-07-12 16:00:00-04:00",10.4,10.4,10.4,10.4,10.4,0
"AXL","American Axle & Manufacturing Holdings, Inc. Common Stock","2021-07-12 17:00:00-04:00",10.49,10.49,10.4,10.4,10.4,0
"AXL","American Axle & Manufacturing Holdings, Inc. Common Stock","2021-07-13 07:00:00-04:00",10.4,10.4,10.4,10.4,10.4,0
"AXL","American Axle & Manufacturing Holdings, Inc. Common Stock","2021-07-13 08:00:00-04:00",10.4,10.4,10.4,10.4,10.4,0
"AXL","American Axle & Manufacturing Holdings, Inc. Common Stock","2021-07-13 09:30:00-04:00",10.260000228881836,10.350000381469728,10.0600004196167,10.077099800109863,10.077099800109863,243116
"AXL","American Axle & Manufacturing Holdings, Inc. Common Stock","2021-07-13 10:30:00-04:00",10.06999969482422,10.06999969482422,9.850099563598633,9.880999565124512,9.880999565124512,355248
"AXL","American Axle & Manufacturing Holdings, Inc. Common Stock","2021-07-13 11:30:00-04:00",9.885000228881836,10.0,9.829999923706056,9.890000343322754,9.890000343322754,211986
"AXL","American Axle & Manufacturing Holdings, Inc. Common Stock","2021-07-13 12:30:00-04:00",9.883500099182127,9.9399995803833,9.84000015258789,9.845000267028809,9.845000267028809,226998
"AXL","American Axle & Manufacturing Holdings, Inc. Common Stock","2021-07-13 13:30:00-04:00",9.845000267028809,9.854999542236328,9.800000190734863,9.850000381469728,9.850000381469728,176938
"AXL","American Axle & Manufacturing Holdings, Inc. Common Stock","2021-07-13 14:30:00-04:00",9.845000267028809,9.850000381469728,9.760000228881836,9.770000457763672,9.770000457763672,185436
"AXL","American Axle & Manufacturing Holdings, Inc. Common Stock","2021-07-13 15:30:00-04:00",9.765000343322754,9.8149995803833,9.720000267028809,9.729999542236328,9.729999542236328,266914
"AXL","American Axle & Manufacturing Holdings, Inc. Common Stock","2021-07-13 16:00:00-04:00",9.74,9.77,9.65,9.65,9.65,0
"AXL","American Axle & Manufacturing Holdings, Inc. Common Stock","2021-07-13 17:00:00-04:00",9.8,9.88,9.8,9.88,9.88,0
"AXL","American Axle & Manufacturing Holdings, Inc. Common Stock","2021-07-13 18:00:00-04:00",9.8,9.86,9.8,9.86,9.86,0
"AXL","American Axle & Manufacturing Holdings, Inc. Common Stock","2021-07-13 19:00:00-04:00",9.86,9.87,9.79,9.87,9.87,0
"AXL","American Axle & Manufacturing Holdings, Inc. Common Stock","2021-07-14 07:00:00-04:00",9.74,9.74,9.74,9.74,9.74,0
"AXL","American Axle & Manufacturing Holdings, Inc. Common Stock","2021-07-14 08:00:00-04:00",9.8,9.8,9.8,9.8,9.8,0
"AXL","American Axle & Manufacturing Holdings, Inc. Common Stock","2021-07-14 09:00:00-04:00",9.8,9.84,9.8,9.84,9.84,0
"AXL","American Axle & Manufacturing Holdings, Inc. Common Stock","2021-07-14 09:30:00-04:00",9.789999961853027,9.960000038146973,9.68000030517578,9.710000038146973,9.710000038146973,181738
"AXL","American Axle & Manufacturing Holdings, Inc. Common Stock","2021-07-14 10:30:00-04:00",9.710000038146973,9.720000267028809,9.5600004196167,9.5649995803833,9.5649995803833,94987
"AXL","American Axle & Manufacturing Holdings, Inc. Common Stock","2021-07-14 11:30:00-04:00",9.574999809265137,9.619999885559082,9.460000038146973,9.545000076293944,9.545000076293944,283685
"AXL","American Axle & Manufacturing Holdings, Inc. Common Stock","2021-07-14 12:30:00-04:00",9.550000190734863,9.600000381469728,9.520000457763672,9.574999809265137,9.574999809265137,168881
"AXL","American Axle & Manufacturing Holdings, Inc. Common Stock","2021-07-14 13:30:00-04:00",9.574999809265137,9.579999923706056,9.5,9.520000457763672,9.520000457763672,104299
"AXL","American Axle & Manufacturing Holdings, Inc. Common Stock","2021-07-14 14:30:00-04:00",9.515000343322754,9.529999732971191,9.449999809265137,9.505000114440918,9.505000114440918,138519
"AXL","American Axle & Manufacturing Holdings, Inc. Common Stock","2021-07-14 15:30:00-04:00",9.505000114440918,9.505000114440918,9.449999809265137,9.460000038146973,9.460000038146973,127109
"AXL","American Axle & Manufacturing Holdings, Inc. Common Stock","2021-07-14 16:00:00-04:00",9.46,9.55,9.46,9.48,9.48,0
"AXL","American Axle & Manufacturing Holdings, Inc. Common Stock","2021-07-15 07:00:00-04:00",9.39,9.39,9.37,9.37,9.37,0
"AXL","American Axle & Manufacturing Holdings, Inc. Common Stock","2021-07-15 08:00:00-04:00",9.45,9.45,9.34,9.34,9.34,0
"AXL","American Axle & Manufacturing Holdings, Inc. Common Stock","2021-07-15 09:30:00-04:00",9.34000015258789,9.59000015258789,9.289999961853027,9.460000038146973,9.460000038146973,199932
"AXL","American Axle & Manufacturing Holdings, Inc. Common Stock","2021-07-15 10:30:00-04:00",9.479999542236328,9.53499984741211,9.404999732971191,9.460000038146973,9.460000038146973,74339
"AXL","American Axle & Manufacturing Holdings, Inc. Common Stock","2021-07-15 11:30:00-04:00",9.454999923706056,9.559599876403809,9.454999923706056,9.475000381469728,9.475000381469728,110556
"AXL","American Axle & Manufacturing Holdings, Inc. Common Stock","2021-07-15 12:30:00-04:00",9.470000267028809,9.489999771118164,9.354999542236328,9.364999771118164,9.364999771118164,72678
"AXL","American Axle & Manufacturing Holdings, Inc. Common Stock","2021-07-15 13:30:00-04:00",9.364999771118164,9.364999771118164,9.270000457763672,9.345000267028809,9.345000267028809,156410
"AXL","American Axle & Manufacturing Holdings, Inc. Common Stock","2021-07-15 14:30:00-04:00",9.350000381469728,9.43000030517578,9.335000038146973,9.425000190734863,9.425000190734863,75518
"AXL","American Axle & Manufacturing Holdings, Inc. Common Stock","2021-07-15 15:30:00-04:00",9.425000190734863,9.4399995803833,9.375,9.40999984741211,9.40999984741211,221766
"AXL","American Axle & Manufacturing Holdings, Inc. Common Stock","2021-07-15 16:00:00-04:00",9.41,9.41,9.41,9.41,9.41,0
"AXL","American Axle & Manufacturing Holdings, Inc. Common Stock","2021-07-15 17:00:00-04:00",9.37,9.37,9.37,9.37,9.37,0
"AXL","American Axle & Manufacturing Holdings, Inc. Common Stock","2021-07-16 07:00:00-04:00",9.31,9.31,9.01,9.24,9.24,0
"AXL","American Axle & Manufacturing Holdings, Inc. Common Stock","2021-07-16 09:00:00-04:00",9.4,9.4,9.3999,9.3999,9.3999,0
"AXL","American Axle & Manufacturing Holdings, Inc. Common Stock","2021-07-16 09:30:00-04:00",9.390000343322754,9.489999771118164,9.255000114440918,9.255000114440918,9.255000114440918,202785
"AXL","American Axle & Manufacturing Holdings, Inc. Common Stock","2021-07-16 10:30:00-04:00",9.25,9.31999969482422,9.172800064086914,9.279999732971191,9.279999732971191,159290
"AXL","American Axle & Manufacturing Holdings, Inc. Common Stock","2021-07-16 11:30:00-04:00",9.289999961853027,9.34000015258789,9.1850004196167,9.199999809265137,9.199999809265137,55095
"AXL","American Axle & Manufacturing Holdings, Inc. Common Stock","2021-07-16 12:30:00-04:00",9.199999809265137,9.25,9.154999732971191,9.158100128173828,9.158100128173828,77897
"AXL","American Axle & Manufacturing Holdings, Inc. Common Stock","2021-07-16 13:30:00-04:00",9.15999984741211,9.19499969482422,9.119999885559082,9.149999618530272,9.149999618530272,90206
"AXL","American Axle & Manufacturing Holdings, Inc. Common Stock","2021-07-16 14:30:00-04:00",9.154999732971191,9.170000076293944,9.06999969482422,9.114999771118164,9.114999771118164,168251
"AXL","American Axle & Manufacturing Holdings, Inc. Common Stock","2021-07-16 15:30:00-04:00",9.109999656677246,9.18000030517578,9.074999809265137,9.170000076293944,9.170000076293944,284083
"AXL","American Axle & Manufacturing Holdings, Inc. Common Stock","2021-07-16 16:00:00-04:00",9.17,9.17,9.08,9.08,9.08,0
"AXL","American Axle & Manufacturing Holdings, Inc. Common Stock","2021-07-19 07:00:00-04:00",9.06,9.06,9.05,9.05,9.05,0
"AXL","American Axle & Manufacturing Holdings, Inc. Common Stock","2021-07-19 08:00:00-04:00",9.05,9.41,8.89,8.98,8.98,0
"AXL","American Axle & Manufacturing Holdings, Inc. Common Stock","2021-07-19 09:30:00-04:00",8.8100004196167,9.109999656677246,8.800000190734863,9.029999732971191,9.029999732971191,300869
"AXL","American Axle & Manufacturing Holdings, Inc. Common Stock","2021-07-19 10:30:00-04:00",9.020000457763672,9.15779972076416,9.020000457763672,9.100000381469728,9.100000381469728,122920
"AXL","American Axle & Manufacturing Holdings, Inc. Common Stock","2021-07-19 11:30:00-04:00",9.09000015258789,9.199999809265137,9.039999961853027,9.039999961853027,9.039999961853027,94776
"AXL","American Axle & Manufacturing Holdings, Inc. Common Stock","2021-07-19 12:30:00-04:00",9.045000076293944,9.125,8.970000267028809,8.979999542236328,8.979999542236328,86800
"AXL","American Axle & Manufacturing Holdings, Inc. Common Stock","2021-07-19 13:30:00-04:00",8.979999542236328,9.0,8.904999732971191,8.960000038146973,8.960000038146973,91629
"AXL","American Axle & Manufacturing Holdings, Inc. Common Stock","2021-07-19 14:30:00-04:00",8.960000038146973,8.960000038146973,8.892999649047852,8.9350004196167,8.9350004196167,100537
"AXL","American Axle & Manufacturing Holdings, Inc. Common Stock","2021-07-19 15:30:00-04:00",8.930000305175781,9.079999923706056,8.920000076293945,9.079999923706056,9.079999923706056,322546
"AXL","American Axle & Manufacturing Holdings, Inc. Common Stock","2021-07-19 16:00:00-04:00",9.08,9.08,9.08,9.08,9.08,0
"AXL","American Axle & Manufacturing Holdings, Inc. Common Stock","2021-07-20 07:00:00-04:00",9.09,9.09,9.09,9.09,9.09,0
"AXL","American Axle & Manufacturing Holdings, Inc. Common Stock","2021-07-20 08:00:00-04:00",9.15,9.39,9.15,9.39,9.39,0
"AXL","American Axle & Manufacturing Holdings, Inc. Common Stock","2021-07-20 09:30:00-04:00",9.199999809265137,9.390000343322754,9.079999923706056,9.384300231933594,9.384300231933594,273662
"AXL","American Axle & Manufacturing Holdings, Inc. Common Stock","2021-07-20 10:30:00-04:00",9.390000343322754,9.470000267028809,9.329999923706056,9.385000228881836,9.385000228881836,174720
"AXL","American Axle & Manufacturing Holdings, Inc. Common Stock","2021-07-20 11:30:00-04:00",9.380000114440918,9.475000381469728,9.369999885559082,9.460000038146973,9.460000038146973,60638
"AXL","American Axle & Manufacturing Holdings, Inc. Common Stock","2021-07-20 12:30:00-04:00",9.449999809265137,9.489999771118164,9.380000114440918,9.390000343322754,9.390000343322754,65303
"AXL","American Axle & Manufacturing Holdings, Inc. Common Stock","2021-07-20 13:30:00-04:00",9.390000343322754,9.520000457763672,9.380000114440918,9.520000457763672,9.520000457763672,55809
"AXL","American Axle & Manufacturing Holdings, Inc. Common Stock","2021-07-20 14:30:00-04:00",9.524999618530272,9.5649995803833,9.470000267028809,9.5600004196167,9.5600004196167,119861
"AXL","American Axle & Manufacturing Holdings, Inc. Common Stock","2021-07-20 15:30:00-04:00",9.5600004196167,9.5649995803833,9.399999618530272,9.40999984741211,9.40999984741211,210514
"AXL","American Axle & Manufacturing Holdings, Inc. Common Stock","2021-07-20 16:00:00-04:00",9.41,9.41,9.3801,9.3801,9.3801,0
"AXL","American Axle & Manufacturing Holdings, Inc. Common Stock","2021-07-20 17:00:00-04:00",9.42,9.42,9.42,9.42,9.42,0
"AXL","American Axle & Manufacturing Holdings, Inc. Common Stock","2021-07-21 07:00:00-04:00",9.51,9.51,9.51,9.51,9.51,0
"AXL","American Axle & Manufacturing Holdings, Inc. Common Stock","2021-07-21 08:00:00-04:00",9.41,9.41,9.41,9.41,9.41,0
"AXL","American Axle & Manufacturing Holdings, Inc. Common Stock","2021-07-21 09:00:00-04:00",9.55,9.65,9.55,9.5501,9.5501,0
"AXL","American Axle & Manufacturing Holdings, Inc. Common Stock","2021-07-21 09:30:00-04:00",9.600000381469728,9.859999656677246,9.600000381469728,9.71500015258789,9.71500015258789,263253
"AXL","American Axle & Manufacturing Holdings, Inc. Common Stock","2021-07-21 10:30:00-04:00",9.710000038146973,9.755000114440918,9.59000015258789,9.625,9.625,90238
"AXL","American Axle & Manufacturing Holdings, Inc. Common Stock","2021-07-21 11:30:00-04:00",9.630000114440918,9.75,9.630000114440918,9.71500015258789,9.71500015258789,96608
"AXL","American Axle & Manufacturing Holdings, Inc. Common Stock","2021-07-21 12:30:00-04:00",9.710000038146973,9.73989963531494,9.6850004196167,9.71500015258789,9.71500015258789,59751
"AXL","American Axle & Manufacturing Holdings, Inc. Common Stock","2021-07-21 13:30:00-04:00",9.71500015258789,9.725000381469728,9.649999618530272,9.6850004196167,9.6850004196167,48870
"AXL","American Axle & Manufacturing Holdings, Inc. Common Stock","2021-07-21 14:30:00-04:00",9.6899995803833,9.734999656677246,9.682499885559082,9.6850004196167,9.6850004196167,89585
"AXL","American Axle & Manufacturing Holdings, Inc. Common Stock","2021-07-21 15:30:00-04:00",9.6899995803833,9.725000381469728,9.65999984741211,9.710000038146973,9.710000038146973,169977
"AXL","American Axle & Manufacturing Holdings, Inc. Common Stock","2021-07-21 16:00:00-04:00",9.7,9.8,9.7,9.8,9.8,0
"AXL","American Axle & Manufacturing Holdings, Inc. Common Stock","2021-07-22 08:00:00-04:00",9.7,9.7,9.7,9.7,9.7,0
"AXL","American Axle & Manufacturing Holdings, Inc. Common Stock","2021-07-22 09:30:00-04:00",9.56999969482422,9.579999923706056,9.289999961853027,9.364999771118164,9.364999771118164,207512
"AXL","American Axle & Manufacturing Holdings, Inc. Common Stock","2021-07-22 10:30:00-04:00",9.385000228881836,9.390000343322754,9.220000267028809,9.244999885559082,9.244999885559082,186372
"AXL","American Axle & Manufacturing Holdings, Inc. Common Stock","2021-07-22 11:30:00-04:00",9.244999885559082,9.279999732971191,9.109999656677246,9.15999984741211,9.15999984741211,137225
"AXL","American Axle & Manufacturing Holdings, Inc. Common Stock","2021-07-22 12:30:00-04:00",9.154999732971191,9.279600143432615,9.154999732971191,9.274999618530272,9.274999618530272,94209
"AXL","American Axle & Manufacturing Holdings, Inc. Common Stock","2021-07-22 13:30:00-04:00",9.274999618530272,9.31999969482422,9.210000038146973,9.3100004196167,9.3100004196167,87975
"AXL","American Axle & Manufacturing Holdings, Inc. Common Stock","2021-07-22 14:30:00-04:00",9.30500030517578,9.354999542236328,9.260000228881836,9.265000343322754,9.265000343322754,104462
"AXL","American Axle & Manufacturing Holdings, Inc. Common Stock","2021-07-22 15:30:00-04:00",9.265000343322754,9.270000457763672,9.210000038146973,9.220000267028809,9.220000267028809,158728
"AXL","American Axle & Manufacturing Holdings, Inc. Common Stock","2021-07-22 16:00:00-04:00",9.22,9.22,9.22,9.22,9.22,0
"AXL","American Axle & Manufacturing Holdings, Inc. Common Stock","2021-07-22 18:00:00-04:00",9.35,9.35,9.35,9.35,9.35,0
"AXL","American Axle & Manufacturing Holdings, Inc. Common Stock","2021-07-22 19:00:00-04:00",9.23,9.23,9.23,9.23,9.23,0
"AXL","American Axle & Manufacturing Holdings, Inc. Common Stock","2021-07-23 08:00:00-04:00",9.22,9.22,9.22,9.22,9.22,0
"AXL","American Axle & Manufacturing Holdings, Inc. Common Stock","2021-07-23 09:00:00-04:00",9.33,9.33,9.33,9.33,9.33,0
"AXL","American Axle & Manufacturing Holdings, Inc. Common Stock","2021-07-23 09:30:00-04:00",9.395000457763672,9.395000457763672,9.0600004196167,9.210000038146973,9.210000038146973,243917
"AXL","American Axle & Manufacturing Holdings, Inc. Common Stock","2021-07-23 10:30:00-04:00",9.210000038146973,9.354999542236328,9.1899995803833,9.260000228881836,9.260000228881836,132000
"AXL","American Axle & Manufacturing Holdings, Inc. Common Stock","2021-07-23 11:30:00-04:00",9.270000457763672,9.31999969482422,9.1899995803833,9.270000457763672,9.270000457763672,62599
"AXL","American Axle & Manufacturing Holdings, Inc. Common Stock","2021-07-23 12:30:00-04:00",9.279999732971191,9.279999732971191,9.210000038146973,9.239999771118164,9.239999771118164,48513
"AXL","American Axle & Manufacturing Holdings, Inc. Common Stock","2021-07-23 13:30:00-04:00",9.234999656677246,9.274999618530272,9.210000038146973,9.25,9.25,40214
"AXL","American Axle & Manufacturing Holdings, Inc. Common Stock","2021-07-23 14:30:00-04:00",9.255000114440918,9.3100004196167,9.234999656677246,9.300000190734863,9.300000190734863,53139
"AXL","American Axle & Manufacturing Holdings, Inc. Common Stock","2021-07-23 15:30:00-04:00",9.30500030517578,9.369999885559082,9.291600227355955,9.369999885559082,9.369999885559082,184692
"AXL","American Axle & Manufacturing Holdings, Inc. Common Stock","2021-07-23 16:00:00-04:00",9.37,9.59,9.37,9.57,9.57,0
"AXL","American Axle & Manufacturing Holdings, Inc. Common Stock","2021-07-23 17:00:00-04:00",9.57,9.57,9.57,9.57,9.57,0
"AXL","American Axle & Manufacturing Holdings, Inc. Common Stock","2021-07-23 18:00:00-04:00",9.54,9.54,9.54,9.54,9.54,0
"AXL","American Axle & Manufacturing Holdings, Inc. Common Stock","2021-07-26 04:00:00-04:00",9.42,9.42,9.42,9.42,9.42,0
"AXL","American Axle & Manufacturing Holdings, Inc. Common Stock","2021-07-26 07:00:00-04:00",9.37,9.37,9.37,9.37,9.37,0
"AXL","American Axle & Manufacturing Holdings, Inc. Common Stock","2021-07-26 09:00:00-04:00",9.37,9.37,9.37,9.37,9.37,0
"AXL","American Axle & Manufacturing Holdings, Inc. Common Stock","2021-07-26 09:30:00-04:00",9.4350004196167,9.579999923706056,9.350000381469728,9.43000030517578,9.43000030517578,95242
"AXL","American Axle & Manufacturing Holdings, Inc. Common Stock","2021-07-26 10:30:00-04:00",9.43000030517578,9.43000030517578,9.31999969482422,9.369999885559082,9.369999885559082,73976
"AXL","American Axle & Manufacturing Holdings, Inc. Common Stock","2021-07-26 11:30:00-04:00",9.385000228881836,9.40999984741211,9.3149995803833,9.354999542236328,9.354999542236328,60509
"AXL","American Axle & Manufacturing Holdings, Inc. Common Stock","2021-07-26 12:30:00-04:00",9.350000381469728,9.375,9.31999969482422,9.359999656677246,9.359999656677246,33079
"AXL","American Axle & Manufacturing Holdings, Inc. Common Stock","2021-07-26 13:30:00-04:00",9.359999656677246,9.380000114440918,9.329999923706056,9.380000114440918,9.380000114440918,38850
"AXL","American Axle & Manufacturing Holdings, Inc. Common Stock","2021-07-26 14:30:00-04:00",9.385000228881836,9.425000190734863,9.380000114440918,9.420000076293944,9.420000076293944,44953
"AXL","American Axle & Manufacturing Holdings, Inc. Common Stock","2021-07-26 15:30:00-04:00",9.420000076293944,9.4399995803833,9.390000343322754,9.4399995803833,9.4399995803833,111066
"AXL","American Axle & Manufacturing Holdings, Inc. Common Stock","2021-07-26 16:00:00-04:00",9.44,9.44,9.355,9.355,9.355,0
"AXL","American Axle & Manufacturing Holdings, Inc. Common Stock","2021-07-26 17:00:00-04:00",9.355,9.355,9.355,9.355,9.355,0
"AXL","American Axle & Manufacturing Holdings, Inc. Common Stock","2021-07-27 09:30:00-04:00",9.210000038146973,9.300000190734863,9.079999923706056,9.220000267028809,9.220000267028809,240390
"AXL","American Axle & Manufacturing Holdings, Inc. Common Stock","2021-07-27 10:30:00-04:00",9.210000038146973,9.244999885559082,9.09000015258789,9.09000015258789,9.09000015258789,113971
"AXL","American Axle & Manufacturing Holdings, Inc. Common Stock","2021-07-27 11:30:00-04:00",9.09000015258789,9.097399711608888,8.989999771118164,9.030400276184082,9.030400276184082,147375
"AXL","American Axle & Manufacturing Holdings, Inc. Common Stock","2021-07-27 12:30:00-04:00",9.029999732971191,9.095000267028809,9.005000114440918,9.05500030517578,9.05500030517578,110029
"AXL","American Axle & Manufacturing Holdings, Inc. Common Stock","2021-07-27 13:30:00-04:00",9.05500030517578,9.21500015258789,9.039999961853027,9.204999923706056,9.204999923706056,95863
"AXL","American Axle & Manufacturing Holdings, Inc. Common Stock","2021-07-27 14:30:00-04:00",9.199999809265137,9.270000457763672,9.1850004196167,9.265000343322754,9.265000343322754,153561
"AXL","American Axle & Manufacturing Holdings, Inc. Common Stock","2021-07-27 15:30:00-04:00",9.265000343322754,9.265000343322754,9.199999809265137,9.239999771118164,9.239999771118164,416394
"AXL","American Axle & Manufacturing Holdings, Inc. Common Stock","2021-07-27 16:00:00-04:00",9.24,9.3,9.19,9.24,9.24,0
"AXL","American Axle & Manufacturing Holdings, Inc. Common Stock","2021-07-27 17:00:00-04:00",9.11,9.11,9.11,9.11,9.11,0
"AXL","American Axle & Manufacturing Holdings, Inc. Common Stock","2021-07-28 08:00:00-04:00",9.24,9.24,9.24,9.24,9.24,0
"AXL","American Axle & Manufacturing Holdings, Inc. Common Stock","2021-07-28 09:00:00-04:00",9.24,9.47,9.24,9.47,9.47,0
"AXL","American Axle & Manufacturing Holdings, Inc. Common Stock","2021-07-28 09:30:00-04:00",9.420000076293944,9.5600004196167,9.119999885559082,9.139900207519531,9.139900207519531,318012
"AXL","American Axle & Manufacturing Holdings, Inc. Common Stock","2021-07-28 10:30:00-04:00",9.140000343322754,9.289999961853027,9.130000114440918,9.274999618530272,9.274999618530272,77149
"AXL","American Axle & Manufacturing Holdings, Inc. Common Stock","2021-07-28 11:30:00-04:00",9.289999961853027,9.34000015258789,9.270000457763672,9.274999618530272,9.274999618530272,71297
"AXL","American Axle & Manufacturing Holdings, Inc. Common Stock","2021-07-28 12:30:00-04:00",9.279999732971191,9.329999923706056,9.265000343322754,9.329999923706056,9.329999923706056,44221
"AXL","American Axle & Manufacturing Holdings, Inc. Common Stock","2021-07-28 13:30:00-04:00",9.335000038146973,9.345000267028809,9.265000343322754,9.34000015258789,9.34000015258789,79180
"AXL","American Axle & Manufacturing Holdings, Inc. Common Stock","2021-07-28 14:30:00-04:00",9.350000381469728,9.4399995803833,9.345000267028809,9.399999618530272,9.399999618530272,134665
"AXL","American Axle & Manufacturing Holdings, Inc. Common Stock","2021-07-28 15:30:00-04:00",9.404999732971191,9.4399995803833,9.3100004196167,9.3100004196167,9.3100004196167,112199
"AXL","American Axle & Manufacturing Holdings, Inc. Common Stock","2021-07-28 16:00:00-04:00",9.31,9.4,9.31,9.325,9.325,0
"AXL","American Axle & Manufacturing Holdings, Inc. Common Stock","2021-07-28 17:00:00-04:00",9.32,9.325,9.32,9.325,9.325,0
"AXL","American Axle & Manufacturing Holdings, Inc. Common Stock","2021-07-29 08:00:00-04:00",9.31,9.35,9.31,9.35,9.35,0
"AXL","American Axle & Manufacturing Holdings, Inc. Common Stock","2021-07-29 09:30:00-04:00",9.539999961853027,9.789999961853027,9.510000228881836,9.729999542236328,9.729999542236328,426980
"AXL","American Axle & Manufacturing Holdings, Inc. Common Stock","2021-07-29 10:30:00-04:00",9.720000267028809,9.8100004196167,9.65999984741211,9.65999984741211,9.65999984741211,141131
"AXL","American Axle & Manufacturing Holdings, Inc. Common Stock","2021-07-29 11:30:00-04:00",9.68000030517578,9.699999809265137,9.619999885559082,9.630000114440918,9.630000114440918,72992
"AXL","American Axle & Manufacturing Holdings, Inc. Common Stock","2021-07-29 12:30:00-04:00",9.640000343322754,9.69499969482422,9.59000015258789,9.6899995803833,9.6899995803833,93544
"AXL","American Axle & Manufacturing Holdings, Inc. Common Stock","2021-07-29 13:30:00-04:00",9.68000030517578,9.770000457763672,9.630000114440918,9.654999732971191,9.654999732971191,132608
"AXL","American Axle & Manufacturing Holdings, Inc. Common Stock","2021-07-29 14:30:00-04:00",9.649999618530272,9.869999885559082,9.630000114440918,9.854999542236328,9.854999542236328,307636
"AXL","American Axle & Manufacturing Holdings, Inc. Common Stock","2021-07-29 15:30:00-04:00",9.850000381469728,9.885000228881836,9.744999885559082,9.779999732971191,9.779999732971191,356141
"AXL","American Axle & Manufacturing Holdings, Inc. Common Stock","2021-07-29 16:00:00-04:00",9.78,10.09,9.645,9.825,9.825,0
"AXL","American Axle & Manufacturing Holdings, Inc. Common Stock","2021-07-29 17:00:00-04:00",9.73,9.8,9.615,9.72,9.72,0
"AXL","American Axle & Manufacturing Holdings, Inc. Common Stock","2021-07-29 19:00:00-04:00",9.62,9.72,9.62,9.72,9.72,0
"AXL","American Axle & Manufacturing Holdings, Inc. Common Stock","2021-07-30 04:00:00-04:00",9.72,9.72,9.72,9.72,9.72,0
"AXL","American Axle & Manufacturing Holdings, Inc. Common Stock","2021-07-30 06:00:00-04:00",9.72,9.72,9.72,9.72,9.72,0
"AXL","American Axle & Manufacturing Holdings, Inc. Common Stock","2021-07-30 08:00:00-04:00",9.78,9.93,9.73,9.85,9.85,0
"AXL","American Axle & Manufacturing Holdings, Inc. Common Stock","2021-07-30 09:00:00-04:00",9.93,9.93,9.77,9.77,9.77,0
"AXL","American Axle & Manufacturing Holdings, Inc. Common Stock","2021-07-30 09:30:00-04:00",9.699999809265137,10.59000015258789,9.675000190734863,10.024999618530272,10.024999618530272,1064015
"AXL","American Axle & Manufacturing Holdings, Inc. Common Stock","2021-07-30 10:30:00-04:00",10.020000457763672,10.029999732971191,9.75,9.835000038146973,9.835000038146973,286617
"AXL","American Axle & Manufacturing Holdings, Inc. Common Stock","2021-07-30 11:30:00-04:00",9.835000038146973,9.859999656677246,9.630000114440918,9.770000457763672,9.770000457763672,234809
"AXL","American Axle & Manufacturing Holdings, Inc. Common Stock","2021-07-30 12:30:00-04:00",9.779899597167969,9.779999732971191,9.609999656677246,9.670000076293944,9.670000076293944,176457
"AXL","American Axle & Manufacturing Holdings, Inc. Common Stock","2021-07-30 13:30:00-04:00",9.68000030517578,9.739999771118164,9.520000457763672,9.550000190734863,9.550000190734863,281559
"AXL","American Axle & Manufacturing Holdings, Inc. Common Stock","2021-07-30 14:30:00-04:00",9.529999732971191,9.68000030517578,9.529999732971191,9.630000114440918,9.630000114440918,129644
"AXL","American Axle & Manufacturing Holdings, Inc. Common Stock","2021-07-30 15:30:00-04:00",9.640000343322754,9.6899995803833,9.59000015258789,9.6899995803833,9.6899995803833,271631
"AXL","American Axle & Manufacturing Holdings, Inc. Common Stock","2021-07-30 16:00:00-04:00",9.69,9.84,9.53,9.53,9.53,0
"AXL","American Axle & Manufacturing Holdings, Inc. Common Stock","2021-07-30 17:00:00-04:00",9.68,9.69,9.68,9.68,9.68,0
"AXL","American Axle & Manufacturing Holdings, Inc. Common Stock","2021-08-02 08:00:00-04:00",9.71,9.71,9.69,9.69,9.69,0
"AXL","American Axle & Manufacturing Holdings, Inc. Common Stock","2021-08-02 09:00:00-04:00",9.7,9.9,9.7,9.9,9.9,0
"AXL","American Axle & Manufacturing Holdings, Inc. Common Stock","2021-08-02 09:30:00-04:00",9.890000343322754,10.25,9.779999732971191,9.9399995803833,9.9399995803833,484803
"AXL","American Axle & Manufacturing Holdings, Inc. Common Stock","2021-08-02 10:30:00-04:00",9.949999809265137,9.979999542236328,9.710000038146973,9.734999656677246,9.734999656677246,152784
"AXL","American Axle & Manufacturing Holdings, Inc. Common Stock","2021-08-02 11:30:00-04:00",9.75,9.8149995803833,9.699999809265137,9.75,9.75,118438
"AXL","American Axle & Manufacturing Holdings, Inc. Common Stock","2021-08-02 12:30:00-04:00",9.760000228881836,9.8100004196167,9.739999771118164,9.800000190734863,9.800000190734863,75596
"AXL","American Axle & Manufacturing Holdings, Inc. Common Stock","2021-08-02 13:30:00-04:00",9.795000076293944,9.890000343322754,9.779999732971191,9.84000015258789,9.84000015258789,64360
"AXL","American Axle & Manufacturing Holdings, Inc. Common Stock","2021-08-02 14:30:00-04:00",9.850000381469728,9.859999656677246,9.739999771118164,9.755000114440918,9.755000114440918,87516
"AXL","American Axle & Manufacturing Holdings, Inc. Common Stock","2021-08-02 15:30:00-04:00",9.757200241088867,9.779999732971191,9.6899995803833,9.729999542236328,9.729999542236328,371892
"AXL","American Axle & Manufacturing Holdings, Inc. Common Stock","2021-08-02 16:00:00-04:00",9.72,9.915,9.72,9.72,9.72,0
"AXL","American Axle & Manufacturing Holdings, Inc. Common Stock","2021-08-02 17:00:00-04:00",9.73,9.89,9.72,9.81,9.81,0
"AXL","American Axle & Manufacturing Holdings, Inc. Common Stock","2021-08-02 18:00:00-04:00",9.73,9.73,9.73,9.73,9.73,0
"AXL","American Axle & Manufacturing Holdings, Inc. Common Stock","2021-08-03 07:00:00-04:00",9.71,9.71,9.71,9.71,9.71,0
"AXL","American Axle & Manufacturing Holdings, Inc. Common Stock","2021-08-03 08:00:00-04:00",9.72,9.77,9.72,9.77,9.77,0
"AXL","American Axle & Manufacturing Holdings, Inc. Common Stock","2021-08-03 09:30:00-04:00",9.850000381469728,9.906900405883787,9.5600004196167,9.755000114440918,9.755000114440918,437277
"AXL","American Axle & Manufacturing Holdings, Inc. Common Stock","2021-08-03 10:30:00-04:00",9.75,9.949999809265137,9.739999771118164,9.899999618530272,9.899999618530272,155661
"AXL","American Axle & Manufacturing Holdings, Inc. Common Stock","2021-08-03 11:30:00-04:00",9.90999984741211,9.984999656677246,9.892399787902832,9.939000129699709,9.939000129699709,87573
"AXL","American Axle & Manufacturing Holdings, Inc. Common Stock","2021-08-03 12:30:00-04:00",9.935199737548828,9.949999809265137,9.880000114440918,9.90999984741211,9.90999984741211,47326
"AXL","American Axle & Manufacturing Holdings, Inc. Common Stock","2021-08-03 13:30:00-04:00",9.904999732971191,9.994999885559082,9.890000343322754,9.975000381469728,9.975000381469728,92097
"AXL","American Axle & Manufacturing Holdings, Inc. Common Stock","2021-08-03 14:30:00-04:00",9.975000381469728,10.0,9.880000114440918,9.895000457763672,9.895000457763672,128055
"AXL","American Axle & Manufacturing Holdings, Inc. Common Stock","2021-08-03 15:30:00-04:00",9.895000457763672,9.920000076293944,9.829999923706056,9.885000228881836,9.885000228881836,305845
"AXL","American Axle & Manufacturing Holdings, Inc. Common Stock","2021-08-03 16:00:00-04:00",9.89,9.89,9.89,9.89,9.89,0
"AXL","American Axle & Manufacturing Holdings, Inc. Common Stock","2021-08-03 17:00:00-04:00",9.89,9.89,9.89,9.89,9.89,0
"AXL","American Axle & Manufacturing Holdings, Inc. Common Stock","2021-08-03 19:00:00-04:00",10.08,10.08,10.08,10.08,10.08,0
"AXL","American Axle & Manufacturing Holdings, Inc. Common Stock","2021-08-04 07:00:00-04:00",9.95,9.95,9.92,9.95,9.95,0
"AXL","American Axle & Manufacturing Holdings, Inc. Common Stock","2021-08-04 09:00:00-04:00",10.0258,10.1,9.75,9.75,9.75,0
"AXL","American Axle & Manufacturing Holdings, Inc. Common Stock","2021-08-04 09:30:00-04:00",9.760000228881836,9.84000015258789,9.380000114440918,9.47659969329834,9.47659969329834,387930
"AXL","American Axle & Manufacturing Holdings, Inc. Common Stock","2021-08-04 10:30:00-04:00",9.475000381469728,9.489999771118164,9.347900390625,9.359999656677246,9.359999656677246,226273
"AXL","American Axle & Manufacturing Holdings, Inc. Common Stock","2021-08-04 11:30:00-04:00",9.359999656677246,9.359999656677246,9.225000381469728,9.295000076293944,9.295000076293944,177267
"AXL","American Axle & Manufacturing Holdings, Inc. Common Stock","2021-08-04 12:30:00-04:00",9.289999961853027,9.3100004196167,9.229999542236328,9.234999656677246,9.234999656677246,119061
"AXL","American Axle & Manufacturing Holdings, Inc. Common Stock","2021-08-04 13:30:00-04:00",9.239999771118164,9.324999809265137,9.18000030517578,9.21500015258789,9.21500015258789,194874
"AXL","American Axle & Manufacturing Holdings, Inc. Common Stock","2021-08-04 14:30:00-04:00",9.210000038146973,9.260000228881836,9.170000076293944,9.255000114440918,9.255000114440918,171710
"AXL","American Axle & Manufacturing Holdings, Inc. Common Stock","2021-08-04 15:30:00-04:00",9.260000228881836,9.28499984741211,9.210000038146973,9.210000038146973,9.210000038146973,284399
"AXL","American Axle & Manufacturing Holdings, Inc. Common Stock","2021-08-04 16:00:00-04:00",9.21,9.25,9.17,9.21,9.21,0
"AXL","American Axle & Manufacturing Holdings, Inc. Common Stock","2021-08-04 17:00:00-04:00",9.18,9.46,9.18,9.18,9.18,0
"AXL","American Axle & Manufacturing Holdings, Inc. Common Stock","2021-08-04 18:00:00-04:00",9.21,9.21,9.21,9.21,9.21,0
"AXL","American Axle & Manufacturing Holdings, Inc. Common Stock","2021-08-05 06:00:00-04:00",10.0,10.49,10.0,10.49,10.49,0
"AXL","American Axle & Manufacturing Holdings, Inc. Common Stock","2021-08-05 07:00:00-04:00",9.35,9.4,9.35,9.4,9.4,0
"AXL","American Axle & Manufacturing Holdings, Inc. Common Stock","2021-08-05 08:00:00-04:00",9.3,9.6,9.3,9.3,9.3,0
"AXL","American Axle & Manufacturing Holdings, Inc. Common Stock","2021-08-05 09:30:00-04:00",9.1899995803833,9.420000076293944,9.1899995803833,9.399999618530272,9.399999618530272,141723
"AXL","American Axle & Manufacturing Holdings, Inc. Common Stock","2021-08-05 10:30:00-04:00",9.390000343322754,9.470000267028809,9.354999542236328,9.4399995803833,9.4399995803833,168966
"AXL","American Axle & Manufacturing Holdings, Inc. Common Stock","2021-08-05 11:30:00-04:00",9.43000030517578,9.470000267028809,9.354999542236328,9.36680030822754,9.36680030822754,73481
"AXL","American Axle & Manufacturing Holdings, Inc. Common Stock","2021-08-05 12:30:00-04:00",9.359999656677246,9.375,9.300000190734863,9.369999885559082,9.369999885559082,89308
"AXL","American Axle & Manufacturing Holdings, Inc. Common Stock","2021-08-05 13:30:00-04:00",9.369999885559082,9.390000343322754,9.324999809265137,9.324999809265137,9.324999809265137,94132
"AXL","American Axle & Manufacturing Holdings, Inc. Common Stock","2021-08-05 14:30:00-04:00",9.31999969482422,9.380000114440918,9.295000076293944,9.369999885559082,9.369999885559082,72561
"AXL","American Axle & Manufacturing Holdings, Inc. Common Stock","2021-08-05 15:30:00-04:00",9.375,9.385000228881836,9.3100004196167,9.380000114440918,9.380000114440918,180331
"AXL","American Axle & Manufacturing Holdings, Inc. Common Stock","2021-08-05 16:00:00-04:00",9.38,9.38,9.38,9.38,9.38,0
"AXL","American Axle & Manufacturing Holdings, Inc. Common Stock","2021-08-06 09:30:00-04:00",9.520000457763672,9.579999923706056,9.239999771118164,9.31999969482422,9.31999969482422,250272
"AXL","American Axle & Manufacturing Holdings, Inc. Common Stock","2021-08-06 10:30:00-04:00",9.31999969482422,9.399999618530272,9.265000343322754,9.380000114440918,9.380000114440918,126595
"AXL","American Axle & Manufacturing Holdings, Inc. Common Stock","2021-08-06 11:30:00-04:00",9.375,9.390000343322754,9.34000015258789,9.34000015258789,9.34000015258789,74370
"AXL","American Axle & Manufacturing Holdings, Inc. Common Stock","2021-08-06 12:30:00-04:00",9.345000267028809,9.350000381469728,9.3149995803833,9.345000267028809,9.345000267028809,55564
"AXL","American Axle & Manufacturing Holdings, Inc. Common Stock","2021-08-06 13:30:00-04:00",9.34000015258789,9.34000015258789,9.279999732971191,9.300000190734863,9.300000190734863,69260
"AXL","American Axle & Manufacturing Holdings, Inc. Common Stock","2021-08-06 14:30:00-04:00",9.30500030517578,9.345000267028809,9.270000457763672,9.31999969482422,9.31999969482422,68257
"AXL","American Axle & Manufacturing Holdings, Inc. Common Stock","2021-08-06 15:30:00-04:00",9.3149995803833,9.345000267028809,9.289999961853027,9.289999961853027,9.289999961853027,157299
"AXL","American Axle & Manufacturing Holdings, Inc. Common Stock","2021-08-06 16:00:00-04:00",9.29,9.29,9.289,9.29,9.29,0
"AXL","American Axle & Manufacturing Holdings, Inc. Common Stock","2021-08-09 07:00:00-04:00",9.33,9.33,9.33,9.33,9.33,0
"AXL","American Axle & Manufacturing Holdings, Inc. Common Stock","2021-08-09 08:00:00-04:00",9.34,9.34,9.17,9.17,9.17,0
"AXL","American Axle & Manufacturing Holdings, Inc. Common Stock","2021-08-09 09:30:00-04:00",9.15999984741211,9.270000457763672,9.03499984741211,9.06999969482422,9.06999969482422,257166
"AXL","American Axle & Manufacturing Holdings, Inc. Common Stock","2021-08-09 10:30:00-04:00",9.0600004196167,9.175000190734863,9.0,9.149999618530272,9.149999618530272,126407
"AXL","American Axle & Manufacturing Holdings, Inc. Common Stock","2021-08-09 11:30:00-04:00",9.154999732971191,9.239999771118164,9.140000343322754,9.1899995803833,9.1899995803833,87598
"AXL","American Axle & Manufacturing Holdings, Inc. Common Stock","2021-08-09 12:30:00-04:00",9.18000030517578,9.19499969482422,9.140000343322754,9.149999618530272,9.149999618530272,38856
"AXL","American Axle & Manufacturing Holdings, Inc. Common Stock","2021-08-09 13:30:00-04:00",9.149999618530272,9.19499969482422,9.119999885559082,9.140000343322754,9.140000343322754,55215
"AXL","American Axle & Manufacturing Holdings, Inc. Common Stock","2021-08-09 14:30:00-04:00",9.146699905395508,9.199999809265137,9.145700454711914,9.170000076293944,9.170000076293944,43584
"AXL","American Axle & Manufacturing Holdings, Inc. Common Stock","2021-08-09 15:30:00-04:00",9.164999961853027,9.1899995803833,9.100000381469728,9.130000114440918,9.130000114440918,158622
"AXL","American Axle & Manufacturing Holdings, Inc. Common Stock","2021-08-09 16:00:00-04:00",9.13,9.13,9.13,9.13,9.13,0
"AXL","American Axle & Manufacturing Holdings, Inc. Common Stock","2021-08-09 18:00:00-04:00",9.15,9.15,9.15,9.15,9.15,0
"AXL","American Axle & Manufacturing Holdings, Inc. Common Stock","2021-08-09 19:00:00-04:00",9.15,9.22,9.15,9.22,9.22,0
"AXL","American Axle & Manufacturing Holdings, Inc. Common Stock","2021-08-10 08:00:00-04:00",9.4,9.4,9.13,9.13,9.13,0
"AXL","American Axle & Manufacturing Holdings, Inc. Common Stock","2021-08-10 09:00:00-04:00",9.15,9.15,9.15,9.15,9.15,0
"AXL","American Axle & Manufacturing Holdings, Inc. Common Stock","2021-08-10 09:30:00-04:00",9.18000030517578,9.239999771118164,9.0600004196167,9.220000267028809,9.220000267028809,150093
"AXL","American Axle & Manufacturing Holdings, Inc. Common Stock","2021-08-10 10:30:00-04:00",9.225000381469728,9.300000190734863,9.199999809265137,9.270099639892578,9.270099639892578,94652
"AXL","American Axle & Manufacturing Holdings, Inc. Common Stock","2021-08-10 11:30:00-04:00",9.270000457763672,9.300000190734863,9.1899995803833,9.1899995803833,9.1899995803833,47681
"AXL","American Axle & Manufacturing Holdings, Inc. Common Stock","2021-08-10 12:30:00-04:00",9.1899995803833,9.300000190734863,9.1850004196167,9.295000076293944,9.295000076293944,56152
"AXL","American Axle & Manufacturing Holdings, Inc. Common Stock","2021-08-10 13:30:00-04:00",9.300000190734863,9.369999885559082,9.270000457763672,9.350000381469728,9.350000381469728,99290
"AXL","American Axle & Manufacturing Holdings, Inc. Common Stock","2021-08-10 14:30:00-04:00",9.354999542236328,9.449999809265137,9.354999542236328,9.44499969482422,9.44499969482422,106475
"AXL","American Axle & Manufacturing Holdings, Inc. Common Stock","2021-08-10 15:30:00-04:00",9.44499969482422,9.460000038146973,9.399999618530272,9.399999618530272,9.399999618530272,175649
"AXL","American Axle & Manufacturing Holdings, Inc. Common Stock","2021-08-10 16:00:00-04:00",9.4,9.4,9.3,9.3,9.3,0
"AXL","American Axle & Manufacturing Holdings, Inc. Common Stock","2021-08-10 19:00:00-04:00",9.45,9.46,9.35,9.35,9.35,0
"AXL","American Axle & Manufacturing Holdings, Inc. Common Stock","2021-08-11 09:30:00-04:00",9.3100004196167,9.420000076293944,9.119999885559082,9.270000457763672,9.270000457763672,110963
"AXL","American Axle & Manufacturing Holdings, Inc. Common Stock","2021-08-11 10:30:00-04:00",9.270000457763672,9.31999969482422,9.239999771118164,9.3100004196167,9.3100004196167,41304
"AXL","American Axle & Manufacturing Holdings, Inc. Common Stock","2021-08-11 11:30:00-04:00",9.300000190734863,9.34000015258789,9.28499984741211,9.31999969482422,9.31999969482422,45786
"AXL","American Axle & Manufacturing Holdings, Inc. Common Stock","2021-08-11 12:30:00-04:00",9.3100004196167,9.449999809265137,9.3100004196167,9.449999809265137,9.449999809265137,66265
"AXL","American Axle & Manufacturing Holdings, Inc. Common Stock","2021-08-11 13:30:00-04:00",9.449999809265137,9.489999771118164,9.369999885559082,9.385000228881836,9.385000228881836,101833
"AXL","American Axle & Manufacturing Holdings, Inc. Common Stock","2021-08-11 14:30:00-04:00",9.385000228881836,9.489999771118164,9.329999923706056,9.454999923706056,9.454999923706056,120542
"AXL","American Axle & Manufacturing Holdings, Inc. Common Stock","2021-08-11 15:30:00-04:00",9.449999809265137,9.5,9.420000076293944,9.5,9.5,217804
"AXL","American Axle & Manufacturing Holdings, Inc. Common Stock","2021-08-11 16:00:00-04:00",9.49,9.49,9.49,9.49,9.49,0
"AXL","American Axle & Manufacturing Holdings, Inc. Common Stock","2021-08-12 08:00:00-04:00",9.59,9.59,9.59,9.59,9.59,0
"AXL","American Axle & Manufacturing Holdings, Inc. Common Stock","2021-08-12 09:30:00-04:00",9.550000190734863,9.5600004196167,9.3149995803833,9.34000015258789,9.34000015258789,81684
"AXL","American Axle & Manufacturing Holdings, Inc. Common Stock","2021-08-12 10:30:00-04:00",9.34000015258789,9.34000015258789,9.25529956817627,9.30500030517578,9.30500030517578,60340
"AXL","American Axle & Manufacturing Holdings, Inc. Common Stock","2021-08-12 11:30:00-04:00",9.300000190734863,9.399999618530272,9.300000190734863,9.3326997756958,9.3326997756958,133291
"AXL","American Axle & Manufacturing Holdings, Inc. Common Stock","2021-08-12 12:30:00-04:00",9.329999923706056,9.359999656677246,9.295000076293944,9.3100004196167,9.3100004196167,39489
"AXL","American Axle & Manufacturing Holdings, Inc. Common Stock","2021-08-12 13:30:00-04:00",9.3100004196167,9.31999969482422,9.300000190734863,9.3100004196167,9.3100004196167,78293
"AXL","American Axle & Manufacturing Holdings, Inc. Common Stock","2021-08-12 14:30:00-04:00",9.3100004196167,9.380000114440918,9.300000190734863,9.354999542236328,9.354999542236328,45426
"AXL","American Axle & Manufacturing Holdings, Inc. Common Stock","2021-08-12 15:30:00-04:00",9.359999656677246,9.425000190734863,9.359999656677246,9.390000343322754,9.390000343322754,101152
"AXL","American Axle & Manufacturing Holdings, Inc. Common Stock","2021-08-12 16:00:00-04:00",9.39,9.4,9.27,9.4,9.4,0
"AXL","American Axle & Manufacturing Holdings, Inc. Common Stock","2021-08-13 07:00:00-04:00",9.18,9.18,9.12,9.12,9.12,0
"AXL","American Axle & Manufacturing Holdings, Inc. Common Stock","2021-08-13 08:00:00-04:00",9.15,9.39,9.15,9.39,9.39,0
"AXL","American Axle & Manufacturing Holdings, Inc. Common Stock","2021-08-13 09:30:00-04:00",9.34000015258789,9.369999885559082,9.189900398254396,9.289999961853027,9.289999961853027,159062
"AXL","American Axle & Manufacturing Holdings, Inc. Common Stock","2021-08-13 10:30:00-04:00",9.29010009765625,9.414999961853027,9.28499984741211,9.399999618530272,9.399999618530272,91157
"AXL","American Axle & Manufacturing Holdings, Inc. Common Stock","2021-08-13 11:30:00-04:00",9.395000457763672,9.44499969482422,9.390000343322754,9.4350004196167,9.4350004196167,85384
"AXL","American Axle & Manufacturing Holdings, Inc. Common Stock","2021-08-13 12:30:00-04:00",9.4350004196167,9.449999809265137,9.399999618530272,9.4399995803833,9.4399995803833,53635
"AXL","American Axle & Manufacturing Holdings, Inc. Common Stock","2021-08-13 13:30:00-04:00",9.437199592590332,9.4399995803833,9.399999618530272,9.404999732971191,9.404999732971191,55145
"AXL","American Axle & Manufacturing Holdings, Inc. Common Stock","2021-08-13 14:30:00-04:00",9.399999618530272,9.399999618530272,9.34000015258789,9.364999771118164,9.364999771118164,85598
"AXL","American Axle & Manufacturing Holdings, Inc. Common Stock","2021-08-13 15:30:00-04:00",9.364999771118164,9.364999771118164,9.30500030517578,9.350000381469728,9.350000381469728,192165
"AXL","American Axle & Manufacturing Holdings, Inc. Common Stock","2021-08-13 16:00:00-04:00",9.36,9.36,9.26,9.26,9.26,0
"AXL","American Axle & Manufacturing Holdings, Inc. Common Stock","2021-08-13 17:00:00-04:00",9.26,9.28,9.26,9.28,9.28,0
"AXL","American Axle & Manufacturing Holdings, Inc. Common Stock","2021-08-13 18:00:00-04:00",9.44,9.44,9.44,9.44,9.44,0
"AXL","American Axle & Manufacturing Holdings, Inc. Common Stock","2021-08-13 19:00:00-04:00",9.37,9.37,9.37,9.37,9.37,0
"AXL","American Axle & Manufacturing Holdings, Inc. Common Stock","2021-08-16 08:00:00-04:00",9.12,9.12,9.12,9.12,9.12,0
"AXL","American Axle & Manufacturing Holdings, Inc. Common Stock","2021-08-16 09:00:00-04:00",9.1229,9.1229,9.1229,9.1229,9.1229,0
"AXL","American Axle & Manufacturing Holdings, Inc. Common Stock","2021-08-16 09:30:00-04:00",9.229999542236328,9.291899681091309,9.03499984741211,9.19499969482422,9.19499969482422,207528
"AXL","American Axle & Manufacturing Holdings, Inc. Common Stock","2021-08-16 10:30:00-04:00",9.210000038146973,9.25,9.140000343322754,9.19499969482422,9.19499969482422,112506
"AXL","American Axle & Manufacturing Holdings, Inc. Common Stock","2021-08-16 11:30:00-04:00",9.204999923706056,9.225000381469728,9.175000190734863,9.210000038146973,9.210000038146973,81054
"AXL","American Axle & Manufacturing Holdings, Inc. Common Stock","2021-08-16 12:30:00-04:00",9.210000038146973,9.4399995803833,9.210000038146973,9.4350004196167,9.4350004196167,208979
"AXL","American Axle & Manufacturing Holdings, Inc. Common Stock","2021-08-16 13:30:00-04:00",9.4350004196167,9.454999923706056,9.354999542236328,9.375,9.375,136417
"AXL","American Axle & Manufacturing Holdings, Inc. Common Stock","2021-08-16 14:30:00-04:00",9.369999885559082,9.470000267028809,9.359999656677246,9.4399995803833,9.4399995803833,126429
"AXL","American Axle & Manufacturing Holdings, Inc. Common Stock","2021-08-16 15:30:00-04:00",9.4350004196167,9.4399995803833,9.350000381469728,9.420000076293944,9.420000076293944,189416
"AXL","American Axle & Manufacturing Holdings, Inc. Common Stock","2021-08-16 16:00:00-04:00",9.42,9.42,9.265,9.265,9.265,0
"AXL","American Axle & Manufacturing Holdings, Inc. Common Stock","2021-08-16 18:00:00-04:00",9.37,9.49,9.37,9.48,9.48,0
"AXL","American Axle & Manufacturing Holdings, Inc. Common Stock","2021-08-17 09:30:00-04:00",9.210000038146973,9.263400077819824,9.06999969482422,9.234999656677246,9.234999656677246,443555
"AXL","American Axle & Manufacturing Holdings, Inc. Common Stock","2021-08-17 10:30:00-04:00",9.239999771118164,9.25,9.06999969482422,9.100000381469728,9.100000381469728,246961
"AXL","American Axle & Manufacturing Holdings, Inc. Common Stock","2021-08-17 11:30:00-04:00",9.104999542236328,9.220000267028809,9.09000015258789,9.140000343322754,9.140000343322754,177849
"AXL","American Axle & Manufacturing Holdings, Inc. Common Stock","2021-08-17 12:30:00-04:00",9.135000228881836,9.175000190734863,9.0649995803833,9.114999771118164,9.114999771118164,188571
"AXL","American Axle & Manufacturing Holdings, Inc. Common Stock","2021-08-17 13:30:00-04:00",9.109999656677246,9.125,9.010000228881836,9.015000343322754,9.015000343322754,194477
"AXL","American Axle & Manufacturing Holdings, Inc. Common Stock","2021-08-17 14:30:00-04:00",9.020000457763672,9.130000114440918,9.005000114440918,9.06999969482422,9.06999969482422,215569
"AXL","American Axle & Manufacturing Holdings, Inc. Common Stock","2021-08-17 15:30:00-04:00",9.074999809265137,9.100000381469728,9.05500030517578,9.100000381469728,9.100000381469728,187093
"AXL","American Axle & Manufacturing Holdings, Inc. Common Stock","2021-08-17 16:00:00-04:00",9.1,9.1,9.1,9.1,9.1,0
"AXL","American Axle & Manufacturing Holdings, Inc. Common Stock","2021-08-17 19:00:00-04:00",9.15,9.15,9.15,9.15,9.15,0
"AXL","American Axle & Manufacturing Holdings, Inc. Common Stock","2021-08-18 07:00:00-04:00",9.1,9.1,8.98,8.99,8.99,0
"AXL","American Axle & Manufacturing Holdings, Inc. Common Stock","2021-08-18 08:00:00-04:00",9.0,9.0,9.0,9.0,9.0,0
"AXL","American Axle & Manufacturing Holdings, Inc. Common Stock","2021-08-18 09:00:00-04:00",9.1,9.1,9.04,9.04,9.04,0
"AXL","American Axle & Manufacturing Holdings, Inc. Common Stock","2021-08-18 09:30:00-04:00",9.029999732971191,9.149999618530272,8.930000305175781,9.050000190734863,9.050000190734863,374236
"AXL","American Axle & Manufacturing Holdings, Inc. Common Stock","2021-08-18 10:30:00-04:00",9.039999961853027,9.09000015258789,9.010000228881836,9.0600004196167,9.0600004196167,217297
"AXL","American Axle & Manufacturing Holdings, Inc. Common Stock","2021-08-18 11:30:00-04:00",9.05500030517578,9.109999656677246,9.050000190734863,9.0649995803833,9.0649995803833,163831
"AXL","American Axle & Manufacturing Holdings, Inc. Common Stock","2021-08-18 12:30:00-04:00",9.06999969482422,9.06999969482422,8.990099906921387,9.03499984741211,9.03499984741211,123250
"AXL","American Axle & Manufacturing Holdings, Inc. Common Stock","2021-08-18 13:30:00-04:00",9.03499984741211,9.100000381469728,8.975000381469727,9.024999618530272,9.024999618530272,147754
"AXL","American Axle & Manufacturing Holdings, Inc. Common Stock","2021-08-18 14:30:00-04:00",9.020000457763672,9.045000076293944,8.989999771118164,9.005000114440918,9.005000114440918,79863
"AXL","American Axle & Manufacturing Holdings, Inc. Common Stock","2021-08-18 15:30:00-04:00",9.005000114440918,9.005000114440918,8.8100004196167,8.8100004196167,8.8100004196167,339830
"AXL","American Axle & Manufacturing Holdings, Inc. Common Stock","2021-08-18 16:00:00-04:00",8.82,8.94,8.82,8.92,8.92,0
"AXL","American Axle & Manufacturing Holdings, Inc. Common Stock","2021-08-18 17:00:00-04:00",8.85,8.9,8.85,8.9,8.9,0
"AXL","American Axle & Manufacturing Holdings, Inc. Common Stock","2021-08-19 04:00:00-04:00",8.8,8.8,8.8,8.8,8.8,0
"AXL","American Axle & Manufacturing Holdings, Inc. Common Stock","2021-08-19 05:00:00-04:00",8.71,8.71,8.71,8.71,8.71,0
"AXL","American Axle & Manufacturing Holdings, Inc. Common Stock","2021-08-19 07:00:00-04:00",8.75,8.77,8.6,8.6,8.6,0
"AXL","American Axle & Manufacturing Holdings, Inc. Common Stock","2021-08-19 08:00:00-04:00",8.59,8.75,8.51,8.75,8.75,0
"AXL","American Axle & Manufacturing Holdings, Inc. Common Stock","2021-08-19 09:30:00-04:00",8.5,8.579999923706055,8.369999885559082,8.397100448608398,8.397100448608398,393665
"AXL","American Axle & Manufacturing Holdings, Inc. Common Stock","2021-08-19 10:30:00-04:00",8.390000343322754,8.4399995803833,8.329999923706055,8.385000228881836,8.385000228881836,276819
"AXL","American Axle & Manufacturing Holdings, Inc. Common Stock","2021-08-19 11:30:00-04:00",8.38700008392334,8.59000015258789,8.380000114440918,8.59000015258789,8.59000015258789,100493
"AXL","American Axle & Manufacturing Holdings, Inc. Common Stock","2021-08-19 12:30:00-04:00",8.595000267028809,8.614999771118164,8.524999618530273,8.524999618530273,8.524999618530273,79912
"AXL","American Axle & Manufacturing Holdings, Inc. Common Stock","2021-08-19 13:30:00-04:00",8.524999618530273,8.579999923706055,8.505000114440918,8.515000343322754,8.515000343322754,103152
"AXL","American Axle & Manufacturing Holdings, Inc. Common Stock","2021-08-19 14:30:00-04:00",8.515000343322754,8.5600004196167,8.494999885559082,8.539999961853027,8.539999961853027,106648
"AXL","American Axle & Manufacturing Holdings, Inc. Common Stock","2021-08-19 15:30:00-04:00",8.545000076293945,8.545000076293945,8.449999809265137,8.479999542236328,8.479999542236328,219200
"AXL","American Axle & Manufacturing Holdings, Inc. Common Stock","2021-08-19 16:00:00-04:00",8.48,8.645,8.48,8.645,8.645,0
"AXL","American Axle & Manufacturing Holdings, Inc. Common Stock","2021-08-19 19:00:00-04:00",8.63,8.63,8.63,8.63,8.63,0
"AXL","American Axle & Manufacturing Holdings, Inc. Common Stock","2021-08-20 08:00:00-04:00",8.48,8.48,8.48,8.48,8.48,0
"AXL","American Axle & Manufacturing Holdings, Inc. Common Stock","2021-08-20 09:00:00-04:00",8.48,8.48,8.48,8.48,8.48,0
"AXL","American Axle & Manufacturing Holdings, Inc. Common Stock","2021-08-20 09:30:00-04:00",8.399999618530273,8.5,8.279999732971191,8.3100004196167,8.3100004196167,205378
"AXL","American Axle & Manufacturing Holdings, Inc. Common Stock","2021-08-20 10:30:00-04:00",8.3100004196167,8.449999809265137,8.3100004196167,8.414999961853027,8.414999961853027,140648
"AXL","American Axle & Manufacturing Holdings, Inc. Common Stock","2021-08-20 11:30:00-04:00",8.414999961853027,8.430000305175781,8.350099563598633,8.380000114440918,8.380000114440918,118071
"AXL","American Axle & Manufacturing Holdings, Inc. Common Stock","2021-08-20 12:30:00-04:00",8.395000457763672,8.475000381469727,8.380000114440918,8.385000228881836,8.385000228881836,81219
"AXL","American Axle & Manufacturing Holdings, Inc. Common Stock","2021-08-20 13:30:00-04:00",8.380000114440918,8.460000038146973,8.354999542236328,8.420000076293945,8.420000076293945,75097
"AXL","American Axle & Manufacturing Holdings, Inc. Common Stock","2021-08-20 14:30:00-04:00",8.420000076293945,8.420000076293945,8.359999656677246,8.395000457763672,8.395000457763672,96249
"AXL","American Axle & Manufacturing Holdings, Inc. Common Stock","2021-08-20 15:30:00-04:00",8.395000457763672,8.420000076293945,8.369999885559082,8.420000076293945,8.420000076293945,206688
"AXL","American Axle & Manufacturing Holdings, Inc. Common Stock","2021-08-20 16:00:00-04:00",8.42,8.42,8.395,8.42,8.42,0
"AXL","American Axle & Manufacturing Holdings, Inc. Common Stock","2021-08-20 17:00:00-04:00",8.375,8.375,8.375,8.375,8.375,0
"AXL","American Axle & Manufacturing Holdings, Inc. Common Stock","2021-08-23 07:00:00-04:00",8.3,8.71,8.3,8.71,8.71,0
"AXL","American Axle & Manufacturing Holdings, Inc. Common Stock","2021-08-23 09:30:00-04:00",8.470000267028809,8.539999961853027,8.345000267028809,8.354999542236328,8.354999542236328,274366
"AXL","American Axle & Manufacturing Holdings, Inc. Common Stock","2021-08-23 10:30:00-04:00",8.354999542236328,8.385000228881836,8.3100004196167,8.369999885559082,8.369999885559082,179429
"AXL","American Axle & Manufacturing Holdings, Inc. Common Stock","2021-08-23 11:30:00-04:00",8.375,8.449999809265137,8.375,8.444999694824219,8.444999694824219,50921
"AXL","American Axle & Manufacturing Holdings, Inc. Common Stock","2021-08-23 12:30:00-04:00",8.449999809265137,8.460000038146973,8.40999984741211,8.454999923706055,8.454999923706055,74128
"AXL","American Axle & Manufacturing Holdings, Inc. Common Stock","2021-08-23 13:30:00-04:00",8.460000038146973,8.520000457763672,8.444999694824219,8.520000457763672,8.520000457763672,33849
"AXL","American Axle & Manufacturing Holdings, Inc. Common Stock","2021-08-23 14:30:00-04:00",8.510000228881836,8.550000190734863,8.489999771118164,8.550000190734863,8.550000190734863,95259
"AXL","American Axle & Manufacturing Holdings, Inc. Common Stock","2021-08-23 15:30:00-04:00",8.539999961853027,8.54800033569336,8.479999542236328,8.489999771118164,8.489999771118164,94222
"AXL","American Axle & Manufacturing Holdings, Inc. Common Stock","2021-08-23 16:00:00-04:00",8.5,8.51,8.455,8.5,8.5,0
"AXL","American Axle & Manufacturing Holdings, Inc. Common Stock","2021-08-23 17:00:00-04:00",8.455,8.455,8.455,8.455,8.455,0
"AXL","American Axle & Manufacturing Holdings, Inc. Common Stock","2021-08-23 19:00:00-04:00",8.51,8.51,8.51,8.51,8.51,0
"AXL","American Axle & Manufacturing Holdings, Inc. Common Stock","2021-08-24 09:30:00-04:00",8.600000381469727,8.850000381469727,8.579999923706055,8.680000305175781,8.680000305175781,197773
"AXL","American Axle & Manufacturing Holdings, Inc. Common Stock","2021-08-24 10:30:00-04:00",8.6899995803833,8.748000144958496,8.680000305175781,8.729900360107422,8.729900360107422,86486
"AXL","American Axle & Manufacturing Holdings, Inc. Common Stock","2021-08-24 11:30:00-04:00",8.729900360107422,8.779999732971191,8.6899995803833,8.765000343322754,8.765000343322754,113672
"AXL","American Axle & Manufacturing Holdings, Inc. Common Stock","2021-08-24 12:30:00-04:00",8.76360034942627,8.827099800109863,8.75,8.805000305175781,8.805000305175781,106498
"AXL","American Axle & Manufacturing Holdings, Inc. Common Stock","2021-08-24 13:30:00-04:00",8.800000190734863,8.8149995803833,8.760000228881836,8.765000343322754,8.765000343322754,92148
"AXL","American Axle & Manufacturing Holdings, Inc. Common Stock","2021-08-24 14:30:00-04:00",8.765000343322754,8.789999961853027,8.75,8.755000114440918,8.755000114440918,72149
"AXL","American Axle & Manufacturing Holdings, Inc. Common Stock","2021-08-24 15:30:00-04:00",8.760000228881836,8.829999923706055,8.75,8.760000228881836,8.760000228881836,205171
"AXL","American Axle & Manufacturing Holdings, Inc. Common Stock","2021-08-24 16:00:00-04:00",8.75,8.75,8.705,8.705,8.705,0
"AXL","American Axle & Manufacturing Holdings, Inc. Common Stock","2021-08-24 17:00:00-04:00",8.705,8.75,8.63,8.75,8.75,0
"AXL","American Axle & Manufacturing Holdings, Inc. Common Stock","2021-08-24 18:00:00-04:00",8.72,8.72,8.67,8.67,8.67,0
"AXL","American Axle & Manufacturing Holdings, Inc. Common Stock","2021-08-24 19:00:00-04:00",8.75,8.75,8.75,8.75,8.75,0
"AXL","American Axle & Manufacturing Holdings, Inc. Common Stock","2021-08-25 06:00:00-04:00",8.75,8.75,8.75,8.75,8.75,0
"AXL","American Axle & Manufacturing Holdings, Inc. Common Stock","2021-08-25 07:00:00-04:00",8.8,8.93,8.8,8.93,8.93,0
"AXL","American Axle & Manufacturing Holdings, Inc. Common Stock","2021-08-25 08:00:00-04:00",8.9,8.95,8.7,8.83,8.83,0
"AXL","American Axle & Manufacturing Holdings, Inc. Common Stock","2021-08-25 09:00:00-04:00",8.95,8.95,8.83,8.83,8.83,0
"AXL","American Axle & Manufacturing Holdings, Inc. Common Stock","2021-08-25 09:30:00-04:00",8.779999732971191,8.869999885559082,8.670000076293945,8.819999694824219,8.819999694824219,105478
"AXL","American Axle & Manufacturing Holdings, Inc. Common Stock","2021-08-25 10:30:00-04:00",8.819999694824219,8.859999656677246,8.8100004196167,8.854999542236328,8.854999542236328,42327
"AXL","American Axle & Manufacturing Holdings, Inc. Common Stock","2021-08-25 11:30:00-04:00",8.850000381469727,8.869999885559082,8.819999694824219,8.859000205993652,8.859000205993652,32404
"AXL","American Axle & Manufacturing Holdings, Inc. Common Stock","2021-08-25 12:30:00-04:00",8.854999542236328,8.869999885559082,8.829999923706055,8.856399536132812,8.856399536132812,26758
"AXL","American Axle & Manufacturing Holdings, Inc. Common Stock","2021-08-25 13:30:00-04:00",8.854999542236328,8.859999656677246,8.8100004196167,8.838700294494629,8.838700294494629,39245
"AXL","American Axle & Manufacturing Holdings, Inc. Common Stock","2021-08-25 14:30:00-04:00",8.84000015258789,8.880000114440918,8.800000190734863,8.8100004196167,8.8100004196167,70091
"AXL","American Axle & Manufacturing Holdings, Inc. Common Stock","2021-08-25 15:30:00-04:00",8.800000190734863,8.850000381469727,8.795000076293945,8.829999923706055,8.829999923706055,153880
"AXL","American Axle & Manufacturing Holdings, Inc. Common Stock","2021-08-25 16:00:00-04:00",8.83,8.86,8.82,8.86,8.86,0
"AXL","American Axle & Manufacturing Holdings, Inc. Common Stock","2021-08-25 17:00:00-04:00",8.86,8.86,8.86,8.86,8.86,0
"AXL","American Axle & Manufacturing Holdings, Inc. Common Stock","2021-08-26 08:00:00-04:00",8.82,8.82,8.82,8.82,8.82,0
"AXL","American Axle & Manufacturing Holdings, Inc. Common Stock","2021-08-26 09:30:00-04:00",8.800000190734863,8.850000381469727,8.6850004196167,8.779999732971191,8.779999732971191,116581
"AXL","American Axle & Manufacturing Holdings, Inc. Common Stock","2021-08-26 10:30:00-04:00",8.789999961853027,8.800000190734863,8.632399559020996,8.680000305175781,8.680000305175781,62220
"AXL","American Axle & Manufacturing Holdings, Inc. Common Stock","2021-08-26 11:30:00-04:00",8.680000305175781,8.699999809265137,8.642399787902832,8.649999618530273,8.649999618530273,24056
"AXL","American Axle & Manufacturing Holdings, Inc. Common Stock","2021-08-26 12:30:00-04:00",8.649999618530273,8.670000076293945,8.595000267028809,8.595000267028809,8.595000267028809,29116
"AXL","American Axle & Manufacturing Holdings, Inc. Common Stock","2021-08-26 13:30:00-04:00",8.595000267028809,8.625,8.585000038146973,8.609999656677246,8.609999656677246,46595
"AXL","American Axle & Manufacturing Holdings, Inc. Common Stock","2021-08-26 14:30:00-04:00",8.614999771118164,8.649999618530273,8.569999694824219,8.645000457763672,8.645000457763672,69927
"AXL","American Axle & Manufacturing Holdings, Inc. Common Stock","2021-08-26 15:30:00-04:00",8.645000457763672,8.699999809265137,8.640000343322754,8.649999618530273,8.649999618530273,125647
"AXL","American Axle & Manufacturing Holdings, Inc. Common Stock","2021-08-26 16:00:00-04:00",8.65,8.66,8.65,8.66,8.66,0
"AXL","American Axle & Manufacturing Holdings, Inc. Common Stock","2021-08-26 17:00:00-04:00",8.785,8.785,8.57,8.57,8.57,0
"AXL","American Axle & Manufacturing Holdings, Inc. Common Stock","2021-08-26 18:00:00-04:00",8.6,8.6,8.6,8.6,8.6,0
"AXL","American Axle & Manufacturing Holdings, Inc. Common Stock","2021-08-27 08:00:00-04:00",8.65,8.65,8.65,8.65,8.65,0
"AXL","American Axle & Manufacturing Holdings, Inc. Common Stock","2021-08-27 09:30:00-04:00",8.630000114440918,8.944999694824219,8.609999656677246,8.880000114440918,8.880000114440918,139288
"AXL","American Axle & Manufacturing Holdings, Inc. Common Stock","2021-08-27 10:30:00-04:00",8.890000343322754,9.045000076293944,8.880000114440918,8.979900360107422,8.979900360107422,148618
"AXL","American Axle & Manufacturing Holdings, Inc. Common Stock","2021-08-27 11:30:00-04:00",8.979900360107422,9.0649995803833,8.96500015258789,9.0600004196167,9.0600004196167,60393
"AXL","American Axle & Manufacturing Holdings, Inc. Common Stock","2021-08-27 12:30:00-04:00",9.0600004196167,9.074999809265137,9.005000114440918,9.050000190734863,9.050000190734863,55140
"AXL","American Axle & Manufacturing Holdings, Inc. Common Stock","2021-08-27 13:30:00-04:00",9.05500030517578,9.130000114440918,9.039999961853027,9.125,9.125,89513
"AXL","American Axle & Manufacturing Holdings, Inc. Common Stock","2021-08-27 14:30:00-04:00",9.130000114440918,9.154999732971191,9.09000015258789,9.125,9.125,174972
"AXL","American Axle & Manufacturing Holdings, Inc. Common Stock","2021-08-27 15:30:00-04:00",9.125,9.170000076293944,9.119999885559082,9.170000076293944,9.170000076293944,226905
"AXL","American Axle & Manufacturing Holdings, Inc. Common Stock","2021-08-27 16:00:00-04:00",9.17,9.17,9.17,9.17,9.17,0
"AXL","American Axle & Manufacturing Holdings, Inc. Common Stock","2021-08-27 17:00:00-04:00",9.18,9.18,9.18,9.18,9.18,0
"AXL","American Axle & Manufacturing Holdings, Inc. Common Stock","2021-08-27 18:00:00-04:00",9.17,9.17,9.11,9.11,9.11,0
"AXL","American Axle & Manufacturing Holdings, Inc. Common Stock","2021-08-30 06:00:00-04:00",9.15,9.15,9.15,9.15,9.15,0
"AXL","American Axle & Manufacturing Holdings, Inc. Common Stock","2021-08-30 07:00:00-04:00",9.17,9.17,9.17,9.17,9.17,0
"AXL","American Axle & Manufacturing Holdings, Inc. Common Stock","2021-08-30 08:00:00-04:00",9.17,9.25,9.17,9.17,9.17,0
"AXL","American Axle & Manufacturing Holdings, Inc. Common Stock","2021-08-30 09:30:00-04:00",9.199999809265137,9.199999809265137,8.975000381469727,8.994999885559082,8.994999885559082,203876
"AXL","American Axle & Manufacturing Holdings, Inc. Common Stock","2021-08-30 10:30:00-04:00",9.0,9.0600004196167,8.975000381469727,8.994999885559082,8.994999885559082,53590
"AXL","American Axle & Manufacturing Holdings, Inc. Common Stock","2021-08-30 11:30:00-04:00",8.989999771118164,9.020000457763672,8.949999809265137,8.949999809265137,8.949999809265137,45218
"AXL","American Axle & Manufacturing Holdings, Inc. Common Stock","2021-08-30 12:30:00-04:00",8.954999923706055,8.979999542236328,8.899999618530273,8.904999732971191,8.904999732971191,66380
"AXL","American Axle & Manufacturing Holdings, Inc. Common Stock","2021-08-30 13:30:00-04:00",8.904999732971191,8.930000305175781,8.880000114440918,8.899999618530273,8.899999618530273,67739
"AXL","American Axle & Manufacturing Holdings, Inc. Common Stock","2021-08-30 14:30:00-04:00",8.904999732971191,8.949999809265137,8.890000343322754,8.906299591064453,8.906299591064453,59482
"AXL","American Axle & Manufacturing Holdings, Inc. Common Stock","2021-08-30 15:30:00-04:00",8.904999732971191,8.904999732971191,8.819999694824219,8.84000015258789,8.84000015258789,154873
"AXL","American Axle & Manufacturing Holdings, Inc. Common Stock","2021-08-30 16:00:00-04:00",8.84,8.965,8.84,8.965,8.965,0
"AXL","American Axle & Manufacturing Holdings, Inc. Common Stock","2021-08-30 17:00:00-04:00",8.84,8.84,8.84,8.84,8.84,0
"AXL","American Axle & Manufacturing Holdings, Inc. Common Stock","2021-09-01 08:00:00-04:00",9.0,9.0,9.0,9.0,9.0,0
"AXL","American Axle & Manufacturing Holdings, Inc. Common Stock","2021-09-01 09:30:00-04:00",8.8100004196167,8.899999618530273,8.6850004196167,8.725000381469727,8.725000381469727,186400
"AXL","American Axle & Manufacturing Holdings, Inc. Common Stock","2021-09-01 10:30:00-04:00",8.729999542236328,8.829999923706055,8.725000381469727,8.779999732971191,8.779999732971191,64135
"AXL","American Axle & Manufacturing Holdings, Inc. Common Stock","2021-09-01 11:30:00-04:00",8.779999732971191,8.885000228881836,8.760000228881836,8.885000228881836,8.885000228881836,106674
"AXL","American Axle & Manufacturing Holdings, Inc. Common Stock","2021-09-01 12:30:00-04:00",8.882499694824219,8.944999694824219,8.880000114440918,8.9350004196167,8.9350004196167,115724
"AXL","American Axle & Manufacturing Holdings, Inc. Common Stock","2021-09-01 13:30:00-04:00",8.9350004196167,8.984999656677246,8.9350004196167,8.96500015258789,8.96500015258789,110950
"AXL","American Axle & Manufacturing Holdings, Inc. Common Stock","2021-09-01 14:30:00-04:00",8.96500015258789,8.970000267028809,8.949999809265137,8.954999923706055,8.954999923706055,156975
"AXL","American Axle & Manufacturing Holdings, Inc. Common Stock","2021-09-01 15:30:00-04:00",8.954999923706055,8.960000038146973,8.920000076293945,8.960000038146973,8.960000038146973,189762
"AXL","American Axle & Manufacturing Holdings, Inc. Common Stock","2021-09-01 16:00:00-04:00",8.96,8.96,8.96,8.96,8.96,0
"AXL","American Axle & Manufacturing Holdings, Inc. Common Stock","2021-09-02 08:00:00-04:00",8.96,8.96,8.96,8.96,8.96,0
"AXL","American Axle & Manufacturing Holdings, Inc. Common Stock","2021-09-02 09:30:00-04:00",9.0,9.020099639892578,8.820099830627441,8.859999656677246,8.859999656677246,476914
"AXL","American Axle & Manufacturing Holdings, Inc. Common Stock","2021-09-02 10:30:00-04:00",8.869999885559082,8.899999618530273,8.839900016784668,8.845000267028809,8.845000267028809,139016
"AXL","American Axle & Manufacturing Holdings, Inc. Common Stock","2021-09-02 11:30:00-04:00",8.850000381469727,8.880000114440918,8.779999732971191,8.78499984741211,8.78499984741211,114458
"AXL","American Axle & Manufacturing Holdings, Inc. Common Stock","2021-09-02 12:30:00-04:00",8.789999961853027,8.84000015258789,8.765000343322754,8.779999732971191,8.779999732971191,108748
"AXL","American Axle & Manufacturing Holdings, Inc. Common Stock","2021-09-02 13:30:00-04:00",8.774999618530273,8.789999961853027,8.710000038146973,8.739999771118164,8.739999771118164,115788
"AXL","American Axle & Manufacturing Holdings, Inc. Common Stock","2021-09-02 14:30:00-04:00",8.734999656677246,8.760000228881836,8.699999809265137,8.704999923706055,8.704999923706055,104770
"AXL","American Axle & Manufacturing Holdings, Inc. Common Stock","2021-09-02 15:30:00-04:00",8.704999923706055,8.710000038146973,8.670000076293945,8.680000305175781,8.680000305175781,190354
"AXL","American Axle & Manufacturing Holdings, Inc. Common Stock","2021-09-02 16:00:00-04:00",8.68,8.69,8.68,8.69,8.69,0
"AXL","American Axle & Manufacturing Holdings, Inc. Common Stock","2021-09-02 18:00:00-04:00",8.94,8.94,8.94,8.94,8.94,0
"AXL","American Axle & Manufacturing Holdings, Inc. Common Stock","2021-09-02 19:00:00-04:00",8.74,8.74,8.74,8.74,8.74,0
"AXL","American Axle & Manufacturing Holdings, Inc. Common Stock","2021-09-03 07:00:00-04:00",8.74,8.74,8.74,8.74,8.74,0
"AXL","American Axle & Manufacturing Holdings, Inc. Common Stock","2021-09-03 08:00:00-04:00",8.82,8.83,8.67,8.83,8.83,0
"AXL","American Axle & Manufacturing Holdings, Inc. Common Stock","2021-09-03 09:30:00-04:00",8.699999809265137,8.720000267028809,8.589699745178223,8.71500015258789,8.71500015258789,160748
"AXL","American Axle & Manufacturing Holdings, Inc. Common Stock","2021-09-03 10:30:00-04:00",8.710000038146973,8.739999771118164,8.654999732971191,8.65999984741211,8.65999984741211,71906
"AXL","American Axle & Manufacturing Holdings, Inc. Common Stock","2021-09-03 11:30:00-04:00",8.65999984741211,8.6850004196167,8.649999618530273,8.65999984741211,8.65999984741211,61695
"AXL","American Axle & Manufacturing Holdings, Inc. Common Stock","2021-09-03 12:30:00-04:00",8.65999984741211,8.699999809265137,8.630000114440918,8.680000305175781,8.680000305175781,42873
"AXL","American Axle & Manufacturing Holdings, Inc. Common Stock","2021-09-03 13:30:00-04:00",8.6850004196167,8.6899995803833,8.654999732971191,8.65999984741211,8.65999984741211,31197
"AXL","American Axle & Manufacturing Holdings, Inc. Common Stock","2021-09-03 14:30:00-04:00",8.65999984741211,8.680000305175781,8.630000114440918,8.675000190734863,8.675000190734863,56725
"AXL","American Axle & Manufacturing Holdings, Inc. Common Stock","2021-09-03 15:30:00-04:00",8.675000190734863,8.680000305175781,8.630000114440918,8.649999618530273,8.649999618530273,108740
"AXL","American Axle & Manufacturing Holdings, Inc. Common Stock","2021-09-03 16:00:00-04:00",8.64,8.77,8.64,8.77,8.77,0
"AXL","American Axle & Manufacturing Holdings, Inc. Common Stock","2021-09-03 18:00:00-04:00",8.74,8.74,8.74,8.74,8.74,0
"AXL","American Axle & Manufacturing Holdings, Inc. Common Stock","2021-09-07 09:30:00-04:00",8.569999694824219,8.774999618530273,8.5600004196167,8.75,8.75,94645
"AXL","American Axle & Manufacturing Holdings, Inc. Common Stock","2021-09-07 10:30:00-04:00",8.739999771118164,8.739999771118164,8.635000228881836,8.6899995803833,8.6899995803833,58936
"AXL","American Axle & Manufacturing Holdings, Inc. Common Stock","2021-09-07 11:30:00-04:00",8.6899995803833,8.710000038146973,8.5649995803833,8.574999809265137,8.574999809265137,48427
"AXL","American Axle & Manufacturing Holdings, Inc. Common Stock","2021-09-07 12:30:00-04:00",8.569999694824219,8.609999656677246,8.550000190734863,8.569999694824219,8.569999694824219,66623
"AXL","American Axle & Manufacturing Holdings, Inc. Common Stock","2021-09-07 13:30:00-04:00",8.574999809265137,8.609999656677246,8.545000076293945,8.545000076293945,8.545000076293945,46801
"AXL","American Axle & Manufacturing Holdings, Inc. Common Stock","2021-09-07 14:30:00-04:00",8.545000076293945,8.5600004196167,8.489999771118164,8.550000190734863,8.550000190734863,135639
"AXL","American Axle & Manufacturing Holdings, Inc. Common Stock","2021-09-07 15:30:00-04:00",8.545000076293945,8.59000015258789,8.539999961853027,8.579999923706055,8.579999923706055,141683
"AXL","American Axle & Manufacturing Holdings, Inc. Common Stock","2021-09-07 16:00:00-04:00",8.57,8.57,8.57,8.57,8.57,0
"AXL","American Axle & Manufacturing Holdings, Inc. Common Stock","2021-09-07 17:00:00-04:00",8.55,8.55,8.55,8.55,8.55,0
"AXL","American Axle & Manufacturing Holdings, Inc. Common Stock","2021-09-07 19:00:00-04:00",8.58,8.59,8.58,8.59,8.59,0
"AXL","American Axle & Manufacturing Holdings, Inc. Common Stock","2021-09-08 04:00:00-04:00",8.5,8.5,8.5,8.5,8.5,0
"AXL","American Axle & Manufacturing Holdings, Inc. Common Stock","2021-09-08 08:00:00-04:00",8.5001,8.501,8.5001,8.501,8.501,0
"AXL","American Axle & Manufacturing Holdings, Inc. Common Stock","2021-09-08 09:30:00-04:00",8.470000267028809,8.53499984741211,8.354999542236328,8.354999542236328,8.354999542236328,143639
"AXL","American Axle & Manufacturing Holdings, Inc. Common Stock","2021-09-08 10:30:00-04:00",8.359999656677246,8.390000343322754,8.25,8.329999923706055,8.329999923706055,186132
"AXL","American Axle & Manufacturing Holdings, Inc. Common Stock","2021-09-08 11:30:00-04:00",8.34000015258789,8.34000015258789,8.279999732971191,8.335000038146973,8.335000038146973,57589
"AXL","American Axle & Manufacturing Holdings, Inc. Common Stock","2021-09-08 12:30:00-04:00",8.335000038146973,8.335000038146973,8.279999732971191,8.300000190734863,8.300000190734863,32407
"AXL","American Axle & Manufacturing Holdings, Inc. Common Stock","2021-09-08 13:30:00-04:00",8.305000305175781,8.329999923706055,8.270099639892578,8.274999618530273,8.274999618530273,70149
"AXL","American Axle & Manufacturing Holdings, Inc. Common Stock","2021-09-08 14:30:00-04:00",8.277099609375,8.319999694824219,8.270000457763672,8.319999694824219,8.319999694824219,52715
"AXL","American Axle & Manufacturing Holdings, Inc. Common Stock","2021-09-08 15:30:00-04:00",8.3149995803833,8.350000381469727,8.305000305175781,8.319999694824219,8.319999694824219,167721
"AXL","American Axle & Manufacturing Holdings, Inc. Common Stock","2021-09-08 16:00:00-04:00",8.31,8.31,8.31,8.31,8.31,0
"AXL","American Axle & Manufacturing Holdings, Inc. Common Stock","2021-09-08 17:00:00-04:00",8.31,8.31,8.31,8.31,8.31,0
"AXL","American Axle & Manufacturing Holdings, Inc. Common Stock","2021-09-08 18:00:00-04:00",8.32,8.32,8.32,8.32,8.32,0
"AXL","American Axle & Manufacturing Holdings, Inc. Common Stock","2021-09-09 09:30:00-04:00",8.260000228881836,8.274999618530273,8.148900032043457,8.260000228881836,8.260000228881836,205968
"AXL","American Axle & Manufacturing Holdings, Inc. Common Stock","2021-09-09 10:30:00-04:00",8.253700256347656,8.354999542236328,8.253700256347656,8.279999732971191,8.279999732971191,152930
"AXL","American Axle & Manufacturing Holdings, Inc. Common Stock","2021-09-09 11:30:00-04:00",8.274999618530273,8.279999732971191,8.220000267028809,8.255000114440918,8.255000114440918,70444
"AXL","American Axle & Manufacturing Holdings, Inc. Common Stock","2021-09-09 12:30:00-04:00",8.25,8.279999732971191,8.220000267028809,8.234999656677246,8.234999656677246,55217
"AXL","American Axle & Manufacturing Holdings, Inc. Common Stock","2021-09-09 13:30:00-04:00",8.239999771118164,8.239999771118164,8.164999961853027,8.21500015258789,8.21500015258789,101395
"AXL","American Axle & Manufacturing Holdings, Inc. Common Stock","2021-09-09 14:30:00-04:00",8.21500015258789,8.270000457763672,8.180000305175781,8.265000343322754,8.265000343322754,71600
"AXL","American Axle & Manufacturing Holdings, Inc. Common Stock","2021-09-09 15:30:00-04:00",8.260000228881836,8.350000381469727,8.25,8.260000228881836,8.260000228881836,140111
"AXL","American Axle & Manufacturing Holdings, Inc. Common Stock","2021-09-09 16:00:00-04:00",8.26,8.26,8.26,8.26,8.26,0
"AXL","American Axle & Manufacturing Holdings, Inc. Common Stock","2021-09-10 07:00:00-04:00",8.39,8.39,8.39,8.39,8.39,0
"AXL","American Axle & Manufacturing Holdings, Inc. Common Stock","2021-09-10 08:00:00-04:00",8.26,8.26,8.26,8.26,8.26,0
"AXL","American Axle & Manufacturing Holdings, Inc. Common Stock","2021-09-10 09:30:00-04:00",8.329999923706055,8.4399995803833,8.239999771118164,8.255000114440918,8.255000114440918,176611
"AXL","American Axle & Manufacturing Holdings, Inc. Common Stock","2021-09-10 10:30:00-04:00",8.250100135803223,8.250100135803223,8.1850004196167,8.21500015258789,8.21500015258789,101250
"AXL","American Axle & Manufacturing Holdings, Inc. Common Stock","2021-09-10 11:30:00-04:00",8.220000267028809,8.295000076293945,8.21500015258789,8.295000076293945,8.295000076293945,56921
"AXL","American Axle & Manufacturing Holdings, Inc. Common Stock","2021-09-10 12:30:00-04:00",8.289999961853027,8.3100004196167,8.274999618530273,8.279999732971191,8.279999732971191,41735
"AXL","American Axle & Manufacturing Holdings, Inc. Common Stock","2021-09-10 13:30:00-04:00",8.279999732971191,8.289999961853027,8.210000038146973,8.210000038146973,8.210000038146973,113260
"AXL","American Axle & Manufacturing Holdings, Inc. Common Stock","2021-09-10 14:30:00-04:00",8.204999923706055,8.210000038146973,8.149999618530273,8.164999961853027,8.164999961853027,64413
"AXL","American Axle & Manufacturing Holdings, Inc. Common Stock","2021-09-10 15:30:00-04:00",8.15999984741211,8.15999984741211,8.09000015258789,8.100000381469727,8.100000381469727,180871
"AXL","American Axle & Manufacturing Holdings, Inc. Common Stock","2021-09-10 16:00:00-04:00",8.1,8.11,8.1,8.11,8.11,55776
"AXL","American Axle & Manufacturing Holdings, Inc. Common Stock","2021-09-10 18:00:00-04:00",8.33,8.33,8.14,8.14,8.14,0
"AXL","American Axle & Manufacturing Holdings, Inc. Common Stock","2021-09-13 08:00:00-04:00",8.11,8.33,8.11,8.33,8.33,0
"AXL","American Axle & Manufacturing Holdings, Inc. Common Stock","2021-09-13 09:30:00-04:00",8.279999732971191,8.3149995803833,8.154999732971191,8.260000228881836,8.260000228881836,297659
"AXL","American Axle & Manufacturing Holdings, Inc. Common Stock","2021-09-13 10:30:00-04:00",8.270000457763672,8.354999542236328,8.234999656677246,8.274999618530273,8.274999618530273,172203
"AXL","American Axle & Manufacturing Holdings, Inc. Common Stock","2021-09-13 11:30:00-04:00",8.274999618530273,8.368300437927246,8.265000343322754,8.354999542236328,8.354999542236328,94462
"AXL","American Axle & Manufacturing Holdings, Inc. Common Stock","2021-09-13 12:30:00-04:00",8.354999542236328,8.390000343322754,8.34000015258789,8.350000381469727,8.350000381469727,66121
"AXL","American Axle & Manufacturing Holdings, Inc. Common Stock","2021-09-13 13:30:00-04:00",8.345000267028809,8.385000228881836,8.319999694824219,8.364999771118164,8.364999771118164,67677
"AXL","American Axle & Manufacturing Holdings, Inc. Common Stock","2021-09-13 14:30:00-04:00",8.364999771118164,8.430000305175781,8.354999542236328,8.414999961853027,8.414999961853027,82415
"AXL","American Axle & Manufacturing Holdings, Inc. Common Stock","2021-09-13 15:30:00-04:00",8.420000076293945,8.444999694824219,8.404999732971191,8.420000076293945,8.420000076293945,140990
"AXL","American Axle & Manufacturing Holdings, Inc. Common Stock","2021-09-13 16:00:00-04:00",8.42,8.42,8.4,8.42,8.42,0
"AXL","American Axle & Manufacturing Holdings, Inc. Common Stock","2021-09-13 17:00:00-04:00",8.41,8.42,8.41,8.42,8.42,0
"AXL","American Axle & Manufacturing Holdings, Inc. Common Stock","2021-09-13 18:00:00-04:00",8.42,8.42,8.42,8.42,8.42,0
"AXL","American Axle & Manufacturing Holdings, Inc. Common Stock","2021-09-14 08:00:00-04:00",8.45,8.45,8.45,8.45,8.45,0
"AXL","American Axle & Manufacturing Holdings, Inc. Common Stock","2021-09-14 09:00:00-04:00",8.4301,8.45,8.4301,8.45,8.45,0
"AXL","American Axle & Manufacturing Holdings, Inc. Common Stock","2021-09-14 09:30:00-04:00",8.520000457763672,8.520000457763672,8.225000381469727,8.225000381469727,8.225000381469727,150776
"AXL","American Axle & Manufacturing Holdings, Inc. Common Stock","2021-09-14 10:30:00-04:00",8.229000091552734,8.234999656677246,8.15999984741211,8.234999656677246,8.234999656677246,140724
"AXL","American Axle & Manufacturing Holdings, Inc. Common Stock","2021-09-14 11:30:00-04:00",8.239100456237793,8.274999618530273,8.229999542236328,8.244999885559082,8.244999885559082,47986
"AXL","American Axle & Manufacturing Holdings, Inc. Common Stock","2021-09-14 12:30:00-04:00",8.244999885559082,8.260000228881836,8.180000305175781,8.260000228881836,8.260000228881836,46809
"AXL","American Axle & Manufacturing Holdings, Inc. Common Stock","2021-09-14 13:30:00-04:00",8.260000228881836,8.270000457763672,8.204999923706055,8.210000038146973,8.210000038146973,53399
"AXL","American Axle & Manufacturing Holdings, Inc. Common Stock","2021-09-14 14:30:00-04:00",8.199999809265137,8.21500015258789,8.170000076293945,8.1850004196167,8.1850004196167,68821
"AXL","American Axle & Manufacturing Holdings, Inc. Common Stock","2021-09-14 15:30:00-04:00",8.180000305175781,8.260000228881836,8.164999961853027,8.25,8.25,169453
"AXL","American Axle & Manufacturing Holdings, Inc. Common Stock","2021-09-14 16:00:00-04:00",8.24,8.24,8.24,8.24,8.24,0
"AXL","American Axle & Manufacturing Holdings, Inc. Common Stock","2021-09-15 04:00:00-04:00",8.24,8.24,8.24,8.24,8.24,0
"AXL","American Axle & Manufacturing Holdings, Inc. Common Stock","2021-09-15 09:30:00-04:00",8.239999771118164,8.4399995803833,8.210000038146973,8.380000114440918,8.380000114440918,191458
"AXL","American Axle & Manufacturing Holdings, Inc. Common Stock","2021-09-15 10:30:00-04:00",8.375,8.430000305175781,8.28499984741211,8.414999961853027,8.414999961853027,95878
"AXL","American Axle & Manufacturing Holdings, Inc. Common Stock","2021-09-15 11:30:00-04:00",8.40999984741211,8.460000038146973,8.385000228881836,8.425000190734863,8.425000190734863,117020
"AXL","American Axle & Manufacturing Holdings, Inc. Common Stock","2021-09-15 12:30:00-04:00",8.425600051879883,8.484999656677246,8.425000190734863,8.475000381469727,8.475000381469727,68317
"AXL","American Axle & Manufacturing Holdings, Inc. Common Stock","2021-09-15 13:30:00-04:00",8.479999542236328,8.520000457763672,8.420000076293945,8.44909954071045,8.44909954071045,85300
"AXL","American Axle & Manufacturing Holdings, Inc. Common Stock","2021-09-15 14:30:00-04:00",8.449999809265137,8.510000228881836,8.449999809265137,8.460000038146973,8.460000038146973,89501
"AXL","American Axle & Manufacturing Holdings, Inc. Common Stock","2021-09-15 15:30:00-04:00",8.454999923706055,8.489999771118164,8.420000076293945,8.460000038146973,8.460000038146973,157812
"AXL","American Axle & Manufacturing Holdings, Inc. Common Stock","2021-09-15 16:00:00-04:00",8.45,8.5,8.45,8.5,8.5,0
"AXL","American Axle & Manufacturing Holdings, Inc. Common Stock","2021-09-15 17:00:00-04:00",8.49,8.49,8.49,8.49,8.49,0
"AXL","American Axle & Manufacturing Holdings, Inc. Common Stock","2021-09-16 09:30:00-04:00",8.3100004196167,8.40999984741211,8.09000015258789,8.109999656677246,8.109999656677246,533546
"AXL","American Axle & Manufacturing Holdings, Inc. Common Stock","2021-09-16 10:30:00-04:00",8.109999656677246,8.199999809265137,8.073599815368652,8.194999694824219,8.194999694824219,284505
"AXL","American Axle & Manufacturing Holdings, Inc. Common Stock","2021-09-16 11:30:00-04:00",8.199999809265137,8.28499984741211,8.199999809265137,8.279999732971191,8.279999732971191,260082
"AXL","American Axle & Manufacturing Holdings, Inc. Common Stock","2021-09-16 12:30:00-04:00",8.279999732971191,8.300000190734863,8.25,8.274999618530273,8.274999618530273,64858
"AXL","American Axle & Manufacturing Holdings, Inc. Common Stock","2021-09-16 13:30:00-04:00",8.270000457763672,8.380000114440918,8.264100074768066,8.364999771118164,8.364999771118164,162442
"AXL","American Axle & Manufacturing Holdings, Inc. Common Stock","2021-09-16 14:30:00-04:00",8.364999771118164,8.430000305175781,8.364999771118164,8.430000305175781,8.430000305175781,204442
"AXL","American Axle & Manufacturing Holdings, Inc. Common Stock","2021-09-16 15:30:00-04:00",8.4399995803833,8.489999771118164,8.350000381469727,8.369999885559082,8.369999885559082,419366
"AXL","American Axle & Manufacturing Holdings, Inc. Common Stock","2021-09-16 16:00:00-04:00",8.36,8.4,8.36,8.4,8.4,0
"AXL","American Axle & Manufacturing Holdings, Inc. Common Stock","2021-09-16 17:00:00-04:00",8.36,8.36,8.36,8.36,8.36,0
"AXL","American Axle & Manufacturing Holdings, Inc. Common Stock","2021-09-17 04:00:00-04:00",8.36,8.36,8.36,8.36,8.36,0
"AXL","American Axle & Manufacturing Holdings, Inc. Common Stock","2021-09-17 08:00:00-04:00",8.47,8.47,8.36,8.36,8.36,0
"AXL","American Axle & Manufacturing Holdings, Inc. Common Stock","2021-09-17 09:30:00-04:00",8.369999885559082,8.520000457763672,8.350000381469727,8.46500015258789,8.46500015258789,361997
"AXL","American Axle & Manufacturing Holdings, Inc. Common Stock","2021-09-17 10:30:00-04:00",8.470000267028809,8.539999961853027,8.420000076293945,8.505000114440918,8.505000114440918,179118
"AXL","American Axle & Manufacturing Holdings, Inc. Common Stock","2021-09-17 11:30:00-04:00",8.510000228881836,8.529999732971191,8.449999809265137,8.449999809265137,8.449999809265137,98822
"AXL","American Axle & Manufacturing Holdings, Inc. Common Stock","2021-09-17 12:30:00-04:00",8.454999923706055,8.5,8.4399995803833,8.444999694824219,8.444999694824219,59421
"AXL","American Axle & Manufacturing Holdings, Inc. Common Stock","2021-09-17 13:30:00-04:00",8.4399995803833,8.460000038146973,8.359999656677246,8.359999656677246,8.359999656677246,111427
"AXL","American Axle & Manufacturing Holdings, Inc. Common Stock","2021-09-17 14:30:00-04:00",8.359999656677246,8.489999771118164,8.34000015258789,8.4399995803833,8.4399995803833,159784
"AXL","American Axle & Manufacturing Holdings, Inc. Common Stock","2021-09-17 15:30:00-04:00",8.430000305175781,8.649999618530273,8.430000305175781,8.649999618530273,8.649999618530273,863056
"AXL","American Axle & Manufacturing Holdings, Inc. Common Stock","2021-09-17 16:00:00-04:00",8.64,8.6415,8.639,8.64,8.64,0
"AXL","American Axle & Manufacturing Holdings, Inc. Common Stock","2021-09-17 18:00:00-04:00",8.56,8.56,8.56,8.56,8.56,0
"AXL","American Axle & Manufacturing Holdings, Inc. Common Stock","2021-09-20 04:00:00-04:00",8.56,8.56,8.56,8.56,8.56,0
"AXL","American Axle & Manufacturing Holdings, Inc. Common Stock","2021-09-20 06:00:00-04:00",8.56,8.56,8.56,8.56,8.56,0
"AXL","American Axle & Manufacturing Holdings, Inc. Common Stock","2021-09-20 08:00:00-04:00",8.46,8.64,8.275,8.275,8.275,0
"AXL","American Axle & Manufacturing Holdings, Inc. Common Stock","2021-09-20 09:30:00-04:00",8.210000038146973,8.270000457763672,7.940000057220459,7.949999809265137,7.949999809265137,586654
"AXL","American Axle & Manufacturing Holdings, Inc. Common Stock","2021-09-20 10:30:00-04:00",7.960000038146973,8.229999542236328,7.929999828338623,8.135000228881836,8.135000228881836,257601
"AXL","American Axle & Manufacturing Holdings, Inc. Common Stock","2021-09-20 11:30:00-04:00",8.135000228881836,8.135000228881836,8.010000228881836,8.020000457763672,8.020000457763672,109527
"AXL","American Axle & Manufacturing Holdings, Inc. Common Stock","2021-09-20 12:30:00-04:00",8.010000228881836,8.024999618530273,7.925000190734863,8.020000457763672,8.020000457763672,226906
"AXL","American Axle & Manufacturing Holdings, Inc. Common Stock","2021-09-20 13:30:00-04:00",8.020000457763672,8.135000228881836,8.0,8.010000228881836,8.010000228881836,209420
"AXL","American Axle & Manufacturing Holdings, Inc. Common Stock","2021-09-20 14:30:00-04:00",8.020000457763672,8.090999603271484,8.0,8.079999923706055,8.079999923706055,192497
"AXL","American Axle & Manufacturing Holdings, Inc. Common Stock","2021-09-20 15:30:00-04:00",8.080100059509277,8.170000076293945,8.074999809265137,8.140000343322754,8.140000343322754,386559
"AXL","American Axle & Manufacturing Holdings, Inc. Common Stock","2021-09-20 16:00:00-04:00",8.15,8.15,8.02,8.15,8.15,0
"AXL","American Axle & Manufacturing Holdings, Inc. Common Stock","2021-09-20 18:00:00-04:00",8.15,8.15,8.15,8.15,8.15,0
"AXL","American Axle & Manufacturing Holdings, Inc. Common Stock","2021-09-21 08:00:00-04:00",8.15,8.15,8.15,8.15,8.15,0
"AXL","American Axle & Manufacturing Holdings, Inc. Common Stock","2021-09-21 09:30:00-04:00",8.1899995803833,8.289999961853027,8.039899826049805,8.069999694824219,8.069999694824219,409698
"AXL","American Axle & Manufacturing Holdings, Inc. Common Stock","2021-09-21 10:30:00-04:00",8.069999694824219,8.079999923706055,7.900000095367432,7.96999979019165,7.96999979019165,265766
"AXL","American Axle & Manufacturing Holdings, Inc. Common Stock","2021-09-21 11:30:00-04:00",7.980000019073486,8.039999961853027,7.965000152587891,8.020000457763672,8.020000457763672,185054
"AXL","American Axle & Manufacturing Holdings, Inc. Common Stock","2021-09-21 12:30:00-04:00",8.029999732971191,8.039999961853027,7.974999904632568,8.0,8.0,76554
"AXL","American Axle & Manufacturing Holdings, Inc. Common Stock","2021-09-21 13:30:00-04:00",7.989999771118164,8.029999732971191,7.96999979019165,7.980000019073486,7.980000019073486,100002
"AXL","American Axle & Manufacturing Holdings, Inc. Common Stock","2021-09-21 14:30:00-04:00",7.980000019073486,8.03499984741211,7.960000038146973,8.020000457763672,8.020000457763672,123057
"AXL","American Axle & Manufacturing Holdings, Inc. Common Stock","2021-09-21 15:30:00-04:00",8.024999618530273,8.03499984741211,7.934999942779541,7.949999809265137,7.949999809265137,195586
"AXL","American Axle & Manufacturing Holdings, Inc. Common Stock","2021-09-21 16:00:00-04:00",7.96,8.085,7.96,7.96,7.96,0
"AXL","American Axle & Manufacturing Holdings, Inc. Common Stock","2021-09-21 17:00:00-04:00",7.995,7.995,7.995,7.995,7.995,0
"AXL","American Axle & Manufacturing Holdings, Inc. Common Stock","2021-09-21 19:00:00-04:00",7.96,7.96,7.96,7.96,7.96,0
"AXL","American Axle & Manufacturing Holdings, Inc. Common Stock","2021-09-22 08:00:00-04:00",8.105,8.105,8.01,8.01,8.01,0
"AXL","American Axle & Manufacturing Holdings, Inc. Common Stock","2021-09-22 09:00:00-04:00",7.91,7.91,7.91,7.91,7.91,0
"AXL","American Axle & Manufacturing Holdings, Inc. Common Stock","2021-09-22 09:30:00-04:00",8.140000343322754,8.430000305175781,8.0,8.300000190734863,8.300000190734863,570795
"AXL","American Axle & Manufacturing Holdings, Inc. Common Stock","2021-09-22 10:30:00-04:00",8.300000190734863,8.380000114440918,8.28499984741211,8.329999923706055,8.329999923706055,225187
"AXL","American Axle & Manufacturing Holdings, Inc. Common Stock","2021-09-22 11:30:00-04:00",8.329999923706055,8.460000038146973,8.324999809265137,8.460000038146973,8.460000038146973,183326
"AXL","American Axle & Manufacturing Holdings, Inc. Common Stock","2021-09-22 12:30:00-04:00",8.460000038146973,8.489999771118164,8.4350004196167,8.489999771118164,8.489999771118164,67440
"AXL","American Axle & Manufacturing Holdings, Inc. Common Stock","2021-09-22 13:30:00-04:00",8.484999656677246,8.59000015258789,8.454999923706055,8.550000190734863,8.550000190734863,183370
"AXL","American Axle & Manufacturing Holdings, Inc. Common Stock","2021-09-22 14:30:00-04:00",8.5600004196167,8.569999694824219,8.430899620056152,8.494999885559082,8.494999885559082,229603
"AXL","American Axle & Manufacturing Holdings, Inc. Common Stock","2021-09-22 15:30:00-04:00",8.5,8.510000228881836,8.40999984741211,8.40999984741211,8.40999984741211,229249
"AXL","American Axle & Manufacturing Holdings, Inc. Common Stock","2021-09-22 16:00:00-04:00",8.42,8.42,8.42,8.42,8.42,0
"AXL","American Axle & Manufacturing Holdings, Inc. Common Stock","2021-09-22 17:00:00-04:00",8.63,8.63,8.63,8.63,8.63,0
"AXL","American Axle & Manufacturing Holdings, Inc. Common Stock","2021-09-23 07:00:00-04:00",8.42,8.42,8.42,8.42,8.42,0
"AXL","American Axle & Manufacturing Holdings, Inc. Common Stock","2021-09-23 09:00:00-04:00",8.45,8.45,8.31,8.31,8.31,0
"AXL","American Axle & Manufacturing Holdings, Inc. Common Stock","2021-09-23 09:30:00-04:00",8.579999923706055,8.70359992980957,8.50100040435791,8.595000267028809,8.595000267028809,239703
"AXL","American Axle & Manufacturing Holdings, Inc. Common Stock","2021-09-23 10:30:00-04:00",8.600000381469727,8.664999961853027,8.585000038146973,8.65999984741211,8.65999984741211,178061
"AXL","American Axle & Manufacturing Holdings, Inc. Common Stock","2021-09-23 11:30:00-04:00",8.649999618530273,8.734999656677246,8.630000114440918,8.71500015258789,8.71500015258789,202540
"AXL","American Axle & Manufacturing Holdings, Inc. Common Stock","2021-09-23 12:30:00-04:00",8.71500015258789,8.8100004196167,8.675000190734863,8.8100004196167,8.8100004196167,120375
"AXL","American Axle & Manufacturing Holdings, Inc. Common Stock","2021-09-23 13:30:00-04:00",8.8100004196167,8.850000381469727,8.765000343322754,8.800000190734863,8.800000190734863,158257
"AXL","American Axle & Manufacturing Holdings, Inc. Common Stock","2021-09-23 14:30:00-04:00",8.800000190734863,8.84000015258789,8.734999656677246,8.75,8.75,117825
"AXL","American Axle & Manufacturing Holdings, Inc. Common Stock","2021-09-23 15:30:00-04:00",8.75,8.75,8.710000038146973,8.729999542236328,8.729999542236328,146144
"AXL","American Axle & Manufacturing Holdings, Inc. Common Stock","2021-09-23 16:00:00-04:00",8.73,8.73,8.73,8.73,8.73,0
"AXL","American Axle & Manufacturing Holdings, Inc. Common Stock","2021-09-24 07:00:00-04:00",8.51,8.51,8.43,8.5,8.5,0
"AXL","American Axle & Manufacturing Holdings, Inc. Common Stock","2021-09-24 08:00:00-04:00",8.49,8.49,8.49,8.49,8.49,0
"AXL","American Axle & Manufacturing Holdings, Inc. Common Stock","2021-09-24 09:30:00-04:00",8.619999885559082,8.75,8.571499824523926,8.6899995803833,8.6899995803833,145318
"AXL","American Axle & Manufacturing Holdings, Inc. Common Stock","2021-09-24 10:30:00-04:00",8.6899995803833,8.774999618530273,8.680000305175781,8.720000267028809,8.720000267028809,76307
"AXL","American Axle & Manufacturing Holdings, Inc. Common Stock","2021-09-24 11:30:00-04:00",8.720000267028809,8.75,8.710000038146973,8.71500015258789,8.71500015258789,24809
"AXL","American Axle & Manufacturing Holdings, Inc. Common Stock","2021-09-24 12:30:00-04:00",8.720000267028809,8.755000114440918,8.6899995803833,8.710000038146973,8.710000038146973,41110
"AXL","American Axle & Manufacturing Holdings, Inc. Common Stock","2021-09-24 13:30:00-04:00",8.704999923706055,8.729999542236328,8.670000076293945,8.729999542236328,8.729999542236328,33153
"AXL","American Axle & Manufacturing Holdings, Inc. Common Stock","2021-09-24 14:30:00-04:00",8.729999542236328,8.739999771118164,8.699999809265137,8.729999542236328,8.729999542236328,49862
"AXL","American Axle & Manufacturing Holdings, Inc. Common Stock","2021-09-24 15:30:00-04:00",8.729999542236328,8.779999732971191,8.6899995803833,8.6899995803833,8.6899995803833,183292
"AXL","American Axle & Manufacturing Holdings, Inc. Common Stock","2021-09-24 16:00:00-04:00",8.69,8.69,8.69,8.69,8.69,0
"AXL","American Axle & Manufacturing Holdings, Inc. Common Stock","2021-09-27 09:30:00-04:00",8.680000305175781,9.0600004196167,8.670000076293945,8.979999542236328,8.979999542236328,308875
"AXL","American Axle & Manufacturing Holdings, Inc. Common Stock","2021-09-27 10:30:00-04:00",8.979999542236328,9.045000076293944,8.954999923706055,9.031800270080566,9.031800270080566,149284
"AXL","American Axle & Manufacturing Holdings, Inc. Common Stock","2021-09-27 11:30:00-04:00",9.029999732971191,9.114999771118164,9.029999732971191,9.09000015258789,9.09000015258789,156927
"AXL","American Axle & Manufacturing Holdings, Inc. Common Stock","2021-09-27 12:30:00-04:00",9.085000038146973,9.130000114440918,9.0600004196167,9.114999771118164,9.114999771118164,81350
"AXL","American Axle & Manufacturing Holdings, Inc. Common Stock","2021-09-27 13:30:00-04:00",9.114999771118164,9.21500015258789,9.100000381469728,9.199999809265137,9.199999809265137,186400
"AXL","American Axle & Manufacturing Holdings, Inc. Common Stock","2021-09-27 14:30:00-04:00",9.19499969482422,9.199999809265137,9.149999618530272,9.15999984741211,9.15999984741211,108610
"AXL","American Axle & Manufacturing Holdings, Inc. Common Stock","2021-09-27 15:30:00-04:00",9.149999618530272,9.18000030517578,9.079999923706056,9.079999923706056,9.079999923706056,194300
"AXL","American Axle & Manufacturing Holdings, Inc. Common Stock","2021-09-27 16:00:00-04:00",9.08,9.08,9.08,9.08,9.08,0
"AXL","American Axle & Manufacturing Holdings, Inc. Common Stock","2021-09-28 08:00:00-04:00",9.0,9.0,9.0,9.0,9.0,0
"AXL","American Axle & Manufacturing Holdings, Inc. Common Stock","2021-09-28 09:00:00-04:00",9.02,9.02,9.02,9.02,9.02,0
"AXL","American Axle & Manufacturing Holdings, Inc. Common Stock","2021-09-28 09:30:00-04:00",9.1899995803833,9.31999969482422,8.984999656677246,9.029999732971191,9.029999732971191,161856
"AXL","American Axle & Manufacturing Holdings, Inc. Common Stock","2021-09-28 10:30:00-04:00",9.039999961853027,9.15999984741211,9.039999961853027,9.109999656677246,9.109999656677246,124863
"AXL","American Axle & Manufacturing Holdings, Inc. Common Stock","2021-09-28 11:30:00-04:00",9.109999656677246,9.154999732971191,9.020000457763672,9.135000228881836,9.135000228881836,101150
"AXL","American Axle & Manufacturing Holdings, Inc. Common Stock","2021-09-28 12:30:00-04:00",9.135000228881836,9.19789981842041,9.104999542236328,9.175000190734863,9.175000190734863,81138
"AXL","American Axle & Manufacturing Holdings, Inc. Common Stock","2021-09-28 13:30:00-04:00",9.18000030517578,9.18000030517578,9.079999923706056,9.100000381469728,9.100000381469728,103254
"AXL","American Axle & Manufacturing Holdings, Inc. Common Stock","2021-09-28 14:30:00-04:00",9.100000381469728,9.19499969482422,9.09000015258789,9.149999618530272,9.149999618530272,181383
"AXL","American Axle & Manufacturing Holdings, Inc. Common Stock","2021-09-28 15:30:00-04:00",9.145000457763672,9.15999984741211,9.109999656677246,9.140000343322754,9.140000343322754,230969
"AXL","American Axle & Manufacturing Holdings, Inc. Common Stock","2021-09-28 16:00:00-04:00",9.14,9.14,9.1,9.1,9.1,0
"AXL","American Axle & Manufacturing Holdings, Inc. Common Stock","2021-09-28 17:00:00-04:00",9.14,9.14,9.14,9.14,9.14,0
"AXL","American Axle & Manufacturing Holdings, Inc. Common Stock","2021-09-28 19:00:00-04:00",8.91,8.91,8.91,8.91,8.91,0
"AXL","American Axle & Manufacturing Holdings, Inc. Common Stock","2021-09-29 07:00:00-04:00",9.2,9.2,9.19,9.19,9.19,0
"AXL","American Axle & Manufacturing Holdings, Inc. Common Stock","2021-09-29 08:00:00-04:00",9.19,9.19,9.19,9.19,9.19,0
"AXL","American Axle & Manufacturing Holdings, Inc. Common Stock","2021-09-29 09:30:00-04:00",9.140000343322754,9.1899995803833,8.979999542236328,9.029999732971191,9.029999732971191,127638
"AXL","American Axle & Manufacturing Holdings, Inc. Common Stock","2021-09-29 10:30:00-04:00",9.010000228881836,9.050000190734863,8.984999656677246,9.039999961853027,9.039999961853027,96758
"AXL","American Axle & Manufacturing Holdings, Inc. Common Stock","2021-09-29 11:30:00-04:00",9.039999961853027,9.0600004196167,8.979999542236328,8.989999771118164,8.989999771118164,63192
"AXL","American Axle & Manufacturing Holdings, Inc. Common Stock","2021-09-29 12:30:00-04:00",8.989999771118164,9.039999961853027,8.96500015258789,8.989999771118164,8.989999771118164,56067
"AXL","American Axle & Manufacturing Holdings, Inc. Common Stock","2021-09-29 13:30:00-04:00",8.989999771118164,9.079999923706056,8.96500015258789,9.079999923706056,9.079999923706056,50907
"AXL","American Axle & Manufacturing Holdings, Inc. Common Stock","2021-09-29 14:30:00-04:00",9.079999923706056,9.119999885559082,9.045000076293944,9.074999809265137,9.074999809265137,77059
"AXL","American Axle & Manufacturing Holdings, Inc. Common Stock","2021-09-29 15:30:00-04:00",9.06999969482422,9.130000114440918,9.06999969482422,9.119999885559082,9.119999885559082,195690
"AXL","American Axle & Manufacturing Holdings, Inc. Common Stock","2021-09-29 16:00:00-04:00",9.12,9.28,9.04,9.26,9.26,0
"AXL","American Axle & Manufacturing Holdings, Inc. Common Stock","2021-10-01 07:00:00-04:00",8.81,8.92,8.81,8.92,8.92,0
"AXL","American Axle & Manufacturing Holdings, Inc. Common Stock","2021-10-01 09:30:00-04:00",8.899999618530273,8.944999694824219,8.770000457763672,8.8100004196167,8.8100004196167,148318
"AXL","American Axle & Manufacturing Holdings, Inc. Common Stock","2021-10-01 10:30:00-04:00",8.800000190734863,8.84000015258789,8.6899995803833,8.770000457763672,8.770000457763672,123820
"AXL","American Axle & Manufacturing Holdings, Inc. Common Stock","2021-10-01 11:30:00-04:00",8.779999732971191,8.789999961853027,8.704999923706055,8.770000457763672,8.770000457763672,115512
"AXL","American Axle & Manufacturing Holdings, Inc. Common Stock","2021-10-01 12:30:00-04:00",8.760000228881836,8.899999618530273,8.744999885559082,8.885000228881836,8.885000228881836,102464
"AXL","American Axle & Manufacturing Holdings, Inc. Common Stock","2021-10-01 13:30:00-04:00",8.885000228881836,8.970000267028809,8.880000114440918,8.970000267028809,8.970000267028809,87928
"AXL","American Axle & Manufacturing Holdings, Inc. Common Stock","2021-10-01 14:30:00-04:00",8.96500015258789,9.0,8.949999809265137,8.970000267028809,8.970000267028809,94662
"AXL","American Axle & Manufacturing Holdings, Inc. Common Stock","2021-10-01 15:30:00-04:00",8.971500396728516,8.971500396728516,8.90999984741211,8.920000076293945,8.920000076293945,146146
"AXL","American Axle & Manufacturing Holdings, Inc. Common Stock","2021-10-01 16:00:00-04:00",8.92,8.92,8.92,8.92,8.92,0
"AXL","American Axle & Manufacturing Holdings, Inc. Common Stock","2021-10-04 08:00:00-04:00",8.92,9.25,8.92,9.06,9.06,0
"AXL","American Axle & Manufacturing Holdings, Inc. Common Stock","2021-10-04 09:30:00-04:00",9.039999961853027,9.28499984741211,9.0,9.1899995803833,9.1899995803833,680878
"AXL","American Axle & Manufacturing Holdings, Inc. Common Stock","2021-10-04 10:30:00-04:00",9.239999771118164,9.270000457763672,9.109999656677246,9.140000343322754,9.140000343322754,508105
"AXL","American Axle & Manufacturing Holdings, Inc. Common Stock","2021-10-04 11:30:00-04:00",9.1899995803833,9.204999923706056,9.109999656677246,9.1899995803833,9.1899995803833,200536
"AXL","American Axle & Manufacturing Holdings, Inc. Common Stock","2021-10-04 12:30:00-04:00",9.19499969482422,9.204999923706056,9.114999771118164,9.154999732971191,9.154999732971191,143389
"AXL","American Axle & Manufacturing Holdings, Inc. Common Stock","2021-10-04 13:30:00-04:00",9.175000190734863,9.175000190734863,9.06999969482422,9.085000038146973,9.085000038146973,228757
"AXL","American Axle & Manufacturing Holdings, Inc. Common Stock","2021-10-04 14:30:00-04:00",9.109999656677246,9.125,9.0600004196167,9.109999656677246,9.109999656677246,175017
"AXL","American Axle & Manufacturing Holdings, Inc. Common Stock","2021-10-04 15:30:00-04:00",9.104999542236328,9.140000343322754,9.0600004196167,9.100000381469728,9.100000381469728,540482
"AXL","American Axle & Manufacturing Holdings, Inc. Common Stock","2021-10-04 16:00:00-04:00",9.09,9.09,9.09,9.09,9.09,0
"AXL","American Axle & Manufacturing Holdings, Inc. Common Stock","2021-10-05 09:30:00-04:00",9.06999969482422,9.29699993133545,8.970000267028809,9.279999732971191,9.279999732971191,330792
"AXL","American Axle & Manufacturing Holdings, Inc. Common Stock","2021-10-05 10:30:00-04:00",9.18000030517578,9.350000381469728,9.18000030517578,9.279999732971191,9.279999732971191,396025
"AXL","American Axle & Manufacturing Holdings, Inc. Common Stock","2021-10-05 11:30:00-04:00",9.3100004196167,9.34000015258789,9.164999961853027,9.170000076293944,9.170000076293944,227381
"AXL","American Axle & Manufacturing Holdings, Inc. Common Stock","2021-10-05 12:30:00-04:00",9.244999885559082,9.279999732971191,9.15999984741211,9.279999732971191,9.279999732971191,197734
"AXL","American Axle & Manufacturing Holdings, Inc. Common Stock","2021-10-05 13:30:00-04:00",9.210000038146973,9.31999969482422,9.1899995803833,9.3100004196167,9.3100004196167,292753
"AXL","American Axle & Manufacturing Holdings, Inc. Common Stock","2021-10-05 14:30:00-04:00",9.289899826049805,9.399999618530272,9.279999732971191,9.385000228881836,9.385000228881836,305160
"AXL","American Axle & Manufacturing Holdings, Inc. Common Stock","2021-10-05 15:30:00-04:00",9.329999923706056,9.4399995803833,9.31999969482422,9.425000190734863,9.425000190734863,586153
"AXL","American Axle & Manufacturing Holdings, Inc. Common Stock","2021-10-05 16:00:00-04:00",9.42,9.42,9.42,9.42,9.42,0
"AXL","American Axle & Manufacturing Holdings, Inc. Common Stock","2021-10-06 08:00:00-04:00",9.03,9.03,9.03,9.03,9.03,0
"AXL","American Axle & Manufacturing Holdings, Inc. Common Stock","2021-10-06 09:00:00-04:00",9.04,9.04,9.04,9.04,9.04,0
"AXL","American Axle & Manufacturing Holdings, Inc. Common Stock","2021-10-06 09:30:00-04:00",9.039999961853027,9.420000076293944,9.019000053405762,9.039999961853027,9.039999961853027,335884
"AXL","American Axle & Manufacturing Holdings, Inc. Common Stock","2021-10-06 10:30:00-04:00",9.21500015258789,9.21500015258789,8.9399995803833,9.005000114440918,9.005000114440918,478642
"AXL","American Axle & Manufacturing Holdings, Inc. Common Stock","2021-10-06 11:30:00-04:00",9.024999618530272,9.114999771118164,8.960000038146973,9.015000343322754,9.015000343322754,267936
"AXL","American Axle & Manufacturing Holdings, Inc. Common Stock","2021-10-06 12:30:00-04:00",9.0600004196167,9.114999771118164,8.970000267028809,9.005000114440918,9.005000114440918,278792
"AXL","American Axle & Manufacturing Holdings, Inc. Common Stock","2021-10-06 13:30:00-04:00",9.05500030517578,9.074999809265137,8.970000267028809,9.039999961853027,9.039999961853027,390137
"AXL","American Axle & Manufacturing Holdings, Inc. Common Stock","2021-10-06 14:30:00-04:00",9.020000457763672,9.1899995803833,9.005000114440918,9.18000030517578,9.18000030517578,795031
"AXL","American Axle & Manufacturing Holdings, Inc. Common Stock","2021-10-06 15:30:00-04:00",9.170000076293944,9.1899995803833,9.09000015258789,9.149999618530272,9.149999618530272,569702
"AXL","American Axle & Manufacturing Holdings, Inc. Common Stock","2021-10-06 16:00:00-04:00",9.15,9.15,9.15,9.15,9.15,0
"AXL","American Axle & Manufacturing Holdings, Inc. Common Stock","2021-10-07 08:00:00-04:00",9.2,9.2,9.2,9.2,9.2,0
"AXL","American Axle & Manufacturing Holdings, Inc. Common Stock","2021-10-07 09:30:00-04:00",9.289999961853027,9.56999969482422,9.229999542236328,9.5649995803833,9.5649995803833,362397
"AXL","American Axle & Manufacturing Holdings, Inc. Common Stock","2021-10-07 10:30:00-04:00",9.414999961853027,9.59000015258789,9.40999984741211,9.59000015258789,9.59000015258789,507018
"AXL","American Axle & Manufacturing Holdings, Inc. Common Stock","2021-10-07 11:30:00-04:00",9.489999771118164,9.59000015258789,9.470000267028809,9.545000076293944,9.545000076293944,231385
"AXL","American Axle & Manufacturing Holdings, Inc. Common Stock","2021-10-07 12:30:00-04:00",9.545000076293944,9.5600004196167,9.489999771118164,9.515000343322754,9.515000343322754,178475
"AXL","American Axle & Manufacturing Holdings, Inc. Common Stock","2021-10-07 13:30:00-04:00",9.520000457763672,9.545000076293944,9.4350004196167,9.505000114440918,9.505000114440918,149515
"AXL","American Axle & Manufacturing Holdings, Inc. Common Stock","2021-10-07 14:30:00-04:00",9.470000267028809,9.56999969482422,9.4350004196167,9.55500030517578,9.55500030517578,190899
"AXL","American Axle & Manufacturing Holdings, Inc. Common Stock","2021-10-07 15:30:00-04:00",9.55500030517578,9.56999969482422,9.489999771118164,9.5,9.5,382021
"AXL","American Axle & Manufacturing Holdings, Inc. Common Stock","2021-10-07 16:00:00-04:00",9.51,9.51,9.5,9.51,9.51,0
"AXL","American Axle & Manufacturing Holdings, Inc. Common Stock","2021-10-08 07:00:00-04:00",9.49,9.49,9.49,9.49,9.49,0
"AXL","American Axle & Manufacturing Holdings, Inc. Common Stock","2021-10-08 08:00:00-04:00",9.46,9.46,9.43,9.45,9.45,0
"AXL","American Axle & Manufacturing Holdings, Inc. Common Stock","2021-10-08 09:30:00-04:00",9.56999969482422,9.850000381469728,9.539999961853027,9.795000076293944,9.795000076293944,265248
"AXL","American Axle & Manufacturing Holdings, Inc. Common Stock","2021-10-08 10:30:00-04:00",9.729999542236328,9.890000343322754,9.710000038146973,9.859999656677246,9.859999656677246,366074
"AXL","American Axle & Manufacturing Holdings, Inc. Common Stock","2021-10-08 11:30:00-04:00",9.864999771118164,9.880000114440918,9.82009983062744,9.850000381469728,9.850000381469728,378114
"AXL","American Axle & Manufacturing Holdings, Inc. Common Stock","2021-10-08 12:30:00-04:00",9.829999923706056,9.949999809265137,9.824999809265137,9.880000114440918,9.880000114440918,188735
"AXL","American Axle & Manufacturing Holdings, Inc. Common Stock","2021-10-08 13:30:00-04:00",9.925000190734863,9.949999809265137,9.850000381469728,9.90999984741211,9.90999984741211,227261
"AXL","American Axle & Manufacturing Holdings, Inc. Common Stock","2021-10-08 14:30:00-04:00",9.889599800109863,9.960000038146973,9.869999885559082,9.93000030517578,9.93000030517578,357106
"AXL","American Axle & Manufacturing Holdings, Inc. Common Stock","2021-10-08 15:30:00-04:00",9.93000030517578,9.949999809265137,9.880000114440918,9.899999618530272,9.899999618530272,409066
"AXL","American Axle & Manufacturing Holdings, Inc. Common Stock","2021-10-08 16:00:00-04:00",9.89,9.89,9.89,9.89,9.89,0
"AXL","American Axle & Manufacturing Holdings, Inc. Common Stock","2021-10-08 17:00:00-04:00",9.86,9.86,9.86,9.86,9.86,0
"AXL","American Axle & Manufacturing Holdings, Inc. Common Stock","2021-10-08 18:00:00-04:00",9.8,9.8,9.8,9.8,9.8,0
"AXL","American Axle & Manufacturing Holdings, Inc. Common Stock","2021-10-11 05:00:00-04:00",9.89,9.89,9.89,9.89,9.89,0
"AXL","American Axle & Manufacturing Holdings, Inc. Common Stock","2021-10-11 08:00:00-04:00",9.89,9.89,9.89,9.89,9.89,0
"AXL","American Axle & Manufacturing Holdings, Inc. Common Stock","2021-10-11 09:30:00-04:00",9.90999984741211,10.18000030517578,9.839200019836426,10.149999618530272,10.149999618530272,452279
"AXL","American Axle & Manufacturing Holdings, Inc. Common Stock","2021-10-11 10:30:00-04:00",10.079899787902832,10.18000030517578,10.0600004196167,10.164999961853027,10.164999961853027,290325
"AXL","American Axle & Manufacturing Holdings, Inc. Common Stock","2021-10-11 11:30:00-04:00",10.140000343322754,10.170000076293944,10.06999969482422,10.149999618530272,10.149999618530272,259112
"AXL","American Axle & Manufacturing Holdings, Inc. Common Stock","2021-10-11 12:30:00-04:00",10.154999732971191,10.164999961853027,10.06999969482422,10.104999542236328,10.104999542236328,243631
"AXL","American Axle & Manufacturing Holdings, Inc. Common Stock","2021-10-11 13:30:00-04:00",10.104999542236328,10.25,10.06999969482422,10.229999542236328,10.229999542236328,440840
"AXL","American Axle & Manufacturing Holdings, Inc. Common Stock","2021-10-11 14:30:00-04:00",10.164999961853027,10.25,10.149999618530272,10.15999984741211,10.15999984741211,452613
"AXL","American Axle & Manufacturing Holdings, Inc. Common Stock","2021-10-11 15:30:00-04:00",10.15999984741211,10.220000267028809,10.06999969482422,10.100000381469728,10.100000381469728,430216
"AXL","American Axle & Manufacturing Holdings, Inc. Common Stock","2021-10-11 16:00:00-04:00",10.11,10.11,10.11,10.11,10.11,0
"AXL","American Axle & Manufacturing Holdings, Inc. Common Stock","2021-10-12 08:00:00-04:00",10.1,10.46,10.1,10.46,10.46,0
"AXL","American Axle & Manufacturing Holdings, Inc. Common Stock","2021-10-12 09:30:00-04:00",10.1899995803833,10.515000343322754,10.1899995803833,10.420000076293944,10.420000076293944,595239
"AXL","American Axle & Manufacturing Holdings, Inc. Common Stock","2021-10-12 10:30:00-04:00",10.380000114440918,10.56999969482422,10.3100004196167,10.5,10.5,526004
"AXL","American Axle & Manufacturing Holdings, Inc. Common Stock","2021-10-12 11:30:00-04:00",10.5,10.56999969482422,10.420000076293944,10.5,10.5,518427
"AXL","American Axle & Manufacturing Holdings, Inc. Common Stock","2021-10-12 12:30:00-04:00",10.494999885559082,10.550000190734863,10.369999885559082,10.369999885559082,10.369999885559082,176007
"AXL","American Axle & Manufacturing Holdings, Inc. Common Stock","2021-10-12 13:30:00-04:00",10.43000030517578,10.4399995803833,10.31999969482422,10.399999618530272,10.399999618530272,146421
"AXL","American Axle & Manufacturing Holdings, Inc. Common Stock","2021-10-12 14:30:00-04:00",10.329999923706056,10.470000267028809,10.31999969482422,10.454999923706056,10.454999923706056,231403
"AXL","American Axle & Manufacturing Holdings, Inc. Common Stock","2021-10-12 15:30:00-04:00",10.454999923706056,10.489999771118164,10.425000190734863,10.449999809265137,10.449999809265137,401725
"AXL","American Axle & Manufacturing Holdings, Inc. Common Stock","2021-10-12 16:00:00-04:00",10.45,10.46,10.45,10.46,10.46,0
"AXL","American Axle & Manufacturing Holdings, Inc. Common Stock","2021-10-13 06:00:00-04:00",10.4,10.4,10.4,10.4,10.4,0
"AXL","American Axle & Manufacturing Holdings, Inc. Common Stock","2021-10-13 09:30:00-04:00",10.359999656677246,10.40030002593994,10.199999809265137,10.300000190734863,10.300000190734863,661213
"AXL","American Axle & Manufacturing Holdings, Inc. Common Stock","2021-10-13 10:30:00-04:00",10.324999809265137,10.454999923706056,10.199999809265137,10.43000030517578,10.43000030517578,576593
"AXL","American Axle & Manufacturing Holdings, Inc. Common Stock","2021-10-13 11:30:00-04:00",10.34000015258789,10.529999732971191,10.34000015258789,10.529999732971191,10.529999732971191,213587
"AXL","American Axle & Manufacturing Holdings, Inc. Common Stock","2021-10-13 12:30:00-04:00",10.475000381469728,10.53499984741211,10.44219970703125,10.51990032196045,10.51990032196045,327595
"AXL","American Axle & Manufacturing Holdings, Inc. Common Stock","2021-10-13 13:30:00-04:00",10.460000038146973,10.5649995803833,10.449999809265137,10.479999542236328,10.479999542236328,254613
"AXL","American Axle & Manufacturing Holdings, Inc. Common Stock","2021-10-13 14:30:00-04:00",10.520000457763672,10.55500030517578,10.420000076293944,10.43000030517578,10.43000030517578,352225
"AXL","American Axle & Manufacturing Holdings, Inc. Common Stock","2021-10-13 15:30:00-04:00",10.43000030517578,10.470000267028809,10.420000076293944,10.460000038146973,10.460000038146973,400440
"AXL","American Axle & Manufacturing Holdings, Inc. Common Stock","2021-10-13 16:00:00-04:00",10.47,10.47,10.46,10.46,10.46,0
"AXL","American Axle & Manufacturing Holdings, Inc. Common Stock","2021-10-13 19:00:00-04:00",10.47,10.47,10.47,10.47,10.47,0
"AXL","American Axle & Manufacturing Holdings, Inc. Common Stock","2021-10-14 06:00:00-04:00",10.5,10.5,10.5,10.5,10.5,0
"AXL","American Axle & Manufacturing Holdings, Inc. Common Stock","2021-10-14 07:00:00-04:00",10.58,10.74,10.58,10.6,10.6,0
"AXL","American Axle & Manufacturing Holdings, Inc. Common Stock","2021-10-14 08:00:00-04:00",10.6,10.6,10.01,10.6,10.6,0
"AXL","American Axle & Manufacturing Holdings, Inc. Common Stock","2021-10-14 09:30:00-04:00",10.520000457763672,10.600000381469728,10.469799995422363,10.545000076293944,10.545000076293944,184381
"AXL","American Axle & Manufacturing Holdings, Inc. Common Stock","2021-10-14 10:30:00-04:00",10.529999732971191,10.635000228881836,10.489999771118164,10.55500030517578,10.55500030517578,182022
"AXL","American Axle & Manufacturing Holdings, Inc. Common Stock","2021-10-14 11:30:00-04:00",10.630000114440918,10.649999618530272,10.539999961853027,10.635000228881836,10.635000228881836,178948
"AXL","American Axle & Manufacturing Holdings, Inc. Common Stock","2021-10-14 12:30:00-04:00",10.595000267028809,10.696000099182127,10.59000015258789,10.654999732971191,10.654999732971191,191466
"AXL","American Axle & Manufacturing Holdings, Inc. Common Stock","2021-10-14 13:30:00-04:00",10.6899995803833,10.725000381469728,10.640000343322754,10.675000190734863,10.675000190734863,197877
"AXL","American Axle & Manufacturing Holdings, Inc. Common Stock","2021-10-14 14:30:00-04:00",10.68000030517578,10.725000381469728,10.609999656677246,10.630000114440918,10.630000114440918,267280
"AXL","American Axle & Manufacturing Holdings, Inc. Common Stock","2021-10-14 15:30:00-04:00",10.635000228881836,10.699999809265137,10.600000381469728,10.649999618530272,10.649999618530272,651596
"AXL","American Axle & Manufacturing Holdings, Inc. Common Stock","2021-10-14 16:00:00-04:00",10.65,10.65,10.65,10.65,10.65,226884
"AXL","American Axle & Manufacturing Holdings, Inc. Common Stock","2021-10-15 07:00:00-04:00",10.66,10.66,10.6,10.6,10.6,0
"AXL","American Axle & Manufacturing Holdings, Inc. Common Stock","2021-10-15 08:00:00-04:00",10.65,10.65,10.55,10.55,10.55,0
"AXL","American Axle & Manufacturing Holdings, Inc. Common Stock","2021-10-15 09:30:00-04:00",10.859999656677246,10.90999984741211,10.734999656677246,10.755000114440918,10.755000114440918,325254
"AXL","American Axle & Manufacturing Holdings, Inc. Common Stock","2021-10-15 10:30:00-04:00",10.75,10.864999771118164,10.734999656677246,10.824999809265137,10.824999809265137,270704
"AXL","American Axle & Manufacturing Holdings, Inc. Common Stock","2021-10-15 11:30:00-04:00",10.779999732971191,10.850000381469728,10.720000267028809,10.744999885559082,10.744999885559082,174980
"AXL","American Axle & Manufacturing Holdings, Inc. Common Stock","2021-10-15 12:30:00-04:00",10.779999732971191,10.78730010986328,10.720000267028809,10.760000228881836,10.760000228881836,178321
"AXL","American Axle & Manufacturing Holdings, Inc. Common Stock","2021-10-15 13:30:00-04:00",10.774999618530272,10.859999656677246,10.744999885559082,10.854999542236328,10.854999542236328,187910
"AXL","American Axle & Manufacturing Holdings, Inc. Common Stock","2021-10-15 14:30:00-04:00",10.859999656677246,10.859999656677246,10.710000038146973,10.76099967956543,10.76099967956543,379816
"AXL","American Axle & Manufacturing Holdings, Inc. Common Stock","2021-10-15 15:30:00-04:00",10.765000343322754,10.768199920654297,10.609999656677246,10.609999656677246,10.609999656677246,556799
"AXL","American Axle & Manufacturing Holdings, Inc. Common Stock","2021-10-15 16:00:00-04:00",10.61,10.61,10.61,10.61,10.61,0
"AXL","American Axle & Manufacturing Holdings, Inc. Common Stock","2021-10-18 07:00:00-04:00",10.6,10.6,10.6,10.6,10.6,0
"AXL","American Axle & Manufacturing Holdings, Inc. Common Stock","2021-10-18 08:00:00-04:00",10.5999,10.61,10.5999,10.61,10.61,0
"AXL","American Axle & Manufacturing Holdings, Inc. Common Stock","2021-10-18 09:30:00-04:00",10.510000228881836,10.649999618530272,10.460000038146973,10.604999542236328,10.604999542236328,360918
"AXL","American Axle & Manufacturing Holdings, Inc. Common Stock","2021-10-18 10:30:00-04:00",10.59000015258789,10.649999618530272,10.5,10.574000358581545,10.574000358581545,218178
"AXL","American Axle & Manufacturing Holdings, Inc. Common Stock","2021-10-18 11:30:00-04:00",10.520000457763672,10.619999885559082,10.510000228881836,10.520000457763672,10.520000457763672,187977
"AXL","American Axle & Manufacturing Holdings, Inc. Common Stock","2021-10-18 12:30:00-04:00",10.602899551391602,10.609999656677246,10.449999809265137,10.5,10.5,172251
"AXL","American Axle & Manufacturing Holdings, Inc. Common Stock","2021-10-18 13:30:00-04:00",10.489999771118164,10.520099639892578,10.380000114440918,10.404999732971191,10.404999732971191,168469
"AXL","American Axle & Manufacturing Holdings, Inc. Common Stock","2021-10-18 14:30:00-04:00",10.470000267028809,10.470000267028809,10.369999885559082,10.414999961853027,10.414999961853027,238433
"AXL","American Axle & Manufacturing Holdings, Inc. Common Stock","2021-10-18 15:30:00-04:00",10.414999961853027,10.494999885559082,10.380000114440918,10.43000030517578,10.43000030517578,343672
"AXL","American Axle & Manufacturing Holdings, Inc. Common Stock","2021-10-18 16:00:00-04:00",10.43,10.43,10.43,10.43,10.43,0
"AXL","American Axle & Manufacturing Holdings, Inc. Common Stock","2021-10-19 09:30:00-04:00",10.4399995803833,10.520000457763672,10.369999885559082,10.4350004196167,10.4350004196167,263321
"AXL","American Axle & Manufacturing Holdings, Inc. Common Stock","2021-10-19 10:30:00-04:00",10.470000267028809,10.520000457763672,10.3149995803833,10.345000267028809,10.345000267028809,132133
"AXL","American Axle & Manufacturing Holdings, Inc. Common Stock","2021-10-19 11:30:00-04:00",10.350000381469728,10.405699729919434,10.329999923706056,10.354999542236328,10.354999542236328,82645
"AXL","American Axle & Manufacturing Holdings, Inc. Common Stock","2021-10-19 12:30:00-04:00",10.404999732971191,10.40999984741211,10.350000381469728,10.354999542236328,10.354999542236328,88415
"AXL","American Axle & Manufacturing Holdings, Inc. Common Stock","2021-10-19 13:30:00-04:00",10.40999984741211,10.40999984741211,10.234999656677246,10.234999656677246,10.234999656677246,229199
"AXL","American Axle & Manufacturing Holdings, Inc. Common Stock","2021-10-19 14:30:00-04:00",10.354999542236328,10.359999656677246,10.225000381469728,10.3100004196167,10.3100004196167,205015
"AXL","American Axle & Manufacturing Holdings, Inc. Common Stock","2021-10-19 15:30:00-04:00",10.3100004196167,10.359999656677246,10.260000228881836,10.289999961853027,10.289999961853027,317574
"AXL","American Axle & Manufacturing Holdings, Inc. Common Stock","2021-10-19 16:00:00-04:00",10.28,10.28,10.28,10.28,10.28,0
"AXL","American Axle & Manufacturing Holdings, Inc. Common Stock","2021-10-20 07:00:00-04:00",10.25,10.28,10.25,10.28,10.28,0
"AXL","American Axle & Manufacturing Holdings, Inc. Common Stock","2021-10-20 08:00:00-04:00",10.18,10.18,10.18,10.18,10.18,0
"AXL","American Axle & Manufacturing Holdings, Inc. Common Stock","2021-10-20 09:00:00-04:00",10.15,10.15,10.15,10.15,10.15,0
"AXL","American Axle & Manufacturing Holdings, Inc. Common Stock","2021-10-20 09:30:00-04:00",10.149999618530272,10.470000267028809,10.010000228881836,10.449999809265137,10.449999809265137,374452
"AXL","American Axle & Manufacturing Holdings, Inc. Common Stock","2021-10-20 10:30:00-04:00",10.369999885559082,10.539999961853027,10.329999923706056,10.494999885559082,10.494999885559082,167297
"AXL","American Axle & Manufacturing Holdings, Inc. Common Stock","2021-10-20 11:30:00-04:00",10.5,10.539999961853027,10.470000267028809,10.505000114440918,10.505000114440918,98712
"AXL","American Axle & Manufacturing Holdings, Inc. Common Stock","2021-10-20 12:30:00-04:00",10.494999885559082,10.56999969482422,10.4350004196167,10.473199844360352,10.473199844360352,123452
"AXL","American Axle & Manufacturing Holdings, Inc. Common Stock","2021-10-20 13:30:00-04:00",10.524999618530272,10.524999618530272,10.4350004196167,10.479999542236328,10.479999542236328,65347
"AXL","American Axle & Manufacturing Holdings, Inc. Common Stock","2021-10-20 14:30:00-04:00",10.505000114440918,10.515000343322754,10.34000015258789,10.369999885559082,10.369999885559082,232636
"AXL","American Axle & Manufacturing Holdings, Inc. Common Stock","2021-10-20 15:30:00-04:00",10.364999771118164,10.399999618530272,10.34000015258789,10.359999656677246,10.359999656677246,258158
"AXL","American Axle & Manufacturing Holdings, Inc. Common Stock","2021-10-20 16:00:00-04:00",10.36,10.37,10.36,10.37,10.37,0
"AXL","American Axle & Manufacturing Holdings, Inc. Common Stock","2021-10-20 17:00:00-04:00",10.3,10.3,10.3,10.3,10.3,0
"AXL","American Axle & Manufacturing Holdings, Inc. Common Stock","2021-10-21 08:00:00-04:00",10.49,10.49,10.49,10.49,10.49,0
"AXL","American Axle & Manufacturing Holdings, Inc. Common Stock","2021-10-21 09:30:00-04:00",10.4399995803833,10.65999984741211,10.4399995803833,10.539999961853027,10.539999961853027,233096
"AXL","American Axle & Manufacturing Holdings, Inc. Common Stock","2021-10-21 10:30:00-04:00",10.609999656677246,10.609999656677246,10.414999961853027,10.414999961853027,10.414999961853027,103901
"AXL","American Axle & Manufacturing Holdings, Inc. Common Stock","2021-10-21 11:30:00-04:00",10.5,10.510000228881836,10.40999984741211,10.46500015258789,10.46500015258789,103227
"AXL","American Axle & Manufacturing Holdings, Inc. Common Stock","2021-10-21 12:30:00-04:00",10.460000038146973,10.475000381469728,10.430800437927246,10.4399995803833,10.4399995803833,104139
"AXL","American Axle & Manufacturing Holdings, Inc. Common Stock","2021-10-21 13:30:00-04:00",10.4399995803833,10.449999809265137,10.380000114440918,10.425000190734863,10.425000190734863,140502
"AXL","American Axle & Manufacturing Holdings, Inc. Common Stock","2021-10-21 14:30:00-04:00",10.399999618530272,10.449999809265137,10.399999618530272,10.4350004196167,10.4350004196167,107007
"AXL","American Axle & Manufacturing Holdings, Inc. Common Stock","2021-10-21 15:30:00-04:00",10.4399995803833,10.449999809265137,10.40999984741211,10.4399995803833,10.4399995803833,195696
"AXL","American Axle & Manufacturing Holdings, Inc. Common Stock","2021-10-21 16:00:00-04:00",10.44,10.44,10.44,10.44,10.44,0
"AXL","American Axle & Manufacturing Holdings, Inc. Common Stock","2021-10-21 17:00:00-04:00",10.44,10.44,10.4,10.4,10.4,0
"AXL","American Axle & Manufacturing Holdings, Inc. Common Stock","2021-10-22 09:00:00-04:00",10.4,10.56,10.4,10.56,10.56,0
"AXL","American Axle & Manufacturing Holdings, Inc. Common Stock","2021-10-22 09:30:00-04:00",10.399999618530272,10.56999969482422,10.375,10.5600004196167,10.5600004196167,224659
"AXL","American Axle & Manufacturing Holdings, Inc. Common Stock","2021-10-22 10:30:00-04:00",10.510000228881836,10.56999969482422,10.270000457763672,10.279999732971191,10.279999732971191,195798
"AXL","American Axle & Manufacturing Holdings, Inc. Common Stock","2021-10-22 11:30:00-04:00",10.34000015258789,10.380000114440918,10.234999656677246,10.300000190734863,10.300000190734863,191211
"AXL","American Axle & Manufacturing Holdings, Inc. Common Stock","2021-10-22 12:30:00-04:00",10.270000457763672,10.350000381469728,10.25,10.30500030517578,10.30500030517578,124866
"AXL","American Axle & Manufacturing Holdings, Inc. Common Stock","2021-10-22 13:30:00-04:00",10.329999923706056,10.350000381469728,10.289999961853027,10.3149995803833,10.3149995803833,77240
"AXL","American Axle & Manufacturing Holdings, Inc. Common Stock","2021-10-22 14:30:00-04:00",10.289999961853027,10.359999656677246,10.289999961853027,10.300000190734863,10.300000190734863,141936
"AXL","American Axle & Manufacturing Holdings, Inc. Common Stock","2021-10-22 15:30:00-04:00",10.300000190734863,10.324999809265137,10.229999542236328,10.260000228881836,10.260000228881836,321564
"AXL","American Axle & Manufacturing Holdings, Inc. Common Stock","2021-10-22 16:00:00-04:00",10.26,10.26,10.25,10.25,10.25,0
"AXL","American Axle & Manufacturing Holdings, Inc. Common Stock","2021-10-25 09:30:00-04:00",10.31999969482422,10.399999618530272,10.25,10.279999732971191,10.279999732971191,43788
"AXL","American Axle & Manufacturing Holdings, Inc. Common Stock","2021-10-25 10:30:00-04:00",10.329999923706056,10.350000381469728,10.25,10.28499984741211,10.28499984741211,223130
"AXL","American Axle & Manufacturing Holdings, Inc. Common Stock","2021-10-25 11:30:00-04:00",10.279999732971191,10.31999969482422,10.19499969482422,10.19499969482422,10.19499969482422,147979
"AXL","American Axle & Manufacturing Holdings, Inc. Common Stock","2021-10-25 12:30:00-04:00",10.229999542236328,10.260000228881836,10.09000015258789,10.1850004196167,10.1850004196167,222746
"AXL","American Axle & Manufacturing Holdings, Inc. Common Stock","2021-10-25 13:30:00-04:00",10.09000015258789,10.21660041809082,10.09000015258789,10.20069980621338,10.20069980621338,112536
"AXL","American Axle & Manufacturing Holdings, Inc. Common Stock","2021-10-25 14:30:00-04:00",10.19499969482422,10.234999656677246,10.170000076293944,10.229999542236328,10.229999542236328,134499
"AXL","American Axle & Manufacturing Holdings, Inc. Common Stock","2021-10-25 15:30:00-04:00",10.1850004196167,10.300000190734863,10.1850004196167,10.239999771118164,10.239999771118164,427708
"AXL","American Axle & Manufacturing Holdings, Inc. Common Stock","2021-10-25 16:00:00-04:00",10.23,10.23,10.23,10.23,10.23,169732
"AXL","American Axle & Manufacturing Holdings, Inc. Common Stock","2021-10-26 07:00:00-04:00",10.23,10.23,10.23,10.23,10.23,0
"AXL","American Axle & Manufacturing Holdings, Inc. Common Stock","2021-10-26 09:30:00-04:00",10.229999542236328,10.229999542236328,10.010000228881836,10.09000015258789,10.09000015258789,308888
"AXL","American Axle & Manufacturing Holdings, Inc. Common Stock","2021-10-26 10:30:00-04:00",10.039999961853027,10.130000114440918,9.895000457763672,9.90999984741211,9.90999984741211,202896
"AXL","American Axle & Manufacturing Holdings, Inc. Common Stock","2021-10-26 11:30:00-04:00",10.05500030517578,10.05500030517578,9.675000190734863,9.67990016937256,9.67990016937256,454079
"AXL","American Axle & Manufacturing Holdings, Inc. Common Stock","2021-10-26 12:30:00-04:00",9.795000076293944,9.800000190734863,9.550000190734863,9.5600004196167,9.5600004196167,398670
"AXL","American Axle & Manufacturing Holdings, Inc. Common Stock","2021-10-26 13:30:00-04:00",9.59000015258789,9.609999656677246,9.420000076293944,9.425000190734863,9.425000190734863,375424
"AXL","American Axle & Manufacturing Holdings, Inc. Common Stock","2021-10-26 14:30:00-04:00",9.499899864196776,9.505000114440918,9.31999969482422,9.329999923706056,9.329999923706056,478373
"AXL","American Axle & Manufacturing Holdings, Inc. Common Stock","2021-10-26 15:30:00-04:00",9.335000038146973,9.40999984741211,9.25,9.279999732971191,9.279999732971191,822266
"AXL","American Axle & Manufacturing Holdings, Inc. Common Stock","2021-10-26 16:00:00-04:00",9.28,9.29,9.28,9.28,9.28,0
"AXL","American Axle & Manufacturing Holdings, Inc. Common Stock","2021-10-26 17:00:00-04:00",9.3,9.3,9.3,9.3,9.3,0
"AXL","American Axle & Manufacturing Holdings, Inc. Common Stock","2021-10-26 18:00:00-04:00",9.29,9.29,9.29,9.29,9.29,0
"AXL","American Axle & Manufacturing Holdings, Inc. Common Stock","2021-10-27 07:00:00-04:00",9.35,9.35,9.35,9.35,9.35,0
"AXL","American Axle & Manufacturing Holdings, Inc. Common Stock","2021-10-27 08:00:00-04:00",9.31,9.36,9.23,9.23,9.23,0
"AXL","American Axle & Manufacturing Holdings, Inc. Common Stock","2021-10-27 09:30:00-04:00",9.109999656677246,9.359999656677246,8.9350004196167,9.220000267028809,9.220000267028809,775658
"AXL","American Axle & Manufacturing Holdings, Inc. Common Stock","2021-10-27 10:30:00-04:00",9.1899995803833,9.359999656677246,9.173800468444824,9.260000228881836,9.260000228881836,558201
"AXL","American Axle & Manufacturing Holdings, Inc. Common Stock","2021-10-27 11:30:00-04:00",9.239999771118164,9.3149995803833,9.145000457763672,9.15999984741211,9.15999984741211,187353
"AXL","American Axle & Manufacturing Holdings, Inc. Common Stock","2021-10-27 12:30:00-04:00",9.204999923706056,9.239999771118164,9.125,9.220000267028809,9.220000267028809,175457
"AXL","American Axle & Manufacturing Holdings, Inc. Common Stock","2021-10-27 13:30:00-04:00",9.19499969482422,9.25,9.1899995803833,9.21500015258789,9.21500015258789,234588
"AXL","American Axle & Manufacturing Holdings, Inc. Common Stock","2021-10-27 14:30:00-04:00",9.239999771118164,9.244999885559082,9.050000190734863,9.104999542236328,9.104999542236328,333121
"AXL","American Axle & Manufacturing Holdings, Inc. Common Stock","2021-10-27 15:30:00-04:00",9.104999542236328,9.154999732971191,9.050000190734863,9.079999923706056,9.079999923706056,545924
"AXL","American Axle & Manufacturing Holdings, Inc. Common Stock","2021-10-27 16:00:00-04:00",9.08,9.11,9.08,9.11,9.11,0
"AXL","American Axle & Manufacturing Holdings, Inc. Common Stock","2021-10-27 17:00:00-04:00",9.2,9.22,9.2,9.22,9.22,0
"AXL","American Axle & Manufacturing Holdings, Inc. Common Stock","2021-10-27 18:00:00-04:00",9.22,9.22,9.22,9.22,9.22,0
"AXL","American Axle & Manufacturing Holdings, Inc. Common Stock","2021-10-28 09:30:00-04:00",9.220000267028809,9.260000228881836,9.050000190734863,9.19499969482422,9.19499969482422,275453
"AXL","American Axle & Manufacturing Holdings, Inc. Common Stock","2021-10-28 10:30:00-04:00",9.170000076293944,9.26949977874756,9.119999885559082,9.15999984741211,9.15999984741211,236145
"AXL","American Axle & Manufacturing Holdings, Inc. Common Stock","2021-10-28 11:30:00-04:00",9.18000030517578,9.26949977874756,9.15999984741211,9.199999809265137,9.199999809265137,165262
"AXL","American Axle & Manufacturing Holdings, Inc. Common Stock","2021-10-28 12:30:00-04:00",9.1899995803833,9.25,9.175000190734863,9.220000267028809,9.220000267028809,174296
"AXL","American Axle & Manufacturing Holdings, Inc. Common Stock","2021-10-28 13:30:00-04:00",9.239999771118164,9.359999656677246,9.21500015258789,9.3100004196167,9.3100004196167,244208
"AXL","American Axle & Manufacturing Holdings, Inc. Common Stock","2021-10-28 14:30:00-04:00",9.289999961853027,9.359999656677246,9.225000381469728,9.25,9.25,178758
"AXL","American Axle & Manufacturing Holdings, Inc. Common Stock","2021-10-28 15:30:00-04:00",9.289999961853027,9.324999809265137,9.199999809265137,9.270000457763672,9.270000457763672,472304
"AXL","American Axle & Manufacturing Holdings, Inc. Common Stock","2021-10-28 16:00:00-04:00",9.27,9.27,9.27,9.27,9.27,0
"AXL","American Axle & Manufacturing Holdings, Inc. Common Stock","2021-10-28 17:00:00-04:00",9.27,9.35,9.27,9.33,9.33,0
"AXL","American Axle & Manufacturing Holdings, Inc. Common Stock","2021-10-29 07:00:00-04:00",9.28,9.28,9.28,9.28,9.28,0
"AXL","American Axle & Manufacturing Holdings, Inc. Common Stock","2021-10-29 09:30:00-04:00",9.239999771118164,9.329999923706056,9.104999542236328,9.104999542236328,9.104999542236328,147373
"AXL","American Axle & Manufacturing Holdings, Inc. Common Stock","2021-10-29 10:30:00-04:00",9.1899995803833,9.234999656677246,9.104999542236328,9.18000030517578,9.18000030517578,700816
"AXL","American Axle & Manufacturing Holdings, Inc. Common Stock","2021-10-29 11:30:00-04:00",9.15999984741211,9.220000267028809,9.100000381469728,9.135000228881836,9.135000228881836,398904
"AXL","American Axle & Manufacturing Holdings, Inc. Common Stock","2021-10-29 12:30:00-04:00",9.125,9.145000457763672,9.029999732971191,9.03499984741211,9.03499984741211,158377
"AXL","American Axle & Manufacturing Holdings, Inc. Common Stock","2021-10-29 13:30:00-04:00",9.074999809265137,9.079999923706056,8.979999542236328,9.005000114440918,9.005000114440918,219702
"AXL","American Axle & Manufacturing Holdings, Inc. Common Stock","2021-10-29 14:30:00-04:00",9.0600004196167,9.0649995803833,8.979999542236328,9.010000228881836,9.010000228881836,308865
"AXL","American Axle & Manufacturing Holdings, Inc. Common Stock","2021-10-29 15:30:00-04:00",9.029999732971191,9.09000015258789,8.989999771118164,9.06999969482422,9.06999969482422,558675
"AXL","American Axle & Manufacturing Holdings, Inc. Common Stock","2021-10-29 16:00:00-04:00",9.07,9.08,9.07,9.08,9.08,0
"AXL","American Axle & Manufacturing Holdings, Inc. Common Stock","2021-10-29 17:00:00-04:00",9.08,9.15,9.08,9.15,9.15,0
"AXL","American Axle & Manufacturing Holdings, Inc. Common Stock","2021-11-01 07:00:00-04:00",9.07,9.07,9.0,9.0,9.0,0
"AXL","American Axle & Manufacturing Holdings, Inc. Common Stock","2021-11-01 09:30:00-04:00",9.229999542236328,9.425000190734863,9.11989974975586,9.404999732971191,9.404999732971191,357280
"AXL","American Axle & Manufacturing Holdings, Inc. Common Stock","2021-11-01 10:30:00-04:00",9.220000267028809,9.5,9.170000076293944,9.479999542236328,9.479999542236328,350846
"AXL","American Axle & Manufacturing Holdings, Inc. Common Stock","2021-11-01 11:30:00-04:00",9.4399995803833,9.550000190734863,9.43000030517578,9.494999885559082,9.494999885559082,276760
"AXL","American Axle & Manufacturing Holdings, Inc. Common Stock","2021-11-01 12:30:00-04:00",9.484999656677246,9.550000190734863,9.484999656677246,9.515000343322754,9.515000343322754,179977
"AXL","American Axle & Manufacturing Holdings, Inc. Common Stock","2021-11-01 13:30:00-04:00",9.53499984741211,9.55500030517578,9.274999618530272,9.300000190734863,9.300000190734863,367930
"AXL","American Axle & Manufacturing Holdings, Inc. Common Stock","2021-11-01 14:30:00-04:00",9.494999885559082,9.5,9.274999618530272,9.34000015258789,9.34000015258789,428542
"AXL","American Axle & Manufacturing Holdings, Inc. Common Stock","2021-11-01 15:30:00-04:00",9.350000381469728,9.425000190734863,9.3100004196167,9.359999656677246,9.359999656677246,666237
"AXL","American Axle & Manufacturing Holdings, Inc. Common Stock","2021-11-01 16:00:00-04:00",9.36,9.36,9.36,9.36,9.36,0
"AXL","American Axle & Manufacturing Holdings, Inc. Common Stock","2021-11-01 17:00:00-04:00",9.36,9.36,9.36,9.36,9.36,0
"AXL","American Axle & Manufacturing Holdings, Inc. Common Stock","2021-11-01 19:00:00-04:00",9.35,9.35,9.35,9.35,9.35,0
"AXL","American Axle & Manufacturing Holdings, Inc. Common Stock","2021-11-02 09:30:00-04:00",9.359999656677246,9.359999656677246,9.100000381469728,9.270000457763672,9.270000457763672,265802
"AXL","American Axle & Manufacturing Holdings, Inc. Common Stock","2021-11-02 10:30:00-04:00",9.279999732971191,9.399999618530272,9.25,9.390000343322754,9.390000343322754,202772
"AXL","American Axle & Manufacturing Holdings, Inc. Common Stock","2021-11-02 11:30:00-04:00",9.329999923706056,9.399999618530272,9.300000190734863,9.30500030517578,9.30500030517578,125794
"AXL","American Axle & Manufacturing Holdings, Inc. Common Stock","2021-11-02 12:30:00-04:00",9.3149995803833,9.335000038146973,9.25,9.260000228881836,9.260000228881836,93227
"AXL","American Axle & Manufacturing Holdings, Inc. Common Stock","2021-11-02 13:30:00-04:00",9.265000343322754,9.335000038146973,9.255000114440918,9.329999923706056,9.329999923706056,82970
"AXL","American Axle & Manufacturing Holdings, Inc. Common Stock","2021-11-02 14:30:00-04:00",9.300000190734863,9.364999771118164,9.289999961853027,9.329999923706056,9.329999923706056,142069
"AXL","American Axle & Manufacturing Holdings, Inc. Common Stock","2021-11-02 15:30:00-04:00",9.35990047454834,9.369999885559082,9.31999969482422,9.369999885559082,9.369999885559082,385820
"AXL","American Axle & Manufacturing Holdings, Inc. Common Stock","2021-11-02 16:00:00-04:00",9.37,9.37,9.36,9.36,9.36,0
"AXL","American Axle & Manufacturing Holdings, Inc. Common Stock","2021-11-03 09:30:00-04:00",9.270000457763672,9.640000343322754,9.260000228881836,9.640000343322754,9.640000343322754,236551
"AXL","American Axle & Manufacturing Holdings, Inc. Common Stock","2021-11-03 10:30:00-04:00",9.5,9.800000190734863,9.5,9.789999961853027,9.789999961853027,340743
"AXL","American Axle & Manufacturing Holdings, Inc. Common Stock","2021-11-03 11:30:00-04:00",9.729999542236328,9.84000015258789,9.71500015258789,9.71500015258789,9.71500015258789,255774
"AXL","American Axle & Manufacturing Holdings, Inc. Common Stock","2021-11-03 12:30:00-04:00",9.765000343322754,9.795000076293944,9.630000114440918,9.640000343322754,9.640000343322754,184769
"AXL","American Axle & Manufacturing Holdings, Inc. Common Stock","2021-11-03 13:30:00-04:00",9.68000030517578,9.760000228881836,9.579999923706056,9.729999542236328,9.729999542236328,185397
"AXL","American Axle & Manufacturing Holdings, Inc. Common Stock","2021-11-03 14:30:00-04:00",9.649999618530272,9.93000030517578,9.649999618530272,9.880000114440918,9.880000114440918,352551
"AXL","American Axle & Manufacturing Holdings, Inc. Common Stock","2021-11-03 15:30:00-04:00",9.869999885559082,9.93000030517578,9.800000190734863,9.850000381469728,9.850000381469728,522327
"AXL","American Axle & Manufacturing Holdings, Inc. Common Stock","2021-11-03 16:00:00-04:00",9.84,9.85,9.84,9.85,9.85,0
"AXL","American Axle & Manufacturing Holdings, Inc. Common Stock","2021-11-04 09:30:00-04:00",9.800000190734863,10.06999969482422,9.739999771118164,9.970000267028809,9.970000267028809,563421
"AXL","American Axle & Manufacturing Holdings, Inc. Common Stock","2021-11-04 10:30:00-04:00",9.869999885559082,10.06999969482422,9.604999542236328,9.609999656677246,9.609999656677246,786026
"AXL","American Axle & Manufacturing Holdings, Inc. Common Stock","2021-11-04 11:30:00-04:00",9.829999923706056,9.829999923706056,9.489999771118164,9.5,9.5,391190
"AXL","American Axle & Manufacturing Holdings, Inc. Common Stock","2021-11-04 12:30:00-04:00",9.5649995803833,9.579999923706056,9.479999542236328,9.5600004196167,9.5600004196167,185447
"AXL","American Axle & Manufacturing Holdings, Inc. Common Stock","2021-11-04 13:30:00-04:00",9.539999961853027,9.56999969482422,9.449999809265137,9.449999809265137,9.449999809265137,190446
"AXL","American Axle & Manufacturing Holdings, Inc. Common Stock","2021-11-04 14:30:00-04:00",9.520000457763672,9.529999732971191,9.404999732971191,9.475000381469728,9.475000381469728,317717
"AXL","American Axle & Manufacturing Holdings, Inc. Common Stock","2021-11-04 15:30:00-04:00",9.460000038146973,9.5600004196167,9.460000038146973,9.5600004196167,9.5600004196167,735081
"AXL","American Axle & Manufacturing Holdings, Inc. Common Stock","2021-11-04 16:00:00-04:00",9.56,9.56,9.56,9.56,9.56,0
"AXL","American Axle & Manufacturing Holdings, Inc. Common Stock","2021-11-04 18:00:00-04:00",9.56,9.56,9.56,9.56,9.56,0
"AXL","American Axle & Manufacturing Holdings, Inc. Common Stock","2021-11-04 19:00:00-04:00",9.56,9.56,9.56,9.56,9.56,0
"AXL","American Axle & Manufacturing Holdings, Inc. Common Stock","2021-11-05 08:00:00-04:00",9.59,10.31,9.56,9.94,9.94,0
"AXL","American Axle & Manufacturing Holdings, Inc. Common Stock","2021-11-05 09:00:00-04:00",10.0,10.0,9.8,9.85,9.85,0
"AXL","American Axle & Manufacturing Holdings, Inc. Common Stock","2021-11-05 09:30:00-04:00",9.890000343322754,9.890000343322754,9.130000114440918,9.539999961853027,9.539999961853027,528298
"AXL","American Axle & Manufacturing Holdings, Inc. Common Stock","2021-11-05 10:30:00-04:00",9.5600004196167,9.989999771118164,9.4399995803833,9.890000343322754,9.890000343322754,545400
"AXL","American Axle & Manufacturing Holdings, Inc. Common Stock","2021-11-05 11:30:00-04:00",9.914999961853027,9.989999771118164,9.760000228881836,9.8100004196167,9.8100004196167,337722
"AXL","American Axle & Manufacturing Holdings, Inc. Common Stock","2021-11-05 12:30:00-04:00",9.875,9.890000343322754,9.725000381469728,9.725000381469728,9.725000381469728,217947
"AXL","American Axle & Manufacturing Holdings, Inc. Common Stock","2021-11-05 13:30:00-04:00",9.880000114440918,9.890000343322754,9.725000381469728,9.770000457763672,9.770000457763672,190491
"AXL","American Axle & Manufacturing Holdings, Inc. Common Stock","2021-11-05 14:30:00-04:00",9.800000190734863,9.864999771118164,9.68000030517578,9.720000267028809,9.720000267028809,213041
"AXL","American Axle & Manufacturing Holdings, Inc. Common Stock","2021-11-05 15:30:00-04:00",9.725000381469728,9.84000015258789,9.68000030517578,9.81999969482422,9.81999969482422,484909
"AXL","American Axle & Manufacturing Holdings, Inc. Common Stock","2021-11-05 16:00:00-04:00",9.82,9.82,9.82,9.82,9.82,0
"AXL","American Axle & Manufacturing Holdings, Inc. Common Stock","2021-11-05 19:00:00-04:00",9.88,9.88,9.88,9.88,9.88,0
"AXL","American Axle & Manufacturing Holdings, Inc. Common Stock","2021-11-08 09:00:00-05:00",9.8733,9.8733,9.8733,9.8733,9.8733,0
"AXL","American Axle & Manufacturing Holdings, Inc. Common Stock","2021-11-08 09:30:00-05:00",9.859999656677246,9.880000114440918,9.670000076293944,9.720000267028809,9.720000267028809,93745
"AXL","American Axle & Manufacturing Holdings, Inc. Common Stock","2021-11-08 10:30:00-05:00",9.729999542236328,9.75,9.625,9.654999732971191,9.654999732971191,135548
"AXL","American Axle & Manufacturing Holdings, Inc. Common Stock","2021-11-08 11:30:00-05:00",9.649999618530272,9.824999809265137,9.649999618530272,9.789999961853027,9.789999961853027,167508
"AXL","American Axle & Manufacturing Holdings, Inc. Common Stock","2021-11-08 12:30:00-05:00",9.800000190734863,9.859999656677246,9.789999961853027,9.845000267028809,9.845000267028809,100685
"AXL","American Axle & Manufacturing Holdings, Inc. Common Stock","2021-11-08 13:30:00-05:00",9.84000015258789,9.869999885559082,9.800000190734863,9.8100004196167,9.8100004196167,115267
"AXL","American Axle & Manufacturing Holdings, Inc. Common Stock","2021-11-08 14:30:00-05:00",9.8149995803833,9.829999923706056,9.770000457763672,9.789999961853027,9.789999961853027,92818
"AXL","American Axle & Manufacturing Holdings, Inc. Common Stock","2021-11-08 15:30:00-05:00",9.789999961853027,9.829999923706056,9.71500015258789,9.75,9.75,317976
"AXL","American Axle & Manufacturing Holdings, Inc. Common Stock","2021-11-08 16:00:00-05:00",9.75,9.75,9.75,9.75,9.75,0
"AXL","American Axle & Manufacturing Holdings, Inc. Common Stock","2021-11-08 17:00:00-05:00",9.75,9.75,9.75,9.75,9.75,0
"AXL","American Axle & Manufacturing Holdings, Inc. Common Stock","2021-11-08 18:00:00-05:00",9.61,9.61,9.61,9.61,9.61,0
"AXL","American Axle & Manufacturing Holdings, Inc. Common Stock","2021-11-09 07:00:00-05:00",9.8,9.8,9.8,9.8,9.8,0
"AXL","American Axle & Manufacturing Holdings, Inc. Common Stock","2021-11-09 08:00:00-05:00",9.8,9.8,9.78,9.78,9.78,0
"AXL","American Axle & Manufacturing Holdings, Inc. Common Stock","2021-11-09 09:30:00-05:00",9.75,9.9399995803833,9.672300338745115,9.755000114440918,9.755000114440918,368194
"AXL","American Axle & Manufacturing Holdings, Inc. Common Stock","2021-11-09 10:30:00-05:00",9.744999885559082,9.779999732971191,9.65999984741211,9.6899995803833,9.6899995803833,253214
"AXL","American Axle & Manufacturing Holdings, Inc. Common Stock","2021-11-09 11:30:00-05:00",9.670000076293944,9.729999542236328,9.625,9.626399993896484,9.626399993896484,204785
"AXL","American Axle & Manufacturing Holdings, Inc. Common Stock","2021-11-09 12:30:00-05:00",9.640000343322754,9.734999656677246,9.614999771118164,9.6899995803833,9.6899995803833,176792
"AXL","American Axle & Manufacturing Holdings, Inc. Common Stock","2021-11-09 13:30:00-05:00",9.6899995803833,9.734999656677246,9.670000076293944,9.699999809265137,9.699999809265137,155941
"AXL","American Axle & Manufacturing Holdings, Inc. Common Stock","2021-11-09 14:30:00-05:00",9.675000190734863,9.71500015258789,9.604999542236328,9.604999542236328,9.604999542236328,219966
"AXL","American Axle & Manufacturing Holdings, Inc. Common Stock","2021-11-09 15:30:00-05:00",9.600000381469728,9.68000030517578,9.595000267028809,9.670000076293944,9.670000076293944,550646
"AXL","American Axle & Manufacturing Holdings, Inc. Common Stock","2021-11-09 16:00:00-05:00",9.67,9.67,9.67,9.67,9.67,0
"AXL","American Axle & Manufacturing Holdings, Inc. Common Stock","2021-11-10 05:00:00-05:00",9.67,9.67,9.67,9.67,9.67,0
"AXL","American Axle & Manufacturing Holdings, Inc. Common Stock","2021-11-10 09:30:00-05:00",9.649999618530272,9.702199935913086,9.520000457763672,9.675000190734863,9.675000190734863,273308
"AXL","American Axle & Manufacturing Holdings, Inc. Common Stock","2021-11-10 10:30:00-05:00",9.581700325012209,9.75,9.520000457763672,9.645000457763672,9.645000457763672,342767
"AXL","American Axle & Manufacturing Holdings, Inc. Common Stock","2021-11-10 11:30:00-05:00",9.729999542236328,9.779999732971191,9.640000343322754,9.720000267028809,9.720000267028809,286567
"AXL","American Axle & Manufacturing Holdings, Inc. Common Stock","2021-11-10 12:30:00-05:00",9.75,9.760000228881836,9.645000457763672,9.65999984741211,9.65999984741211,184469
"AXL","American Axle & Manufacturing Holdings, Inc. Common Stock","2021-11-10 13:30:00-05:00",9.68000030517578,9.6899995803833,9.539999961853027,9.550000190734863,9.550000190734863,261637
"AXL","American Axle & Manufacturing Holdings, Inc. Common Stock","2021-11-10 14:30:00-05:00",9.619999885559082,9.619999885559082,9.46500015258789,9.545000076293944,9.545000076293944,297005
"AXL","American Axle & Manufacturing Holdings, Inc. Common Stock","2021-11-10 15:30:00-05:00",9.545000076293944,9.585000038146973,9.470000267028809,9.489999771118164,9.489999771118164,445083
"AXL","American Axle & Manufacturing Holdings, Inc. Common Stock","2021-11-10 16:00:00-05:00",9.49,9.49,9.49,9.49,9.49,0
"AXL","American Axle & Manufacturing Holdings, Inc. Common Stock","2021-11-11 08:00:00-05:00",9.55,9.83,9.55,9.83,9.83,0
"AXL","American Axle & Manufacturing Holdings, Inc. Common Stock","2021-11-11 09:30:00-05:00",9.56999969482422,9.739999771118164,9.510000228881836,9.6899995803833,9.6899995803833,146624
"AXL","American Axle & Manufacturing Holdings, Inc. Common Stock","2021-11-11 10:30:00-05:00",9.699999809265137,9.71500015258789,9.479999542236328,9.579999923706056,9.579999923706056,146592
"AXL","American Axle & Manufacturing Holdings, Inc. Common Stock","2021-11-11 11:30:00-05:00",9.56999969482422,9.614999771118164,9.524999618530272,9.53499984741211,9.53499984741211,85028
"AXL","American Axle & Manufacturing Holdings, Inc. Common Stock","2021-11-11 12:30:00-05:00",9.539999961853027,9.600000381469728,9.520000457763672,9.5649995803833,9.5649995803833,49867
"AXL","American Axle & Manufacturing Holdings, Inc. Common Stock","2021-11-11 13:30:00-05:00",9.5649995803833,9.59000015258789,9.520000457763672,9.520000457763672,9.520000457763672,80133
"AXL","American Axle & Manufacturing Holdings, Inc. Common Stock","2021-11-11 14:30:00-05:00",9.524999618530272,9.630000114440918,9.5,9.614999771118164,9.614999771118164,254789
"AXL","American Axle & Manufacturing Holdings, Inc. Common Stock","2021-11-11 15:30:00-05:00",9.614999771118164,9.71500015258789,9.614999771118164,9.65999984741211,9.65999984741211,184456
"AXL","American Axle & Manufacturing Holdings, Inc. Common Stock","2021-11-11 16:00:00-05:00",9.66,9.78,9.63,9.63,9.63,0
"AXL","American Axle & Manufacturing Holdings, Inc. Common Stock","2021-11-11 19:00:00-05:00",9.66,9.66,9.66,9.66,9.66,0
"AXL","American Axle & Manufacturing Holdings, Inc. Common Stock","2021-11-12 08:00:00-05:00",9.68,9.68,9.68,9.68,9.68,0
"AXL","American Axle & Manufacturing Holdings, Inc. Common Stock","2021-11-12 09:30:00-05:00",9.670000076293944,9.8149995803833,9.640000343322754,9.75,9.75,112304
"AXL","American Axle & Manufacturing Holdings, Inc. Common Stock","2021-11-12 10:30:00-05:00",9.75,9.760000228881836,9.619999885559082,9.699999809265137,9.699999809265137,98195
"AXL","American Axle & Manufacturing Holdings, Inc. Common Stock","2021-11-12 11:30:00-05:00",9.710000038146973,9.795000076293944,9.710000038146973,9.795000076293944,9.795000076293944,70864
"AXL","American Axle & Manufacturing Holdings, Inc. Common Stock","2021-11-12 12:30:00-05:00",9.800000190734863,9.80500030517578,9.739999771118164,9.760000228881836,9.760000228881836,53062
"AXL","American Axle & Manufacturing Holdings, Inc. Common Stock","2021-11-12 13:30:00-05:00",9.755000114440918,9.789999961853027,9.699999809265137,9.710000038146973,9.710000038146973,94074
"AXL","American Axle & Manufacturing Holdings, Inc. Common Stock","2021-11-12 14:30:00-05:00",9.704999923706056,9.789999961853027,9.68000030517578,9.75,9.75,75656
"AXL","American Axle & Manufacturing Holdings, Inc. Common Stock","2021-11-12 15:30:00-05:00",9.75,9.765000343322754,9.710000038146973,9.720000267028809,9.720000267028809,157747
"AXL","American Axle & Manufacturing Holdings, Inc. Common Stock","2021-11-12 16:00:00-05:00",9.73,9.7369,9.73,9.7369,9.7369,0
"AXL","American Axle & Manufacturing Holdings, Inc. Common Stock","2021-11-12 17:00:00-05:00",9.8,9.8,9.73,9.73,9.73,0
"AXL","American Axle & Manufacturing Holdings, Inc. Common Stock","2021-11-15 09:30:00-05:00",9.770000457763672,9.899999618530272,9.739999771118164,9.81999969482422,9.81999969482422,330201
"AXL","American Axle & Manufacturing Holdings, Inc. Common Stock","2021-11-15 10:30:00-05:00",9.890000343322754,9.890000343322754,9.71500015258789,9.8149995803833,9.8149995803833,171434
"AXL","American Axle & Manufacturing Holdings, Inc. Common Stock","2021-11-15 11:30:00-05:00",9.80500030517578,9.845000267028809,9.760000228881836,9.78499984741211,9.78499984741211,88096
"AXL","American Axle & Manufacturing Holdings, Inc. Common Stock","2021-11-15 12:30:00-05:00",9.770000457763672,9.8149995803833,9.76010036468506,9.779999732971191,9.779999732971191,57563
"AXL","American Axle & Manufacturing Holdings, Inc. Common Stock","2021-11-15 13:30:00-05:00",9.8100004196167,9.8100004196167,9.729999542236328,9.774999618530272,9.774999618530272,96445
"AXL","American Axle & Manufacturing Holdings, Inc. Common Stock","2021-11-15 14:30:00-05:00",9.76389980316162,9.869999885559082,9.729999542236328,9.869999885559082,9.869999885559082,113426
"AXL","American Axle & Manufacturing Holdings, Inc. Common Stock","2021-11-15 15:30:00-05:00",9.8100004196167,9.875,9.80500030517578,9.850000381469728,9.850000381469728,379313
"AXL","American Axle & Manufacturing Holdings, Inc. Common Stock","2021-11-15 16:00:00-05:00",9.84,9.85,9.83,9.85,9.85,0
"AXL","American Axle & Manufacturing Holdings, Inc. Common Stock","2021-11-15 17:00:00-05:00",9.85,9.85,9.85,9.85,9.85,0
"AXL","American Axle & Manufacturing Holdings, Inc. Common Stock","2021-11-16 07:00:00-05:00",9.7,9.7,9.7,9.7,9.7,0
"AXL","American Axle & Manufacturing Holdings, Inc. Common Stock","2021-11-16 08:00:00-05:00",9.69,9.69,9.69,9.69,9.69,0
"AXL","American Axle & Manufacturing Holdings, Inc. Common Stock","2021-11-16 09:30:00-05:00",9.90999984741211,10.119999885559082,9.840100288391112,9.864999771118164,9.864999771118164,444290
"AXL","American Axle & Manufacturing Holdings, Inc. Common Stock","2021-11-16 10:30:00-05:00",9.979999542236328,9.996500015258787,9.840100288391112,9.890000343322754,9.890000343322754,285654
"AXL","American Axle & Manufacturing Holdings, Inc. Common Stock","2021-11-16 11:30:00-05:00",9.897700309753418,9.970000267028809,9.864999771118164,9.960000038146973,9.960000038146973,163728
"AXL","American Axle & Manufacturing Holdings, Inc. Common Stock","2021-11-16 12:30:00-05:00",9.895000457763672,9.970000267028809,9.895000457763672,9.93000030517578,9.93000030517578,111036
"AXL","American Axle & Manufacturing Holdings, Inc. Common Stock","2021-11-16 13:30:00-05:00",9.9399995803833,9.960000038146973,9.899999618530272,9.920000076293944,9.920000076293944,151914
"AXL","American Axle & Manufacturing Holdings, Inc. Common Stock","2021-11-16 14:30:00-05:00",9.93000030517578,9.979999542236328,9.899999618530272,9.9350004196167,9.9350004196167,225172
"AXL","American Axle & Manufacturing Holdings, Inc. Common Stock","2021-11-16 15:30:00-05:00",9.93000030517578,9.979999542236328,9.890000343322754,9.920000076293944,9.920000076293944,352158
"AXL","American Axle & Manufacturing Holdings, Inc. Common Stock","2021-11-16 16:00:00-05:00",9.92,9.92,9.92,9.92,9.92,0
"AXL","American Axle & Manufacturing Holdings, Inc. Common Stock","2021-11-16 19:00:00-05:00",9.92,9.92,9.92,9.92,9.92,0
"AXL","American Axle & Manufacturing Holdings, Inc. Common Stock","2021-11-17 06:00:00-05:00",10.15,10.15,10.15,10.15,10.15,0
"AXL","American Axle & Manufacturing Holdings, Inc. Common Stock","2021-11-17 07:00:00-05:00",10.15,10.15,10.15,10.15,10.15,0
"AXL","American Axle & Manufacturing Holdings, Inc. Common Stock","2021-11-17 08:00:00-05:00",10.0,10.0,9.92,9.97,9.97,0
"AXL","American Axle & Manufacturing Holdings, Inc. Common Stock","2021-11-17 09:30:00-05:00",10.039999961853027,10.039999961853027,9.604999542236328,9.640000343322754,9.640000343322754,401392
"AXL","American Axle & Manufacturing Holdings, Inc. Common Stock","2021-11-17 10:30:00-05:00",9.6899995803833,9.739999771118164,9.604999542236328,9.65999984741211,9.65999984741211,285620
"AXL","American Axle & Manufacturing Holdings, Inc. Common Stock","2021-11-17 11:30:00-05:00",9.699999809265137,9.739999771118164,9.640000343322754,9.640000343322754,9.640000343322754,194220
"AXL","American Axle & Manufacturing Holdings, Inc. Common Stock","2021-11-17 12:30:00-05:00",9.710000038146973,9.725000381469728,9.619999885559082,9.710000038146973,9.710000038146973,163811
"AXL","American Axle & Manufacturing Holdings, Inc. Common Stock","2021-11-17 13:30:00-05:00",9.675000190734863,9.725000381469728,9.649999618530272,9.69499969482422,9.69499969482422,139522
"AXL","American Axle & Manufacturing Holdings, Inc. Common Stock","2021-11-17 14:30:00-05:00",9.6850004196167,9.789999961853027,9.65999984741211,9.774999618530272,9.774999618530272,183012
"AXL","American Axle & Manufacturing Holdings, Inc. Common Stock","2021-11-17 15:30:00-05:00",9.774999618530272,9.795000076293944,9.699999809265137,9.760000228881836,9.760000228881836,313615
"AXL","American Axle & Manufacturing Holdings, Inc. Common Stock","2021-11-17 16:00:00-05:00",9.76,9.7707,9.76,9.77,9.77,0
"AXL","American Axle & Manufacturing Holdings, Inc. Common Stock","2021-11-18 08:00:00-05:00",9.95,9.95,9.95,9.95,9.95,0
"AXL","American Axle & Manufacturing Holdings, Inc. Common Stock","2021-11-18 09:30:00-05:00",9.770000457763672,9.890000343322754,9.59000015258789,9.619999885559082,9.619999885559082,288704
"AXL","American Axle & Manufacturing Holdings, Inc. Common Stock","2021-11-18 10:30:00-05:00",9.75,9.800000190734863,9.59000015258789,9.608599662780762,9.608599662780762,299642
"AXL","American Axle & Manufacturing Holdings, Inc. Common Stock","2021-11-18 11:30:00-05:00",9.609999656677246,9.66160011291504,9.585000038146973,9.635000228881836,9.635000228881836,161198
"AXL","American Axle & Manufacturing Holdings, Inc. Common Stock","2021-11-18 12:30:00-05:00",9.630000114440918,9.68000030517578,9.507200241088867,9.524999618530272,9.524999618530272,170289
"AXL","American Axle & Manufacturing Holdings, Inc. Common Stock","2021-11-18 13:30:00-05:00",9.600000381469728,9.604999542236328,9.460000038146973,9.5,9.5,156456
"AXL","American Axle & Manufacturing Holdings, Inc. Common Stock","2021-11-18 14:30:00-05:00",9.48009967803955,9.664999961853027,9.470000267028809,9.645000457763672,9.645000457763672,206112
"AXL","American Axle & Manufacturing Holdings, Inc. Common Stock","2021-11-18 15:30:00-05:00",9.649999618530272,9.664999961853027,9.574999809265137,9.619999885559082,9.619999885559082,364597
"AXL","American Axle & Manufacturing Holdings, Inc. Common Stock","2021-11-18 16:00:00-05:00",9.63,9.63,9.62,9.62,9.62,0
"AXL","American Axle & Manufacturing Holdings, Inc. Common Stock","2021-11-19 07:00:00-05:00",9.62,9.62,9.48,9.48,9.48,0
"AXL","American Axle & Manufacturing Holdings, Inc. Common Stock","2021-11-19 08:00:00-05:00",9.48,9.55,9.48,9.55,9.55,0
"AXL","American Axle & Manufacturing Holdings, Inc. Common Stock","2021-11-19 09:30:00-05:00",9.460000038146973,9.68000030517578,9.460000038146973,9.609999656677246,9.609999656677246,252854
"AXL","American Axle & Manufacturing Holdings, Inc. Common Stock","2021-11-19 10:30:00-05:00",9.56999969482422,9.630000114440918,9.51990032196045,9.539999961853027,9.539999961853027,177676
"AXL","American Axle & Manufacturing Holdings, Inc. Common Stock","2021-11-19 11:30:00-05:00",9.55500030517578,9.56999969482422,9.505000114440918,9.524999618530272,9.524999618530272,100886
"AXL","American Axle & Manufacturing Holdings, Inc. Common Stock","2021-11-19 12:30:00-05:00",9.520000457763672,9.5600004196167,9.489999771118164,9.510000228881836,9.510000228881836,79056
"AXL","American Axle & Manufacturing Holdings, Inc. Common Stock","2021-11-19 13:30:00-05:00",9.5,9.53499984741211,9.446800231933594,9.5,9.5,136181
"AXL","American Axle & Manufacturing Holdings, Inc. Common Stock","2021-11-19 14:30:00-05:00",9.5,9.529999732971191,9.43000030517578,9.454999923706056,9.454999923706056,121347
"AXL","American Axle & Manufacturing Holdings, Inc. Common Stock","2021-11-19 15:30:00-05:00",9.449999809265137,9.470000267028809,9.399999618530272,9.43000030517578,9.43000030517578,231624
"AXL","American Axle & Manufacturing Holdings, Inc. Common Stock","2021-11-19 16:00:00-05:00",9.43,9.44,9.43,9.44,9.44,0
"AXL","American Axle & Manufacturing Holdings, Inc. Common Stock","2021-11-22 07:00:00-05:00",9.5,9.5,9.5,9.5,9.5,0
"AXL","American Axle & Manufacturing Holdings, Inc. Common Stock","2021-11-22 08:00:00-05:00",9.45,9.45,9.45,9.45,9.45,0
"AXL","American Axle & Manufacturing Holdings, Inc. Common Stock","2021-11-22 09:00:00-05:00",9.45,9.47,9.45,9.47,9.47,0
"AXL","American Axle & Manufacturing Holdings, Inc. Common Stock","2021-11-22 09:30:00-05:00",9.470000267028809,9.75,9.4350004196167,9.699999809265137,9.699999809265137,281093
"AXL","American Axle & Manufacturing Holdings, Inc. Common Stock","2021-11-22 10:30:00-05:00",9.630000114440918,9.850000381469728,9.630000114440918,9.829999923706056,9.829999923706056,239496
"AXL","American Axle & Manufacturing Holdings, Inc. Common Stock","2021-11-22 11:30:00-05:00",9.734999656677246,9.850000381469728,9.699999809265137,9.744999885559082,9.744999885559082,179314
"AXL","American Axle & Manufacturing Holdings, Inc. Common Stock","2021-11-22 12:30:00-05:00",9.720000267028809,9.859999656677246,9.699999809265137,9.84280014038086,9.84280014038086,147191
"AXL","American Axle & Manufacturing Holdings, Inc. Common Stock","2021-11-22 13:30:00-05:00",9.720000267028809,9.859999656677246,9.71500015258789,9.81999969482422,9.81999969482422,137050
"AXL","American Axle & Manufacturing Holdings, Inc. Common Stock","2021-11-22 14:30:00-05:00",9.800000190734863,9.895600318908691,9.779999732971191,9.81999969482422,9.81999969482422,251808
"AXL","American Axle & Manufacturing Holdings, Inc. Common Stock","2021-11-22 15:30:00-05:00",9.824999809265137,9.895600318908691,9.760000228881836,9.760000228881836,9.760000228881836,340354
"AXL","American Axle & Manufacturing Holdings, Inc. Common Stock","2021-11-22 16:00:00-05:00",9.77,9.77,9.77,9.77,9.77,0
"AXL","American Axle & Manufacturing Holdings, Inc. Common Stock","2021-11-22 17:00:00-05:00",9.78,9.78,9.78,9.78,9.78,0
"AXL","American Axle & Manufacturing Holdings, Inc. Common Stock","2021-11-23 04:00:00-05:00",9.78,9.78,9.78,9.78,9.78,0
"AXL","American Axle & Manufacturing Holdings, Inc. Common Stock","2021-11-23 08:00:00-05:00",9.83,9.83,9.83,9.83,9.83,0
"AXL","American Axle & Manufacturing Holdings, Inc. Common Stock","2021-11-23 09:30:00-05:00",9.829999923706056,9.899999618530272,9.753000259399414,9.829999923706056,9.829999923706056,261862
"AXL","American Axle & Manufacturing Holdings, Inc. Common Stock","2021-11-23 10:30:00-05:00",9.789999961853027,9.875,9.6850004196167,9.699999809265137,9.699999809265137,299142
"AXL","American Axle & Manufacturing Holdings, Inc. Common Stock","2021-11-23 11:30:00-05:00",9.765000343322754,9.779999732971191,9.68000030517578,9.770000457763672,9.770000457763672,191377
"AXL","American Axle & Manufacturing Holdings, Inc. Common Stock","2021-11-23 12:30:00-05:00",9.75,9.8100004196167,9.6899995803833,9.75,9.75,107252
"AXL","American Axle & Manufacturing Holdings, Inc. Common Stock","2021-11-23 13:30:00-05:00",9.744999885559082,9.864999771118164,9.729999542236328,9.84000015258789,9.84000015258789,157130
"AXL","American Axle & Manufacturing Holdings, Inc. Common Stock","2021-11-23 14:30:00-05:00",9.81999969482422,9.864999771118164,9.739999771118164,9.755000114440918,9.755000114440918,182754
"AXL","American Axle & Manufacturing Holdings, Inc. Common Stock","2021-11-23 15:30:00-05:00",9.755000114440918,9.789999961853027,9.729999542236328,9.729999542236328,9.729999542236328,435503
"AXL","American Axle & Manufacturing Holdings, Inc. Common Stock","2021-11-23 16:00:00-05:00",9.73,9.73,9.73,9.73,9.73,0
"AXL","American Axle & Manufacturing Holdings, Inc. Common Stock","2021-11-23 17:00:00-05:00",9.73,9.73,9.69,9.69,9.69,0
"AXL","American Axle & Manufacturing Holdings, Inc. Common Stock","2021-11-24 09:30:00-05:00",9.604999542236328,9.850000381469728,9.59000015258789,9.8149995803833,9.8149995803833,107296
"AXL","American Axle & Manufacturing Holdings, Inc. Common Stock","2021-11-24 10:30:00-05:00",9.670000076293944,9.859999656677246,9.645000457763672,9.795000076293944,9.795000076293944,140954
"AXL","American Axle & Manufacturing Holdings, Inc. Common Stock","2021-11-24 11:30:00-05:00",9.8100004196167,9.859999656677246,9.7298002243042,9.734999656677246,9.734999656677246,79784
"AXL","American Axle & Manufacturing Holdings, Inc. Common Stock","2021-11-24 12:30:00-05:00",9.795000076293944,9.795000076293944,9.720000267028809,9.729999542236328,9.729999542236328,76609
"AXL","American Axle & Manufacturing Holdings, Inc. Common Stock","2021-11-24 13:30:00-05:00",9.729999542236328,9.770000457763672,9.699999809265137,9.729999542236328,9.729999542236328,63667
"AXL","American Axle & Manufacturing Holdings, Inc. Common Stock","2021-11-24 14:30:00-05:00",9.755000114440918,9.774999618530272,9.699999809265137,9.760000228881836,9.760000228881836,60943
"AXL","American Axle & Manufacturing Holdings, Inc. Common Stock","2021-11-24 15:30:00-05:00",9.739999771118164,9.779999732971191,9.71500015258789,9.729999542236328,9.729999542236328,200925
"AXL","American Axle & Manufacturing Holdings, Inc. Common Stock","2021-11-24 16:00:00-05:00",9.73,9.73,9.73,9.73,9.73,141076
"AXL","American Axle & Manufacturing Holdings, Inc. Common Stock","2021-11-26 07:00:00-05:00",9.22,9.22,9.22,9.22,9.22,0
"AXL","American Axle & Manufacturing Holdings, Inc. Common Stock","2021-11-26 08:00:00-05:00",9.36,9.36,9.29,9.29,9.29,0
"AXL","American Axle & Manufacturing Holdings, Inc. Common Stock","2021-11-26 09:30:00-05:00",9.160099983215332,9.170000076293944,8.850000381469727,9.0,9.0,1120061
"AXL","American Axle & Manufacturing Holdings, Inc. Common Stock","2021-11-26 10:30:00-05:00",8.920000076293945,9.06999969482422,8.850000381469727,9.010000228881836,9.010000228881836,1021867
"AXL","American Axle & Manufacturing Holdings, Inc. Common Stock","2021-11-26 11:30:00-05:00",9.010000228881836,9.260000228881836,8.96500015258789,9.244999885559082,9.244999885559082,736840
"AXL","American Axle & Manufacturing Holdings, Inc. Common Stock","2021-11-26 12:30:00-05:00",9.145000457763672,9.380000114440918,9.140000343322754,9.350000381469728,9.350000381469728,427528
"AXL","American Axle & Manufacturing Holdings, Inc. Common Stock","2021-11-26 13:00:00-05:00",9.239999771118164,9.380000114440918,9.239999771118164,9.34000015258789,9.34000015258789,0
"AXL","American Axle & Manufacturing Holdings, Inc. Common Stock","2021-11-29 08:00:00-05:00",9.36,9.36,9.36,9.36,9.36,0
"AXL","American Axle & Manufacturing Holdings, Inc. Common Stock","2021-11-29 09:30:00-05:00",9.470000267028809,9.539999961853027,9.229999542236328,9.229999542236328,9.229999542236328,161779
"AXL","American Axle & Manufacturing Holdings, Inc. Common Stock","2021-11-29 10:30:00-05:00",9.220000267028809,9.244999885559082,9.109999656677246,9.220000267028809,9.220000267028809,304496
"AXL","American Axle & Manufacturing Holdings, Inc. Common Stock","2021-11-29 11:30:00-05:00",9.225000381469728,9.239999771118164,9.119999885559082,9.210000038146973,9.210000038146973,90504
"AXL","American Axle & Manufacturing Holdings, Inc. Common Stock","2021-11-29 12:30:00-05:00",9.220000267028809,9.364999771118164,9.220000267028809,9.364999771118164,9.364999771118164,80205
"AXL","American Axle & Manufacturing Holdings, Inc. Common Stock","2021-11-29 13:30:00-05:00",9.359999656677246,9.369999885559082,9.289999961853027,9.324999809265137,9.324999809265137,35772
"AXL","American Axle & Manufacturing Holdings, Inc. Common Stock","2021-11-29 14:30:00-05:00",9.324999809265137,9.329999923706056,9.260000228881836,9.260000228881836,9.260000228881836,83081
"AXL","American Axle & Manufacturing Holdings, Inc. Common Stock","2021-11-29 15:30:00-05:00",9.25,9.28499984741211,9.18000030517578,9.199999809265137,9.199999809265137,267494
"AXL","American Axle & Manufacturing Holdings, Inc. Common Stock","2021-11-29 16:00:00-05:00",9.2,9.2141,9.2,9.2,9.2,0
"AXL","American Axle & Manufacturing Holdings, Inc. Common Stock","2021-11-29 17:00:00-05:00",9.2,9.2,9.2,9.2,9.2,0
"AXL","American Axle & Manufacturing Holdings, Inc. Common Stock","2021-12-01 09:30:00-05:00",9.1899995803833,9.239999771118164,9.010000228881836,9.18000030517578,9.18000030517578,438845
"AXL","American Axle & Manufacturing Holdings, Inc. Common Stock","2021-12-01 10:30:00-05:00",9.19499969482422,9.239999771118164,9.06999969482422,9.170000076293944,9.170000076293944,244473
"AXL","American Axle & Manufacturing Holdings, Inc. Common Stock","2021-12-01 11:30:00-05:00",9.164999961853027,9.220000267028809,8.949999809265137,8.994999885559082,8.994999885559082,314751
"AXL","American Axle & Manufacturing Holdings, Inc. Common Stock","2021-12-01 12:30:00-05:00",8.954999923706055,9.020000457763672,8.819899559020996,8.880000114440918,8.880000114440918,281685
"AXL","American Axle & Manufacturing Holdings, Inc. Common Stock","2021-12-01 13:30:00-05:00",8.854999542236328,8.904999732971191,8.765000343322754,8.899999618530273,8.899999618530273,302997
"AXL","American Axle & Manufacturing Holdings, Inc. Common Stock","2021-12-01 14:30:00-05:00",8.84000015258789,8.949999809265137,8.774999618530273,8.795000076293945,8.795000076293945,439826
"AXL","American Axle & Manufacturing Holdings, Inc. Common Stock","2021-12-01 15:30:00-05:00",8.869999885559082,8.880000114440918,8.710000038146973,8.710000038146973,8.710000038146973,550579
"AXL","American Axle & Manufacturing Holdings, Inc. Common Stock","2021-12-01 16:00:00-05:00",8.71,8.75,8.71,8.75,8.75,0
"AXL","American Axle & Manufacturing Holdings, Inc. Common Stock","2021-12-01 17:00:00-05:00",8.71,8.71,8.71,8.71,8.71,0
"AXL","American Axle & Manufacturing Holdings, Inc. Common Stock","2021-12-02 08:00:00-05:00",8.73,8.73,8.65,8.65,8.65,0
"AXL","American Axle & Manufacturing Holdings, Inc. Common Stock","2021-12-02 09:30:00-05:00",8.829999923706055,8.970000267028809,8.770000457763672,8.96500015258789,8.96500015258789,109531
"AXL","American Axle & Manufacturing Holdings, Inc. Common Stock","2021-12-02 10:30:00-05:00",8.970000267028809,8.970000267028809,8.725000381469727,8.800000190734863,8.800000190734863,221574
"AXL","American Axle & Manufacturing Holdings, Inc. Common Stock","2021-12-02 11:30:00-05:00",8.800000190734863,8.928000450134277,8.774999618530273,8.899999618530273,8.899999618530273,162225
"AXL","American Axle & Manufacturing Holdings, Inc. Common Stock","2021-12-02 12:30:00-05:00",8.890000343322754,8.970000267028809,8.864999771118164,8.949999809265137,8.949999809265137,78257
"AXL","American Axle & Manufacturing Holdings, Inc. Common Stock","2021-12-02 13:30:00-05:00",8.9399995803833,9.031399726867676,8.829999923706055,9.029999732971191,9.029999732971191,126360
"AXL","American Axle & Manufacturing Holdings, Inc. Common Stock","2021-12-02 14:30:00-05:00",9.020000457763672,9.09000015258789,9.010000228881836,9.020000457763672,9.020000457763672,139980
"AXL","American Axle & Manufacturing Holdings, Inc. Common Stock","2021-12-02 15:30:00-05:00",9.020000457763672,9.104999542236328,9.010000228881836,9.029999732971191,9.029999732971191,266850
"AXL","American Axle & Manufacturing Holdings, Inc. Common Stock","2021-12-02 16:00:00-05:00",9.02,9.02,9.02,9.02,9.02,0
"AXL","American Axle & Manufacturing Holdings, Inc. Common Stock","2021-12-03 09:30:00-05:00",9.100000381469728,9.130000114440918,8.989999771118164,9.0600004196167,9.0600004196167,197876
"AXL","American Axle & Manufacturing Holdings, Inc. Common Stock","2021-12-03 10:30:00-05:00",9.050000190734863,9.079999923706056,8.899999618530273,8.989999771118164,8.989999771118164,148565
"AXL","American Axle & Manufacturing Holdings, Inc. Common Stock","2021-12-03 11:30:00-05:00",8.930000305175781,9.050000190734863,8.90999984741211,8.979999542236328,8.979999542236328,153288
"AXL","American Axle & Manufacturing Holdings, Inc. Common Stock","2021-12-03 12:30:00-05:00",8.920000076293945,9.029999732971191,8.90999984741211,8.979999542236328,8.979999542236328,112068
"AXL","American Axle & Manufacturing Holdings, Inc. Common Stock","2021-12-03 13:30:00-05:00",8.96500015258789,9.020000457763672,8.899999618530273,8.960000038146973,8.960000038146973,107308
"AXL","American Axle & Manufacturing Holdings, Inc. Common Stock","2021-12-03 14:30:00-05:00",8.944999694824219,8.979999542236328,8.864999771118164,8.96720027923584,8.96720027923584,142874
"AXL","American Axle & Manufacturing Holdings, Inc. Common Stock","2021-12-03 15:30:00-05:00",8.899999618530273,9.029999732971191,8.864999771118164,9.010000228881836,9.010000228881836,399123
"AXL","American Axle & Manufacturing Holdings, Inc. Common Stock","2021-12-03 16:00:00-05:00",9.01,9.01,8.9,8.9,8.9,0
"AXL","American Axle & Manufacturing Holdings, Inc. Common Stock","2021-12-03 18:00:00-05:00",9.01,9.01,9.01,9.01,9.01,0
"AXL","American Axle & Manufacturing Holdings, Inc. Common Stock","2021-12-06 04:00:00-05:00",9.02,9.02,9.02,9.02,9.02,0
"AXL","American Axle & Manufacturing Holdings, Inc. Common Stock","2021-12-06 09:30:00-05:00",9.15999984741211,9.345000267028809,9.0600004196167,9.31999969482422,9.31999969482422,247475
"AXL","American Axle & Manufacturing Holdings, Inc. Common Stock","2021-12-06 10:30:00-05:00",9.260000228881836,9.395000457763672,9.220000267028809,9.395000457763672,9.395000457763672,286675
"AXL","American Axle & Manufacturing Holdings, Inc. Common Stock","2021-12-06 11:30:00-05:00",9.380000114440918,9.43000030517578,9.274999618530272,9.40999984741211,9.40999984741211,335217
"AXL","American Axle & Manufacturing Holdings, Inc. Common Stock","2021-12-06 12:30:00-05:00",9.380000114440918,9.454999923706056,9.34000015258789,9.4399995803833,9.4399995803833,263046
"AXL","American Axle & Manufacturing Holdings, Inc. Common Stock","2021-12-06 13:30:00-05:00",9.414999961853027,9.539999961853027,9.399999618530272,9.510000228881836,9.510000228881836,223566
"AXL","American Axle & Manufacturing Holdings, Inc. Common Stock","2021-12-06 14:30:00-05:00",9.510000228881836,9.539999961853027,9.43000030517578,9.484999656677246,9.484999656677246,294886
"AXL","American Axle & Manufacturing Holdings, Inc. Common Stock","2021-12-06 15:30:00-05:00",9.484999656677246,9.5,9.399999618530272,9.43000030517578,9.43000030517578,473035
"AXL","American Axle & Manufacturing Holdings, Inc. Common Stock","2021-12-06 16:00:00-05:00",9.43,9.43,9.42,9.42,9.42,0
"AXL","American Axle & Manufacturing Holdings, Inc. Common Stock","2021-12-06 17:00:00-05:00",9.42,9.42,9.42,9.42,9.42,0
"AXL","American Axle & Manufacturing Holdings, Inc. Common Stock","2021-12-07 08:00:00-05:00",9.57,9.57,9.57,9.57,9.57,0
"AXL","American Axle & Manufacturing Holdings, Inc. Common Stock","2021-12-07 09:30:00-05:00",9.56999969482422,9.699999809265137,9.489999771118164,9.670000076293944,9.670000076293944,93267
"AXL","American Axle & Manufacturing Holdings, Inc. Common Stock","2021-12-07 10:30:00-05:00",9.670000076293944,9.760000228881836,9.649999618530272,9.710000038146973,9.710000038146973,141948
"AXL","American Axle & Manufacturing Holdings, Inc. Common Stock","2021-12-07 11:30:00-05:00",9.704999923706056,9.729999542236328,9.6850004196167,9.710000038146973,9.710000038146973,59727
"AXL","American Axle & Manufacturing Holdings, Inc. Common Stock","2021-12-07 12:30:00-05:00",9.710000038146973,9.729999542236328,9.69499969482422,9.720000267028809,9.720000267028809,39754
"AXL","American Axle & Manufacturing Holdings, Inc. Common Stock","2021-12-07 13:30:00-05:00",9.710000038146973,9.770000457763672,9.68000030517578,9.744999885559082,9.744999885559082,82162
"AXL","American Axle & Manufacturing Holdings, Inc. Common Stock","2021-12-07 14:30:00-05:00",9.75,9.78499984741211,9.739999771118164,9.779999732971191,9.779999732971191,62508
"AXL","American Axle & Manufacturing Holdings, Inc. Common Stock","2021-12-07 15:30:00-05:00",9.774999618530272,9.789999961853027,9.649999618530272,9.68000030517578,9.68000030517578,247897
"AXL","American Axle & Manufacturing Holdings, Inc. Common Stock","2021-12-07 16:00:00-05:00",9.68,9.68,9.68,9.68,9.68,0
"AXL","American Axle & Manufacturing Holdings, Inc. Common Stock","2021-12-08 08:00:00-05:00",9.68,9.68,9.68,9.68,9.68,0
"AXL","American Axle & Manufacturing Holdings, Inc. Common Stock","2021-12-08 09:30:00-05:00",9.779999732971191,9.869999885559082,9.710000038146973,9.869999885559082,9.869999885559082,80105
"AXL","American Axle & Manufacturing Holdings, Inc. Common Stock","2021-12-08 10:30:00-05:00",9.869999885559082,9.960000038146973,9.850000381469728,9.93000030517578,9.93000030517578,222229
"AXL","American Axle & Manufacturing Holdings, Inc. Common Stock","2021-12-08 11:30:00-05:00",9.93000030517578,9.96500015258789,9.90999984741211,9.920000076293944,9.920000076293944,176084
"AXL","American Axle & Manufacturing Holdings, Inc. Common Stock","2021-12-08 12:30:00-05:00",9.920000076293944,9.93000030517578,9.864999771118164,9.890000343322754,9.890000343322754,68460
"AXL","American Axle & Manufacturing Holdings, Inc. Common Stock","2021-12-08 13:30:00-05:00",9.890000343322754,9.904999732971191,9.84000015258789,9.869999885559082,9.869999885559082,57499
"AXL","American Axle & Manufacturing Holdings, Inc. Common Stock","2021-12-08 14:30:00-05:00",9.875,9.904999732971191,9.859999656677246,9.875,9.875,82819
"AXL","American Axle & Manufacturing Holdings, Inc. Common Stock","2021-12-08 15:30:00-05:00",9.880000114440918,9.920000076293944,9.850000381469728,9.850000381469728,9.850000381469728,232596
"AXL","American Axle & Manufacturing Holdings, Inc. Common Stock","2021-12-08 16:00:00-05:00",9.85,9.85,9.85,9.85,9.85,0
"AXL","American Axle & Manufacturing Holdings, Inc. Common Stock","2021-12-08 17:00:00-05:00",9.85,9.85,9.85,9.85,9.85,0
"AXL","American Axle & Manufacturing Holdings, Inc. Common Stock","2021-12-09 08:00:00-05:00",9.85,9.85,9.85,9.85,9.85,0
"AXL","American Axle & Manufacturing Holdings, Inc. Common Stock","2021-12-09 09:30:00-05:00",9.710000038146973,9.84000015258789,9.710000038146973,9.84000015258789,9.84000015258789,72784
"AXL","American Axle & Manufacturing Holdings, Inc. Common Stock","2021-12-09 10:30:00-05:00",9.835000038146973,9.880000114440918,9.729999542236328,9.765000343322754,9.765000343322754,100165
"AXL","American Axle & Manufacturing Holdings, Inc. Common Stock","2021-12-09 11:30:00-05:00",9.765000343322754,9.790200233459473,9.71500015258789,9.78499984741211,9.78499984741211,57047
"AXL","American Axle & Manufacturing Holdings, Inc. Common Stock","2021-12-09 12:30:00-05:00",9.789999961853027,9.84000015258789,9.739999771118164,9.84000015258789,9.84000015258789,48841
"AXL","American Axle & Manufacturing Holdings, Inc. Common Stock","2021-12-09 13:30:00-05:00",9.845000267028809,9.859999656677246,9.800000190734863,9.84000015258789,9.84000015258789,59569
"AXL","American Axle & Manufacturing Holdings, Inc. Common Stock","2021-12-09 14:30:00-05:00",9.84000015258789,9.854999542236328,9.739999771118164,9.770000457763672,9.770000457763672,84175
"AXL","American Axle & Manufacturing Holdings, Inc. Common Stock","2021-12-09 15:30:00-05:00",9.760000228881836,9.8149995803833,9.739999771118164,9.744999885559082,9.744999885559082,217980
"AXL","American Axle & Manufacturing Holdings, Inc. Common Stock","2021-12-09 16:00:00-05:00",9.75,9.75,9.75,9.75,9.75,0
"AXL","American Axle & Manufacturing Holdings, Inc. Common Stock","2021-12-10 09:30:00-05:00",9.869999885559082,10.005000114440918,9.71500015258789,9.729999542236328,9.729999542236328,176589
"AXL","American Axle & Manufacturing Holdings, Inc. Common Stock","2021-12-10 10:30:00-05:00",9.800000190734863,9.81999969482422,9.649999618530272,9.68000030517578,9.68000030517578,152295
"AXL","American Axle & Manufacturing Holdings, Inc. Common Stock","2021-12-10 11:30:00-05:00",9.739999771118164,9.75,9.649999618530272,9.75,9.75,127589
"AXL","American Axle & Manufacturing Holdings, Inc. Common Stock","2021-12-10 12:30:00-05:00",9.704999923706056,9.770000457763672,9.6899995803833,9.739999771118164,9.739999771118164,77883
"AXL","American Axle & Manufacturing Holdings, Inc. Common Stock","2021-12-10 13:30:00-05:00",9.744999885559082,9.800000190734863,9.729999542236328,9.779999732971191,9.779999732971191,65866
"AXL","American Axle & Manufacturing Holdings, Inc. Common Stock","2021-12-10 14:30:00-05:00",9.760000228881836,9.800000190734863,9.6850004196167,9.739999771118164,9.739999771118164,214138
"AXL","American Axle & Manufacturing Holdings, Inc. Common Stock","2021-12-10 15:30:00-05:00",9.704999923706056,9.789999961853027,9.6850004196167,9.760000228881836,9.760000228881836,551880
"AXL","American Axle & Manufacturing Holdings, Inc. Common Stock","2021-12-10 16:00:00-05:00",9.76,9.76,9.76,9.76,9.76,0
"AXL","American Axle & Manufacturing Holdings, Inc. Common Stock","2021-12-10 17:00:00-05:00",9.76,9.76,9.75,9.75,9.75,0
"AXL","American Axle & Manufacturing Holdings, Inc. Common Stock","2021-12-13 07:00:00-05:00",9.75,9.75,9.75,9.75,9.75,0
"AXL","American Axle & Manufacturing Holdings, Inc. Common Stock","2021-12-13 09:30:00-05:00",9.640000343322754,9.789999961853027,9.609999656677246,9.6899995803833,9.6899995803833,224084
"AXL","American Axle & Manufacturing Holdings, Inc. Common Stock","2021-12-13 10:30:00-05:00",9.670000076293944,9.729999542236328,9.479999542236328,9.479999542236328,9.479999542236328,174800
"AXL","American Axle & Manufacturing Holdings, Inc. Common Stock","2021-12-13 11:30:00-05:00",9.585000038146973,9.589799880981444,9.44159984588623,9.520000457763672,9.520000457763672,131545
"AXL","American Axle & Manufacturing Holdings, Inc. Common Stock","2021-12-13 12:30:00-05:00",9.460000038146973,9.550000190734863,9.454999923706056,9.510000228881836,9.510000228881836,97200
"AXL","American Axle & Manufacturing Holdings, Inc. Common Stock","2021-12-13 13:30:00-05:00",9.505000114440918,9.595000267028809,9.470000267028809,9.59000015258789,9.59000015258789,118013
"AXL","American Axle & Manufacturing Holdings, Inc. Common Stock","2021-12-13 14:30:00-05:00",9.550000190734863,9.65999984741211,9.505000114440918,9.619999885559082,9.619999885559082,193238
"AXL","American Axle & Manufacturing Holdings, Inc. Common Stock","2021-12-13 15:30:00-05:00",9.614999771118164,9.65999984741211,9.5,9.510000228881836,9.510000228881836,436628
"AXL","American Axle & Manufacturing Holdings, Inc. Common Stock","2021-12-13 16:00:00-05:00",9.51,9.51,9.51,9.51,9.51,0
"AXL","American Axle & Manufacturing Holdings, Inc. Common Stock","2021-12-13 17:00:00-05:00",9.51,9.51,9.51,9.51,9.51,0
"AXL","American Axle & Manufacturing Holdings, Inc. Common Stock","2021-12-14 08:00:00-05:00",9.51,9.51,9.51,9.51,9.51,0
"AXL","American Axle & Manufacturing Holdings, Inc. Common Stock","2021-12-14 09:30:00-05:00",9.390000343322754,9.675000190734863,9.369999885559082,9.630000114440918,9.630000114440918,121607
"AXL","American Axle & Manufacturing Holdings, Inc. Common Stock","2021-12-14 10:30:00-05:00",9.635000228881836,9.670000076293944,9.5,9.520000457763672,9.520000457763672,79062
"AXL","American Axle & Manufacturing Holdings, Inc. Common Stock","2021-12-14 11:30:00-05:00",9.520000457763672,9.524999618530272,9.44499969482422,9.454999923706056,9.454999923706056,53149
"AXL","American Axle & Manufacturing Holdings, Inc. Common Stock","2021-12-14 12:30:00-05:00",9.460000038146973,9.470000267028809,9.40999984741211,9.414999961853027,9.414999961853027,34849
"AXL","American Axle & Manufacturing Holdings, Inc. Common Stock","2021-12-14 13:30:00-05:00",9.420000076293944,9.470000267028809,9.414999961853027,9.420000076293944,9.420000076293944,41003
"AXL","American Axle & Manufacturing Holdings, Inc. Common Stock","2021-12-14 14:30:00-05:00",9.43000030517578,9.5600004196167,9.420000076293944,9.475000381469728,9.475000381469728,65340
"AXL","American Axle & Manufacturing Holdings, Inc. Common Stock","2021-12-14 15:30:00-05:00",9.475000381469728,9.510000228881836,9.369999885559082,9.399999618530272,9.399999618530272,282325
"AXL","American Axle & Manufacturing Holdings, Inc. Common Stock","2021-12-14 16:00:00-05:00",9.39,9.4,9.39,9.4,9.4,164990
"AXL","American Axle & Manufacturing Holdings, Inc. Common Stock","2021-12-14 17:00:00-05:00",9.4,9.4,9.4,9.4,9.4,0
"AXL","American Axle & Manufacturing Holdings, Inc. Common Stock","2021-12-15 09:30:00-05:00",9.369999885559082,9.414999961853027,9.0600004196167,9.074999809265137,9.074999809265137,281456
"AXL","American Axle & Manufacturing Holdings, Inc. Common Stock","2021-12-15 10:30:00-05:00",9.15999984741211,9.18000030517578,9.029999732971191,9.100000381469728,9.100000381469728,294287
"AXL","American Axle & Manufacturing Holdings, Inc. Common Stock","2021-12-15 11:30:00-05:00",9.074999809265137,9.140000343322754,9.05500030517578,9.100000381469728,9.100000381469728,180475
"AXL","American Axle & Manufacturing Holdings, Inc. Common Stock","2021-12-15 12:30:00-05:00",9.114999771118164,9.140000343322754,9.06999969482422,9.114999771118164,9.114999771118164,113764
"AXL","American Axle & Manufacturing Holdings, Inc. Common Stock","2021-12-15 13:30:00-05:00",9.114999771118164,9.3149995803833,9.095000267028809,9.270000457763672,9.270000457763672,189301
"AXL","American Axle & Manufacturing Holdings, Inc. Common Stock","2021-12-15 14:30:00-05:00",9.149999618530272,9.404999732971191,9.100000381469728,9.390000343322754,9.390000343322754,344005
"AXL","American Axle & Manufacturing Holdings, Inc. Common Stock","2021-12-15 15:30:00-05:00",9.204999923706056,9.479999542236328,9.204999923706056,9.449999809265137,9.449999809265137,634232
"AXL","American Axle & Manufacturing Holdings, Inc. Common Stock","2021-12-15 16:00:00-05:00",9.46,9.46,9.45,9.45,9.45,0
"AXL","American Axle & Manufacturing Holdings, Inc. Common Stock","2021-12-15 17:00:00-05:00",9.45,9.45,9.45,9.45,9.45,0
"AXL","American Axle & Manufacturing Holdings, Inc. Common Stock","2021-12-15 18:00:00-05:00",9.45,9.66,9.45,9.66,9.66,0
"AXL","American Axle & Manufacturing Holdings, Inc. Common Stock","2021-12-16 08:00:00-05:00",9.52,9.52,9.52,9.52,9.52,0
"AXL","American Axle & Manufacturing Holdings, Inc. Common Stock","2021-12-16 09:30:00-05:00",9.520000457763672,9.739999771118164,9.5,9.640000343322754,9.640000343322754,141484
"AXL","American Axle & Manufacturing Holdings, Inc. Common Stock","2021-12-16 10:30:00-05:00",9.640000343322754,9.65999984741211,9.420000076293944,9.454999923706056,9.454999923706056,212882
"AXL","American Axle & Manufacturing Holdings, Inc. Common Stock","2021-12-16 11:30:00-05:00",9.449999809265137,9.494999885559082,9.364999771118164,9.395000457763672,9.395000457763672,124546
"AXL","American Axle & Manufacturing Holdings, Inc. Common Stock","2021-12-16 12:30:00-05:00",9.390000343322754,9.425000190734863,9.279999732971191,9.279999732971191,9.279999732971191,62446
"AXL","American Axle & Manufacturing Holdings, Inc. Common Stock","2021-12-16 13:30:00-05:00",9.279999732971191,9.3100004196167,9.234999656677246,9.255000114440918,9.255000114440918,82167
"AXL","American Axle & Manufacturing Holdings, Inc. Common Stock","2021-12-16 14:30:00-05:00",9.260000228881836,9.265000343322754,9.100000381469728,9.149900436401367,9.149900436401367,119994
"AXL","American Axle & Manufacturing Holdings, Inc. Common Stock","2021-12-16 15:30:00-05:00",9.140000343322754,9.19499969482422,9.079999923706056,9.109999656677246,9.109999656677246,265731
"AXL","American Axle & Manufacturing Holdings, Inc. Common Stock","2021-12-16 16:00:00-05:00",9.11,9.11,9.11,9.11,9.11,0
"AXL","American Axle & Manufacturing Holdings, Inc. Common Stock","2021-12-17 07:00:00-05:00",9.13,9.13,9.13,9.13,9.13,0
"AXL","American Axle & Manufacturing Holdings, Inc. Common Stock","2021-12-17 08:00:00-05:00",9.1,9.1,9.01,9.01,9.01,0
"AXL","American Axle & Manufacturing Holdings, Inc. Common Stock","2021-12-17 09:30:00-05:00",9.029999732971191,9.039999961853027,8.75,8.849900245666504,8.849900245666504,597487
"AXL","American Axle & Manufacturing Holdings, Inc. Common Stock","2021-12-17 10:30:00-05:00",8.850000381469727,9.100000381469728,8.780099868774414,9.079999923706056,9.079999923706056,316286
"AXL","American Axle & Manufacturing Holdings, Inc. Common Stock","2021-12-17 11:30:00-05:00",9.050000190734863,9.109999656677246,8.925000190734863,8.93120002746582,8.93120002746582,239386
"AXL","American Axle & Manufacturing Holdings, Inc. Common Stock","2021-12-17 12:30:00-05:00",8.989999771118164,8.989999771118164,8.90999984741211,8.949999809265137,8.949999809265137,201310
"AXL","American Axle & Manufacturing Holdings, Inc. Common Stock","2021-12-17 13:30:00-05:00",8.9399995803833,9.015000343322754,8.90999984741211,9.0,9.0,132493
"AXL","American Axle & Manufacturing Holdings, Inc. Common Stock","2021-12-17 14:30:00-05:00",8.97819995880127,9.050000190734863,8.949999809265137,9.024999618530272,9.024999618530272,154873
"AXL","American Axle & Manufacturing Holdings, Inc. Common Stock","2021-12-17 15:30:00-05:00",9.029999732971191,9.050000190734863,8.90999984741211,8.949999809265137,8.949999809265137,893575
"AXL","American Axle & Manufacturing Holdings, Inc. Common Stock","2021-12-17 16:00:00-05:00",8.93,8.94,8.93,8.94,8.94,0
"AXL","American Axle & Manufacturing Holdings, Inc. Common Stock","2021-12-17 17:00:00-05:00",8.94,8.94,8.91,8.91,8.91,0
"AXL","American Axle & Manufacturing Holdings, Inc. Common Stock","2021-12-17 18:00:00-05:00",8.94,8.94,8.94,8.94,8.94,0
"AXL","American Axle & Manufacturing Holdings, Inc. Common Stock","2021-12-20 07:00:00-05:00",8.9,8.94,8.9,8.94,8.94,0
"AXL","American Axle & Manufacturing Holdings, Inc. Common Stock","2021-12-20 09:00:00-05:00",8.94,8.94,8.94,8.94,8.94,0
"AXL","American Axle & Manufacturing Holdings, Inc. Common Stock","2021-12-20 09:30:00-05:00",8.720000267028809,8.765000343322754,8.430000305175781,8.4350004196167,8.4350004196167,730026
"AXL","American Axle & Manufacturing Holdings, Inc. Common Stock","2021-12-20 10:30:00-05:00",8.550000190734863,8.550000190734863,8.25,8.279999732971191,8.279999732971191,670334
"AXL","American Axle & Manufacturing Holdings, Inc. Common Stock","2021-12-20 11:30:00-05:00",8.329999923706055,8.379599571228027,8.225000381469727,8.225000381469727,8.225000381469727,388736
"AXL","American Axle & Manufacturing Holdings, Inc. Common Stock","2021-12-20 12:30:00-05:00",8.279999732971191,8.279999732971191,8.180000305175781,8.25,8.25,294195
"AXL","American Axle & Manufacturing Holdings, Inc. Common Stock","2021-12-20 13:30:00-05:00",8.1850004196167,8.319999694824219,8.180000305175781,8.3149995803833,8.3149995803833,324821
"AXL","American Axle & Manufacturing Holdings, Inc. Common Stock","2021-12-20 14:30:00-05:00",8.244999885559082,8.5,8.239999771118164,8.444999694824219,8.444999694824219,609928
"AXL","American Axle & Manufacturing Holdings, Inc. Common Stock","2021-12-20 15:30:00-05:00",8.4399995803833,8.5,8.319999694824219,8.420000076293945,8.420000076293945,853404
"AXL","American Axle & Manufacturing Holdings, Inc. Common Stock","2021-12-20 16:00:00-05:00",8.41,8.53,8.41,8.53,8.53,0
"AXL","American Axle & Manufacturing Holdings, Inc. Common Stock","2021-12-20 17:00:00-05:00",8.42,8.42,8.42,8.42,8.42,0
"AXL","American Axle & Manufacturing Holdings, Inc. Common Stock","2021-12-20 18:00:00-05:00",8.53,8.53,8.5,8.5,8.5,0
"AXL","American Axle & Manufacturing Holdings, Inc. Common Stock","2021-12-21 04:00:00-05:00",8.42,8.42,8.42,8.42,8.42,0
"AXL","American Axle & Manufacturing Holdings, Inc. Common Stock","2021-12-21 08:00:00-05:00",8.52,8.52,8.52,8.52,8.52,0
"AXL","American Axle & Manufacturing Holdings, Inc. Common Stock","2021-12-21 09:00:00-05:00",8.52,8.52,8.5,8.5,8.5,0
"AXL","American Axle & Manufacturing Holdings, Inc. Common Stock","2021-12-21 09:30:00-05:00",8.505000114440918,8.829999923706055,8.5,8.704999923706055,8.704999923706055,632143
"AXL","American Axle & Manufacturing Holdings, Inc. Common Stock","2021-12-21 10:30:00-05:00",8.6899995803833,8.829999923706055,8.664999961853027,8.8100004196167,8.8100004196167,299184
"AXL","American Axle & Manufacturing Holdings, Inc. Common Stock","2021-12-21 11:30:00-05:00",8.6899995803833,8.865799903869629,8.569999694824219,8.670000076293945,8.670000076293945,506669
"AXL","American Axle & Manufacturing Holdings, Inc. Common Stock","2021-12-21 12:30:00-05:00",8.819999694824219,8.845000267028809,8.569999694824219,8.710100173950195,8.710100173950195,584453
"AXL","American Axle & Manufacturing Holdings, Inc. Common Stock","2021-12-21 13:30:00-05:00",8.710000038146973,8.75,8.670000076293945,8.692700386047363,8.692700386047363,172986
"AXL","American Axle & Manufacturing Holdings, Inc. Common Stock","2021-12-21 14:30:00-05:00",8.699999809265137,8.729999542236328,8.664999961853027,8.694999694824219,8.694999694824219,185069
"AXL","American Axle & Manufacturing Holdings, Inc. Common Stock","2021-12-21 15:30:00-05:00",8.699999809265137,8.729999542236328,8.635000228881836,8.729999542236328,8.729999542236328,436946
"AXL","American Axle & Manufacturing Holdings, Inc. Common Stock","2021-12-21 16:00:00-05:00",8.72,8.72,8.72,8.72,8.72,0
"AXL","American Axle & Manufacturing Holdings, Inc. Common Stock","2021-12-22 09:30:00-05:00",8.699999809265137,8.920000076293945,8.619999885559082,8.869999885559082,8.869999885559082,328984
"AXL","American Axle & Manufacturing Holdings, Inc. Common Stock","2021-12-22 10:30:00-05:00",8.760000228881836,8.920000076293945,8.760000228881836,8.904999732971191,8.904999732971191,263238
"AXL","American Axle & Manufacturing Holdings, Inc. Common Stock","2021-12-22 11:30:00-05:00",8.869999885559082,8.975000381469727,8.869999885559082,8.96500015258789,8.96500015258789,158360
"AXL","American Axle & Manufacturing Holdings, Inc. Common Stock","2021-12-22 12:30:00-05:00",8.925000190734863,9.029999732971191,8.904999732971191,9.0,9.0,163794
"AXL","American Axle & Manufacturing Holdings, Inc. Common Stock","2021-12-22 13:30:00-05:00",9.010000228881836,9.03499984741211,8.9399995803833,8.9399995803833,8.9399995803833,171012
"AXL","American Axle & Manufacturing Holdings, Inc. Common Stock","2021-12-22 14:30:00-05:00",9.024999618530272,9.024999618530272,8.920000076293945,8.949999809265137,8.949999809265137,195392
"AXL","American Axle & Manufacturing Holdings, Inc. Common Stock","2021-12-22 15:30:00-05:00",8.9399995803833,9.020000457763672,8.920000076293945,9.020000457763672,9.020000457763672,492566
"AXL","American Axle & Manufacturing Holdings, Inc. Common Stock","2021-12-22 16:00:00-05:00",9.01,9.01,9.01,9.01,9.01,0
"AXL","American Axle & Manufacturing Holdings, Inc. Common Stock","2021-12-22 17:00:00-05:00",9.09,9.09,9.09,9.09,9.09,0
"AXL","American Axle & Manufacturing Holdings, Inc. Common Stock","2021-12-23 08:00:00-05:00",9.03,9.03,9.01,9.01,9.01,0
"AXL","American Axle & Manufacturing Holdings, Inc. Common Stock","2021-12-23 09:30:00-05:00",9.09000015258789,9.300000190734863,9.020000457763672,9.279999732971191,9.279999732971191,248669
"AXL","American Axle & Manufacturing Holdings, Inc. Common Stock","2021-12-23 10:30:00-05:00",9.18000030517578,9.335000038146973,9.154999732971191,9.30500030517578,9.30500030517578,259143
"AXL","American Axle & Manufacturing Holdings, Inc. Common Stock","2021-12-23 11:30:00-05:00",9.314200401306152,9.364999771118164,9.274999618530272,9.359999656677246,9.359999656677246,189997
"AXL","American Axle & Manufacturing Holdings, Inc. Common Stock","2021-12-23 12:30:00-05:00",9.300000190734863,9.369999885559082,9.295000076293944,9.345000267028809,9.345000267028809,166047
"AXL","American Axle & Manufacturing Holdings, Inc. Common Stock","2021-12-23 13:30:00-05:00",9.34000015258789,9.364999771118164,9.31999969482422,9.329999923706056,9.329999923706056,96547
"AXL","American Axle & Manufacturing Holdings, Inc. Common Stock","2021-12-23 14:30:00-05:00",9.359999656677246,9.359999656677246,9.297499656677246,9.3149995803833,9.3149995803833,98416
"AXL","American Axle & Manufacturing Holdings, Inc. Common Stock","2021-12-23 15:30:00-05:00",9.3149995803833,9.369999885559082,9.289999961853027,9.350000381469728,9.350000381469728,235215
"AXL","American Axle & Manufacturing Holdings, Inc. Common Stock","2021-12-23 16:00:00-05:00",9.34,9.34,9.34,9.34,9.34,114820
"AXL","American Axle & Manufacturing Holdings, Inc. Common Stock","2021-12-27 07:00:00-05:00",9.34,9.34,9.34,9.34,9.34,0
"AXL","American Axle & Manufacturing Holdings, Inc. Common Stock","2021-12-27 09:30:00-05:00",9.300000190734863,9.40999984741211,9.1899995803833,9.380000114440918,9.380000114440918,171892
"AXL","American Axle & Manufacturing Holdings, Inc. Common Stock","2021-12-27 10:30:00-05:00",9.260000228881836,9.470999717712402,9.260000228881836,9.454999923706056,9.454999923706056,120982
"AXL","American Axle & Manufacturing Holdings, Inc. Common Stock","2021-12-27 11:30:00-05:00",9.460000038146973,9.470999717712402,9.420000076293944,9.4399995803833,9.4399995803833,59399
"AXL","American Axle & Manufacturing Holdings, Inc. Common Stock","2021-12-27 12:30:00-05:00",9.449999809265137,9.470000267028809,9.424400329589844,9.460000038146973,9.460000038146973,59241
"AXL","American Axle & Manufacturing Holdings, Inc. Common Stock","2021-12-27 13:30:00-05:00",9.460000038146973,9.484999656677246,9.44499969482422,9.470000267028809,9.470000267028809,59147
"AXL","American Axle & Manufacturing Holdings, Inc. Common Stock","2021-12-27 14:30:00-05:00",9.475000381469728,9.484999656677246,9.449999809265137,9.479999542236328,9.479999542236328,72266
"AXL","American Axle & Manufacturing Holdings, Inc. Common Stock","2021-12-27 15:30:00-05:00",9.475000381469728,9.479999542236328,9.420000076293944,9.460000038146973,9.460000038146973,254373
"AXL","American Axle & Manufacturing Holdings, Inc. Common Stock","2021-12-27 16:00:00-05:00",9.46,9.46,9.46,9.46,9.46,0
"AXL","American Axle & Manufacturing Holdings, Inc. Common Stock","2021-12-28 09:30:00-05:00",9.40999984741211,9.550100326538086,9.359999656677246,9.5,9.5,186883
"AXL","American Axle & Manufacturing Holdings, Inc. Common Stock","2021-12-28 10:30:00-05:00",9.510000228881836,9.550100326538086,9.380000114440918,9.399999618530272,9.399999618530272,113521
"AXL","American Axle & Manufacturing Holdings, Inc. Common Stock","2021-12-28 11:30:00-05:00",9.460000038146973,9.475000381469728,9.380000114440918,9.4399995803833,9.4399995803833,81540
"AXL","American Axle & Manufacturing Holdings, Inc. Common Stock","2021-12-28 12:30:00-05:00",9.460000038146973,9.460000038146973,9.390000343322754,9.4350004196167,9.4350004196167,43816
"AXL","American Axle & Manufacturing Holdings, Inc. Common Stock","2021-12-28 13:30:00-05:00",9.414999961853027,9.470000267028809,9.40999984741211,9.470000267028809,9.470000267028809,49020
"AXL","American Axle & Manufacturing Holdings, Inc. Common Stock","2021-12-28 14:30:00-05:00",9.470000267028809,9.489999771118164,9.40999984741211,9.460000038146973,9.460000038146973,82679
"AXL","American Axle & Manufacturing Holdings, Inc. Common Stock","2021-12-28 15:30:00-05:00",9.4399995803833,9.470000267028809,9.399999618530272,9.43000030517578,9.43000030517578,205421
"AXL","American Axle & Manufacturing Holdings, Inc. Common Stock","2021-12-28 16:00:00-05:00",9.43,9.43,9.42,9.42,9.42,0
"AXL","American Axle & Manufacturing Holdings, Inc. Common Stock","2021-12-28 17:00:00-05:00",9.39,9.39,9.39,9.39,9.39,0
"AXL","American Axle & Manufacturing Holdings, Inc. Common Stock","2021-12-29 09:30:00-05:00",9.4399995803833,9.470000267028809,9.31999969482422,9.350000381469728,9.350000381469728,88616
"AXL","American Axle & Manufacturing Holdings, Inc. Common Stock","2021-12-29 10:30:00-05:00",9.43000030517578,9.4350004196167,9.350000381469728,9.380000114440918,9.380000114440918,95124
"AXL","American Axle & Manufacturing Holdings, Inc. Common Stock","2021-12-29 11:30:00-05:00",9.414999961853027,9.425000190734863,9.329999923706056,9.34000015258789,9.34000015258789,80083
"AXL","American Axle & Manufacturing Holdings, Inc. Common Stock","2021-12-29 12:30:00-05:00",9.354999542236328,9.359999656677246,9.3149995803833,9.335000038146973,9.335000038146973,48755
"AXL","American Axle & Manufacturing Holdings, Inc. Common Stock","2021-12-29 13:30:00-05:00",9.350000381469728,9.364999771118164,9.3149995803833,9.329999923706056,9.329999923706056,141613
"AXL","American Axle & Manufacturing Holdings, Inc. Common Stock","2021-12-29 14:30:00-05:00",9.350000381469728,9.364999771118164,9.279999732971191,9.292699813842772,9.292699813842772,147886
"AXL","American Axle & Manufacturing Holdings, Inc. Common Stock","2021-12-29 15:30:00-05:00",9.31999969482422,9.31999969482422,9.260000228881836,9.260000228881836,9.260000228881836,313087
"AXL","American Axle & Manufacturing Holdings, Inc. Common Stock","2021-12-29 16:00:00-05:00",9.27,9.27,9.26,9.26,9.26,0
"AXL","American Axle & Manufacturing Holdings, Inc. Common Stock","2021-12-29 17:00:00-05:00",9.26,9.26,9.26,9.26,9.26,0
"AXL","American Axle & Manufacturing Holdings, Inc. Common Stock","2021-12-29 18:00:00-05:00",9.14,9.14,9.14,9.14,9.14,0
"AXL","American Axle & Manufacturing Holdings, Inc. Common Stock","2021-12-30 09:30:00-05:00",9.279999732971191,9.44499969482422,9.255000114440918,9.399999618530272,9.399999618530272,243117
"AXL","American Axle & Manufacturing Holdings, Inc. Common Stock","2021-12-30 10:30:00-05:00",9.395000457763672,9.44499969482422,9.354999542236328,9.364999771118164,9.364999771118164,117236
"AXL","American Axle & Manufacturing Holdings, Inc. Common Stock","2021-12-30 11:30:00-05:00",9.390000343322754,9.40999984741211,9.34000015258789,9.345000267028809,9.345000267028809,108434
"AXL","American Axle & Manufacturing Holdings, Inc. Common Stock","2021-12-30 12:30:00-05:00",9.40030002593994,9.404999732971191,9.335000038146973,9.354999542236328,9.354999542236328,71202
"AXL","American Axle & Manufacturing Holdings, Inc. Common Stock","2021-12-30 13:30:00-05:00",9.380000114440918,9.390000343322754,9.31999969482422,9.335000038146973,9.335000038146973,65569
"AXL","American Axle & Manufacturing Holdings, Inc. Common Stock","2021-12-30 14:30:00-05:00",9.34000015258789,9.364999771118164,9.25,9.255000114440918,9.255000114440918,165061
"AXL","American Axle & Manufacturing Holdings, Inc. Common Stock","2021-12-30 15:30:00-05:00",9.295000076293944,9.300000190734863,9.210000038146973,9.225000381469728,9.225000381469728,419835
"AXL","American Axle & Manufacturing Holdings, Inc. Common Stock","2021-12-30 16:00:00-05:00",9.22,9.2299,9.22,9.2299,9.2299,0
"AXL","American Axle & Manufacturing Holdings, Inc. Common Stock","2021-12-30 17:00:00-05:00",9.2299,9.2299,9.2299,9.2299,9.2299,0
