"ticker","name","date","open","high","low","close","adjusted close","volume"
"CAN","Canaan Inc. - American Depositary Shares","2021-01-04 04:00:00-05:00",6.26,7.9,6.26,7.79,7.79,0
"CAN","Canaan Inc. - American Depositary Shares","2021-01-04 05:00:00-05:00",7.8,7.8,7.1,7.2,7.2,0
"CAN","Canaan Inc. - American Depositary Shares","2021-01-04 06:00:00-05:00",7.21,7.21,6.5,6.95,6.95,0
"CAN","Canaan Inc. - American Depositary Shares","2021-01-04 07:00:00-05:00",6.98,7.5,6.97,7.32,7.32,0
"CAN","Canaan Inc. - American Depositary Shares","2021-01-04 08:00:00-05:00",7.3,7.47,7.01,7.25,7.25,0
"CAN","Canaan Inc. - American Depositary Shares","2021-01-04 09:00:00-05:00",7.25,7.43,7.05,7.06,7.06,0
"CAN","Canaan Inc. - American Depositary Shares","2021-01-04 09:30:00-05:00",6.889999866485596,7.349999904632568,6.320000171661377,6.590000152587891,6.590000152587891,19951819
"CAN","Canaan Inc. - American Depositary Shares","2021-01-04 10:30:00-05:00",6.590000152587891,6.809999942779541,6.170000076293945,6.460000038146973,6.460000038146973,6162847
"CAN","Canaan Inc. - American Depositary Shares","2021-01-04 11:30:00-05:00",6.459499835968018,6.590000152587891,6.210000038146973,6.275000095367432,6.275000095367432,2515029
"CAN","Canaan Inc. - American Depositary Shares","2021-01-04 12:30:00-05:00",6.273399829864502,6.46999979019165,6.199999809265137,6.420000076293945,6.420000076293945,1500722
"CAN","Canaan Inc. - American Depositary Shares","2021-01-04 13:30:00-05:00",6.429900169372559,6.679800033569336,6.420000076293945,6.51200008392334,6.51200008392334,1451092
"CAN","Canaan Inc. - American Depositary Shares","2021-01-04 14:30:00-05:00",6.519999980926514,6.739999771118164,6.449999809265137,6.699999809265137,6.699999809265137,1839257
"CAN","Canaan Inc. - American Depositary Shares","2021-01-04 15:30:00-05:00",6.699999809265137,6.71999979019165,6.53000020980835,6.659999847412109,6.659999847412109,1825411
"CAN","Canaan Inc. - American Depositary Shares","2021-01-04 16:00:00-05:00",6.68,6.83,6.64,6.75,6.75,0
"CAN","Canaan Inc. - American Depositary Shares","2021-01-04 17:00:00-05:00",6.75,6.85,6.75,6.85,6.85,0
"CAN","Canaan Inc. - American Depositary Shares","2021-01-04 18:00:00-05:00",6.85,6.85,6.73,6.75,6.75,0
"CAN","Canaan Inc. - American Depositary Shares","2021-01-05 04:00:00-05:00",6.85,6.85,6.4,6.65,6.65,0
"CAN","Canaan Inc. - American Depositary Shares","2021-01-05 05:00:00-05:00",6.64,6.84,6.55,6.84,6.84,0
"CAN","Canaan Inc. - American Depositary Shares","2021-01-05 06:00:00-05:00",6.84,6.9,6.62,6.67,6.67,0
"CAN","Canaan Inc. - American Depositary Shares","2021-01-05 07:00:00-05:00",6.68,6.72,6.4,6.5,6.5,0
"CAN","Canaan Inc. - American Depositary Shares","2021-01-05 08:00:00-05:00",6.5,6.6,6.2,6.2,6.2,0
"CAN","Canaan Inc. - American Depositary Shares","2021-01-05 09:00:00-05:00",6.2102,6.41,6.06,6.12,6.12,0
"CAN","Canaan Inc. - American Depositary Shares","2021-01-05 09:30:00-05:00",6.070000171661377,6.329999923706055,5.699999809265137,6.069900035858154,6.069900035858154,5947541
"CAN","Canaan Inc. - American Depositary Shares","2021-01-05 10:30:00-05:00",6.068900108337402,6.099999904632568,5.599999904632568,5.75,5.75,3486432
"CAN","Canaan Inc. - American Depositary Shares","2021-01-05 11:30:00-05:00",5.741000175476074,5.929999828338623,5.670000076293945,5.900100231170654,5.900100231170654,1544504
"CAN","Canaan Inc. - American Depositary Shares","2021-01-05 12:30:00-05:00",5.900000095367432,6.190000057220459,5.889999866485596,6.087299823760986,6.087299823760986,2216172
"CAN","Canaan Inc. - American Depositary Shares","2021-01-05 13:30:00-05:00",6.081900119781494,6.130000114440918,5.96999979019165,6.038700103759766,6.038700103759766,1039827
"CAN","Canaan Inc. - American Depositary Shares","2021-01-05 14:30:00-05:00",6.034999847412109,6.489999771118164,6.03000020980835,6.329999923706055,6.329999923706055,5277261
"CAN","Canaan Inc. - American Depositary Shares","2021-01-05 15:30:00-05:00",6.324999809265137,6.340000152587891,6.199999809265137,6.324999809265137,6.324999809265137,1287722
"CAN","Canaan Inc. - American Depositary Shares","2021-01-05 16:00:00-05:00",6.34,6.35,6.23,6.28,6.28,0
"CAN","Canaan Inc. - American Depositary Shares","2021-01-05 17:00:00-05:00",6.26,6.34,6.21,6.31,6.31,0
"CAN","Canaan Inc. - American Depositary Shares","2021-01-05 18:00:00-05:00",6.31,6.31,6.25,6.25,6.25,0
"CAN","Canaan Inc. - American Depositary Shares","2021-01-06 04:00:00-05:00",6.62,6.88,6.5,6.54,6.54,0
"CAN","Canaan Inc. - American Depositary Shares","2021-01-06 05:00:00-05:00",6.53,6.6,6.38,6.6,6.6,0
"CAN","Canaan Inc. - American Depositary Shares","2021-01-06 06:00:00-05:00",6.65,6.7,6.44,6.66,6.66,0
"CAN","Canaan Inc. - American Depositary Shares","2021-01-06 07:00:00-05:00",6.65,6.68,6.5,6.59,6.59,0
"CAN","Canaan Inc. - American Depositary Shares","2021-01-06 08:00:00-05:00",6.6,6.72,6.46,6.53,6.53,0
"CAN","Canaan Inc. - American Depositary Shares","2021-01-06 09:00:00-05:00",6.51,6.53,6.28,6.34,6.34,0
"CAN","Canaan Inc. - American Depositary Shares","2021-01-06 09:30:00-05:00",6.35260009765625,6.940000057220459,6.099999904632568,6.739999771118164,6.739999771118164,6138258
"CAN","Canaan Inc. - American Depositary Shares","2021-01-06 10:30:00-05:00",6.744999885559082,6.880000114440918,6.40500020980835,6.605000019073486,6.605000019073486,2644910
"CAN","Canaan Inc. - American Depositary Shares","2021-01-06 11:30:00-05:00",6.599999904632568,6.680099964141846,6.480000019073486,6.530399799346924,6.530399799346924,1187525
"CAN","Canaan Inc. - American Depositary Shares","2021-01-06 12:30:00-05:00",6.538899898529053,6.579999923706055,6.380000114440918,6.400000095367432,6.400000095367432,1013316
"CAN","Canaan Inc. - American Depositary Shares","2021-01-06 13:30:00-05:00",6.394999980926514,6.539999961853027,6.349999904632568,6.354100227355957,6.354100227355957,1490549
"CAN","Canaan Inc. - American Depositary Shares","2021-01-06 14:30:00-05:00",6.350100040435791,6.369999885559082,5.940000057220459,6.043000221252441,6.043000221252441,2618627
"CAN","Canaan Inc. - American Depositary Shares","2021-01-06 15:30:00-05:00",6.045000076293945,6.230000019073486,6.010000228881836,6.21999979019165,6.21999979019165,1281719
"CAN","Canaan Inc. - American Depositary Shares","2021-01-06 16:00:00-05:00",6.23,6.62,6.18,6.35,6.35,0
"CAN","Canaan Inc. - American Depositary Shares","2021-01-06 17:00:00-05:00",6.4,6.53,6.29,6.35,6.35,0
"CAN","Canaan Inc. - American Depositary Shares","2021-01-06 18:00:00-05:00",6.45,6.54,6.41,6.46,6.46,0
"CAN","Canaan Inc. - American Depositary Shares","2021-01-07 04:00:00-05:00",6.7,6.7,6.5,6.5,6.5,0
"CAN","Canaan Inc. - American Depositary Shares","2021-01-07 05:00:00-05:00",6.51,6.6,6.5,6.55,6.55,0
"CAN","Canaan Inc. - American Depositary Shares","2021-01-07 06:00:00-05:00",6.58,6.75,6.58,6.64,6.64,0
"CAN","Canaan Inc. - American Depositary Shares","2021-01-07 07:00:00-05:00",6.68,6.71,6.6,6.62,6.62,0
"CAN","Canaan Inc. - American Depositary Shares","2021-01-07 08:00:00-05:00",6.61,6.77,6.57,6.74,6.74,0
"CAN","Canaan Inc. - American Depositary Shares","2021-01-07 09:00:00-05:00",6.74,6.93,6.5,6.51,6.51,0
"CAN","Canaan Inc. - American Depositary Shares","2021-01-07 09:30:00-05:00",6.520299911499023,6.900000095367432,6.510000228881836,6.78000020980835,6.78000020980835,6129595
"CAN","Canaan Inc. - American Depositary Shares","2021-01-07 10:30:00-05:00",6.775000095367432,7.065000057220459,6.630499839782715,7.041200160980225,7.041200160980225,5757504
"CAN","Canaan Inc. - American Depositary Shares","2021-01-07 11:30:00-05:00",7.045400142669678,7.190000057220459,6.820000171661377,7.029300212860107,7.029300212860107,4494332
"CAN","Canaan Inc. - American Depositary Shares","2021-01-07 12:30:00-05:00",7.03000020980835,7.128900051116943,6.610000133514404,6.670000076293945,6.670000076293945,3141336
"CAN","Canaan Inc. - American Depositary Shares","2021-01-07 13:30:00-05:00",6.673799991607666,6.735199928283691,6.340000152587891,6.510000228881836,6.510000228881836,3423145
"CAN","Canaan Inc. - American Depositary Shares","2021-01-07 14:30:00-05:00",6.505000114440918,6.630000114440918,6.489999771118164,6.554999828338623,6.554999828338623,1326745
"CAN","Canaan Inc. - American Depositary Shares","2021-01-07 15:30:00-05:00",6.558700084686279,6.590000152587891,6.451099872589111,6.488999843597412,6.488999843597412,1107724
"CAN","Canaan Inc. - American Depositary Shares","2021-01-07 16:00:00-05:00",6.5,6.63,6.45,6.6,6.6,0
"CAN","Canaan Inc. - American Depositary Shares","2021-01-07 17:00:00-05:00",6.6,6.75,6.6,6.68,6.68,0
"CAN","Canaan Inc. - American Depositary Shares","2021-01-07 18:00:00-05:00",6.72,6.75,6.55,6.6,6.6,0
"CAN","Canaan Inc. - American Depositary Shares","2021-01-08 04:00:00-05:00",6.53,6.68,6.51,6.61,6.61,0
"CAN","Canaan Inc. - American Depositary Shares","2021-01-08 05:00:00-05:00",6.61,6.89,6.55,6.84,6.84,0
"CAN","Canaan Inc. - American Depositary Shares","2021-01-08 06:00:00-05:00",6.84,7.05,6.84,7.04,7.04,0
"CAN","Canaan Inc. - American Depositary Shares","2021-01-08 07:00:00-05:00",7.05,7.09,6.82,6.99,6.99,0
"CAN","Canaan Inc. - American Depositary Shares","2021-01-08 08:00:00-05:00",7.03,7.09,6.81,6.85,6.85,0
"CAN","Canaan Inc. - American Depositary Shares","2021-01-08 09:00:00-05:00",6.85,6.96,6.8,6.87,6.87,0
"CAN","Canaan Inc. - American Depositary Shares","2021-01-08 09:30:00-05:00",6.840000152587891,6.840000152587891,5.909999847412109,5.989999771118164,5.989999771118164,7759233
"CAN","Canaan Inc. - American Depositary Shares","2021-01-08 10:30:00-05:00",5.986100196838379,6.349999904632568,5.960000038146973,6.259799957275391,6.259799957275391,2855117
"CAN","Canaan Inc. - American Depositary Shares","2021-01-08 11:30:00-05:00",6.260000228881836,6.460000038146973,6.21999979019165,6.25,6.25,1649583
"CAN","Canaan Inc. - American Depositary Shares","2021-01-08 12:30:00-05:00",6.248899936676025,6.300000190734863,6.050000190734863,6.101099967956543,6.101099967956543,1112904
"CAN","Canaan Inc. - American Depositary Shares","2021-01-08 13:30:00-05:00",6.100100040435791,6.175000190734863,5.920000076293945,6.139999866485596,6.139999866485596,1431059
"CAN","Canaan Inc. - American Depositary Shares","2021-01-08 14:30:00-05:00",6.144999980926514,6.199999809265137,6.059999942779541,6.119999885559082,6.119999885559082,815179
"CAN","Canaan Inc. - American Depositary Shares","2021-01-08 15:30:00-05:00",6.125,6.269999980926514,6.090000152587891,6.239999771118164,6.239999771118164,1210241
"CAN","Canaan Inc. - American Depositary Shares","2021-01-08 16:00:00-05:00",6.25,6.25,6.11,6.2,6.2,0
"CAN","Canaan Inc. - American Depositary Shares","2021-01-08 17:00:00-05:00",6.18,6.26,6.14,6.21,6.21,0
"CAN","Canaan Inc. - American Depositary Shares","2021-01-08 18:00:00-05:00",6.26,6.29,6.26,6.28,6.28,0
"CAN","Canaan Inc. - American Depositary Shares","2021-01-11 04:00:00-05:00",5.99,5.99,5.3,5.4,5.4,0
"CAN","Canaan Inc. - American Depositary Shares","2021-01-11 05:00:00-05:00",5.4,5.64,5.38,5.6,5.6,0
"CAN","Canaan Inc. - American Depositary Shares","2021-01-11 06:00:00-05:00",5.6,5.6,5.53,5.59,5.59,0
"CAN","Canaan Inc. - American Depositary Shares","2021-01-11 07:00:00-05:00",5.6,5.66,5.5,5.62,5.62,0
"CAN","Canaan Inc. - American Depositary Shares","2021-01-11 08:00:00-05:00",5.62,5.69,5.5,5.6,5.6,0
"CAN","Canaan Inc. - American Depositary Shares","2021-01-11 09:00:00-05:00",5.62,5.62,5.45,5.48,5.48,0
"CAN","Canaan Inc. - American Depositary Shares","2021-01-11 09:30:00-05:00",5.46999979019165,5.840000152587891,5.349999904632568,5.664999961853027,5.664999961853027,5185468
"CAN","Canaan Inc. - American Depositary Shares","2021-01-11 10:30:00-05:00",5.660099983215332,5.71999979019165,5.550000190734863,5.65500020980835,5.65500020980835,1200501
"CAN","Canaan Inc. - American Depositary Shares","2021-01-11 11:30:00-05:00",5.658100128173828,5.659999847412109,5.529900074005127,5.630000114440918,5.630000114440918,864461
"CAN","Canaan Inc. - American Depositary Shares","2021-01-11 12:30:00-05:00",5.639999866485596,5.730000019073486,5.599999904632568,5.600100040435791,5.600100040435791,729653
"CAN","Canaan Inc. - American Depositary Shares","2021-01-11 13:30:00-05:00",5.599999904632568,5.639999866485596,5.519999980926514,5.534999847412109,5.534999847412109,601778
"CAN","Canaan Inc. - American Depositary Shares","2021-01-11 14:30:00-05:00",5.534900188446045,5.559999942779541,5.449999809265137,5.454999923706055,5.454999923706055,816825
"CAN","Canaan Inc. - American Depositary Shares","2021-01-11 15:30:00-05:00",5.449999809265137,5.53000020980835,5.449999809265137,5.519999980926514,5.519999980926514,535872
"CAN","Canaan Inc. - American Depositary Shares","2021-01-11 16:00:00-05:00",5.52,5.65,5.52,5.61,5.61,0
"CAN","Canaan Inc. - American Depositary Shares","2021-01-11 17:00:00-05:00",5.6,5.6699,5.53,5.6699,5.6699,0
"CAN","Canaan Inc. - American Depositary Shares","2021-01-11 18:00:00-05:00",5.63,5.66,5.5601,5.64,5.64,0
"CAN","Canaan Inc. - American Depositary Shares","2021-01-12 04:00:00-05:00",5.52,5.8,5.52,5.73,5.73,0
"CAN","Canaan Inc. - American Depositary Shares","2021-01-12 05:00:00-05:00",5.77,5.78,5.67,5.67,5.67,0
"CAN","Canaan Inc. - American Depositary Shares","2021-01-12 06:00:00-05:00",5.67,5.67,5.32,5.6,5.6,0
"CAN","Canaan Inc. - American Depositary Shares","2021-01-12 07:00:00-05:00",5.58,5.62,5.55,5.61,5.61,0
"CAN","Canaan Inc. - American Depositary Shares","2021-01-12 08:00:00-05:00",5.61,5.69,5.59,5.65,5.65,0
"CAN","Canaan Inc. - American Depositary Shares","2021-01-12 09:00:00-05:00",5.67,5.67,5.43,5.46,5.46,0
"CAN","Canaan Inc. - American Depositary Shares","2021-01-12 09:30:00-05:00",5.559999942779541,5.71999979019165,5.449999809265137,5.670000076293945,5.670000076293945,2012707
"CAN","Canaan Inc. - American Depositary Shares","2021-01-12 10:30:00-05:00",5.661200046539307,5.795000076293945,5.599999904632568,5.690000057220459,5.690000057220459,848938
"CAN","Canaan Inc. - American Depositary Shares","2021-01-12 11:30:00-05:00",5.679999828338623,5.75,5.550000190734863,5.565000057220459,5.565000057220459,827456
"CAN","Canaan Inc. - American Depositary Shares","2021-01-12 12:30:00-05:00",5.564000129699707,5.614999771118164,5.460000038146973,5.485000133514404,5.485000133514404,1162095
"CAN","Canaan Inc. - American Depositary Shares","2021-01-12 13:30:00-05:00",5.489999771118164,5.699999809265137,5.489999771118164,5.630000114440918,5.630000114440918,596652
"CAN","Canaan Inc. - American Depositary Shares","2021-01-12 14:30:00-05:00",5.631100177764893,5.71999979019165,5.630000114440918,5.636899948120117,5.636899948120117,480878
"CAN","Canaan Inc. - American Depositary Shares","2021-01-12 15:30:00-05:00",5.635000228881836,5.670000076293945,5.610000133514404,5.639999866485596,5.639999866485596,466413
"CAN","Canaan Inc. - American Depositary Shares","2021-01-12 16:00:00-05:00",5.65,5.66,5.6,5.65,5.65,0
"CAN","Canaan Inc. - American Depositary Shares","2021-01-12 17:00:00-05:00",5.62,5.66,5.6,5.6,5.6,0
"CAN","Canaan Inc. - American Depositary Shares","2021-01-12 18:00:00-05:00",5.57,5.63,5.54,5.55,5.55,0
"CAN","Canaan Inc. - American Depositary Shares","2021-01-13 04:00:00-05:00",5.45,5.6,5.45,5.6,5.6,0
"CAN","Canaan Inc. - American Depositary Shares","2021-01-13 05:00:00-05:00",5.55,5.6,5.55,5.55,5.55,0
"CAN","Canaan Inc. - American Depositary Shares","2021-01-13 06:00:00-05:00",5.55,5.6,5.55,5.6,5.6,0
"CAN","Canaan Inc. - American Depositary Shares","2021-01-13 07:00:00-05:00",5.58,5.58,5.55,5.55,5.55,0
"CAN","Canaan Inc. - American Depositary Shares","2021-01-13 08:00:00-05:00",5.56,5.61,5.51,5.51,5.51,0
"CAN","Canaan Inc. - American Depositary Shares","2021-01-13 09:00:00-05:00",5.51,5.63,5.51,5.63,5.63,0
"CAN","Canaan Inc. - American Depositary Shares","2021-01-13 09:30:00-05:00",5.619999885559082,5.619999885559082,5.050000190734863,5.178100109100342,5.178100109100342,3153618
"CAN","Canaan Inc. - American Depositary Shares","2021-01-13 10:30:00-05:00",5.177000045776367,5.230000019073486,5.079999923706055,5.107200145721436,5.107200145721436,1120332
"CAN","Canaan Inc. - American Depositary Shares","2021-01-13 11:30:00-05:00",5.105000019073486,5.119999885559082,5.050000190734863,5.058899879455566,5.058899879455566,1038838
"CAN","Canaan Inc. - American Depositary Shares","2021-01-13 12:30:00-05:00",5.059999942779541,5.099999904632568,5.03000020980835,5.045000076293945,5.045000076293945,857823
"CAN","Canaan Inc. - American Depositary Shares","2021-01-13 13:30:00-05:00",5.041100025177002,5.25,5.039999961853027,5.204999923706055,5.204999923706055,1153612
"CAN","Canaan Inc. - American Depositary Shares","2021-01-13 14:30:00-05:00",5.210000038146973,5.269999980926514,5.199999809265137,5.210000038146973,5.210000038146973,496485
"CAN","Canaan Inc. - American Depositary Shares","2021-01-13 15:30:00-05:00",5.210000038146973,5.269999980926514,5.199999809265137,5.230100154876709,5.230100154876709,384266
"CAN","Canaan Inc. - American Depositary Shares","2021-01-13 16:00:00-05:00",5.24,5.26,5.21,5.21,5.21,0
"CAN","Canaan Inc. - American Depositary Shares","2021-01-13 17:00:00-05:00",5.25,5.36,5.24,5.34,5.34,0
"CAN","Canaan Inc. - American Depositary Shares","2021-01-13 18:00:00-05:00",5.3,5.45,5.3,5.34,5.34,0
"CAN","Canaan Inc. - American Depositary Shares","2021-01-14 04:00:00-05:00",5.6,5.65,5.5,5.51,5.51,0
"CAN","Canaan Inc. - American Depositary Shares","2021-01-14 05:00:00-05:00",5.51,5.57,5.39,5.52,5.52,0
"CAN","Canaan Inc. - American Depositary Shares","2021-01-14 06:00:00-05:00",5.5,5.5,5.41,5.44,5.44,0
"CAN","Canaan Inc. - American Depositary Shares","2021-01-14 07:00:00-05:00",5.5,5.57,5.49,5.53,5.53,0
"CAN","Canaan Inc. - American Depositary Shares","2021-01-14 08:00:00-05:00",5.53,5.56,5.41,5.4799,5.4799,0
"CAN","Canaan Inc. - American Depositary Shares","2021-01-14 09:00:00-05:00",5.48,5.6,5.46,5.54,5.54,0
"CAN","Canaan Inc. - American Depositary Shares","2021-01-14 09:30:00-05:00",5.5,5.650000095367432,5.5,5.559999942779541,5.559999942779541,2399249
"CAN","Canaan Inc. - American Depositary Shares","2021-01-14 10:30:00-05:00",5.554999828338623,5.578400135040283,5.300000190734863,5.414999961853027,5.414999961853027,1541333
"CAN","Canaan Inc. - American Depositary Shares","2021-01-14 11:30:00-05:00",5.418900012969971,5.5,5.400000095367432,5.40500020980835,5.40500020980835,652424
"CAN","Canaan Inc. - American Depositary Shares","2021-01-14 12:30:00-05:00",5.40500020980835,5.409900188446045,5.260000228881836,5.275000095367432,5.275000095367432,696924
"CAN","Canaan Inc. - American Depositary Shares","2021-01-14 13:30:00-05:00",5.276800155639648,5.320000171661377,5.21999979019165,5.300099849700928,5.300099849700928,753815
"CAN","Canaan Inc. - American Depositary Shares","2021-01-14 14:30:00-05:00",5.304999828338623,5.320000171661377,5.281099796295166,5.292699813842773,5.292699813842773,694465
"CAN","Canaan Inc. - American Depositary Shares","2021-01-14 15:30:00-05:00",5.299900054931641,5.300000190734863,5.239999771118164,5.269999980926514,5.269999980926514,439343
"CAN","Canaan Inc. - American Depositary Shares","2021-01-14 16:00:00-05:00",5.28,5.35,5.25,5.29,5.29,0
"CAN","Canaan Inc. - American Depositary Shares","2021-01-14 17:00:00-05:00",5.32,5.33,5.25,5.29,5.29,0
"CAN","Canaan Inc. - American Depositary Shares","2021-01-14 18:00:00-05:00",5.29,5.32,5.27,5.3,5.3,0
"CAN","Canaan Inc. - American Depositary Shares","2021-01-15 04:00:00-05:00",5.28,5.28,5.23,5.23,5.23,0
"CAN","Canaan Inc. - American Depositary Shares","2021-01-15 05:00:00-05:00",5.25,5.25,5.2,5.24,5.24,0
"CAN","Canaan Inc. - American Depositary Shares","2021-01-15 06:00:00-05:00",5.25,5.33,5.25,5.33,5.33,0
"CAN","Canaan Inc. - American Depositary Shares","2021-01-15 07:00:00-05:00",5.28,5.28,5.23,5.25,5.25,0
"CAN","Canaan Inc. - American Depositary Shares","2021-01-15 08:00:00-05:00",5.24,5.3,5.19,5.1998,5.1998,0
"CAN","Canaan Inc. - American Depositary Shares","2021-01-15 09:00:00-05:00",5.2,5.2,5.06,5.14,5.14,0
"CAN","Canaan Inc. - American Depositary Shares","2021-01-15 09:30:00-05:00",5.110000133514404,5.260000228881836,5.03000020980835,5.114999771118164,5.114999771118164,2019457
"CAN","Canaan Inc. - American Depositary Shares","2021-01-15 10:30:00-05:00",5.110000133514404,5.139999866485596,4.920000076293945,4.949999809265137,4.949999809265137,1622114
"CAN","Canaan Inc. - American Depositary Shares","2021-01-15 11:30:00-05:00",4.945700168609619,5.09499979019165,4.840000152587891,5.078999996185303,5.078999996185303,1182638
"CAN","Canaan Inc. - American Depositary Shares","2021-01-15 12:30:00-05:00",5.070000171661377,5.114999771118164,4.974999904632568,4.985000133514404,4.985000133514404,406001
"CAN","Canaan Inc. - American Depositary Shares","2021-01-15 13:30:00-05:00",4.985000133514404,5.0,4.889999866485596,4.911099910736084,4.911099910736084,519707
"CAN","Canaan Inc. - American Depositary Shares","2021-01-15 14:30:00-05:00",4.918900012969971,4.918900012969971,4.769999980926514,4.829999923706055,4.829999923706055,846678
"CAN","Canaan Inc. - American Depositary Shares","2021-01-15 15:30:00-05:00",4.829999923706055,4.857699871063232,4.780099868774414,4.848899841308594,4.848899841308594,630594
"CAN","Canaan Inc. - American Depositary Shares","2021-01-15 16:00:00-05:00",4.85,5.0,4.84,4.86,4.86,0
"CAN","Canaan Inc. - American Depositary Shares","2021-01-15 17:00:00-05:00",4.87,4.9498,4.83,4.86,4.86,0
"CAN","Canaan Inc. - American Depositary Shares","2021-01-15 18:00:00-05:00",4.85,4.94,4.85,4.94,4.94,0
"CAN","Canaan Inc. - American Depositary Shares","2021-01-19 04:00:00-05:00",4.95,5.19,4.95,5.19,5.19,0
"CAN","Canaan Inc. - American Depositary Shares","2021-01-19 05:00:00-05:00",5.03,5.12,5.03,5.1,5.1,0
"CAN","Canaan Inc. - American Depositary Shares","2021-01-19 06:00:00-05:00",5.08,5.12,5.08,5.08,5.08,0
"CAN","Canaan Inc. - American Depositary Shares","2021-01-19 07:00:00-05:00",5.1,5.11,5.04,5.05,5.05,0
"CAN","Canaan Inc. - American Depositary Shares","2021-01-19 08:00:00-05:00",5.03,5.11,5.02,5.06,5.06,0
"CAN","Canaan Inc. - American Depositary Shares","2021-01-19 09:00:00-05:00",5.06,5.14,5.05,5.06,5.06,0
"CAN","Canaan Inc. - American Depositary Shares","2021-01-19 09:30:00-05:00",5.048900127410889,5.130000114440918,4.940000057220459,5.034999847412109,5.034999847412109,2265154
"CAN","Canaan Inc. - American Depositary Shares","2021-01-19 10:30:00-05:00",5.038899898529053,5.045000076293945,4.989999771118164,5.033299922943115,5.033299922943115,637714
"CAN","Canaan Inc. - American Depositary Shares","2021-01-19 11:30:00-05:00",5.039999961853027,5.09499979019165,4.96999979019165,4.989999771118164,4.989999771118164,819120
"CAN","Canaan Inc. - American Depositary Shares","2021-01-19 12:30:00-05:00",4.999100208282471,5.0,4.920000076293945,4.949900150299072,4.949900150299072,548186
"CAN","Canaan Inc. - American Depositary Shares","2021-01-19 13:30:00-05:00",4.949999809265137,4.949999809265137,4.860000133514404,4.889999866485596,4.889999866485596,586311
"CAN","Canaan Inc. - American Depositary Shares","2021-01-19 14:30:00-05:00",4.894999980926514,4.909999847412109,4.849999904632568,4.860000133514404,4.860000133514404,333629
"CAN","Canaan Inc. - American Depositary Shares","2021-01-19 15:30:00-05:00",4.864999771118164,4.929999828338623,4.835000038146973,4.928800106048584,4.928800106048584,523211
"CAN","Canaan Inc. - American Depositary Shares","2021-01-19 16:00:00-05:00",4.93,4.9402,4.88,4.93,4.93,0
"CAN","Canaan Inc. - American Depositary Shares","2021-01-19 17:00:00-05:00",4.895,4.92,4.88,4.91,4.91,0
"CAN","Canaan Inc. - American Depositary Shares","2021-01-19 18:00:00-05:00",4.91,4.92,4.88,4.89,4.89,0
"CAN","Canaan Inc. - American Depositary Shares","2021-01-20 04:00:00-05:00",4.93,4.93,4.93,4.93,4.93,0
"CAN","Canaan Inc. - American Depositary Shares","2021-01-20 05:00:00-05:00",4.91,4.93,4.77,4.8,4.8,0
"CAN","Canaan Inc. - American Depositary Shares","2021-01-20 06:00:00-05:00",4.81,4.9,4.77,4.85,4.85,0
"CAN","Canaan Inc. - American Depositary Shares","2021-01-20 07:00:00-05:00",4.81,4.83,4.77,4.8,4.8,0
"CAN","Canaan Inc. - American Depositary Shares","2021-01-20 08:00:00-05:00",4.82,4.87,4.77,4.86,4.86,0
"CAN","Canaan Inc. - American Depositary Shares","2021-01-20 09:00:00-05:00",4.85,4.9101,4.76,4.88,4.88,0
"CAN","Canaan Inc. - American Depositary Shares","2021-01-20 09:30:00-05:00",4.869999885559082,5.121500015258789,4.849999904632568,4.90500020980835,4.90500020980835,1385313
"CAN","Canaan Inc. - American Depositary Shares","2021-01-20 10:30:00-05:00",4.909999847412109,4.954999923706055,4.635000228881836,4.768899917602539,4.768899917602539,1519726
"CAN","Canaan Inc. - American Depositary Shares","2021-01-20 11:30:00-05:00",4.764999866485596,4.900000095367432,4.730000019073486,4.880000114440918,4.880000114440918,738816
"CAN","Canaan Inc. - American Depositary Shares","2021-01-20 12:30:00-05:00",4.879899978637695,5.019999980926514,4.864999771118164,4.989999771118164,4.989999771118164,803768
"CAN","Canaan Inc. - American Depositary Shares","2021-01-20 13:30:00-05:00",4.989999771118164,5.010000228881836,4.940000057220459,5.0,5.0,552262
"CAN","Canaan Inc. - American Depositary Shares","2021-01-20 14:30:00-05:00",4.989999771118164,5.019999980926514,4.960000038146973,4.989999771118164,4.989999771118164,547104
"CAN","Canaan Inc. - American Depositary Shares","2021-01-20 15:30:00-05:00",4.988900184631348,4.994999885559082,4.911799907684326,4.911799907684326,4.911799907684326,346697
"CAN","Canaan Inc. - American Depositary Shares","2021-01-20 16:00:00-05:00",4.94,4.94,4.9,4.9,4.9,0
"CAN","Canaan Inc. - American Depositary Shares","2021-01-20 17:00:00-05:00",4.91,4.94,4.9,4.9,4.9,0
"CAN","Canaan Inc. - American Depositary Shares","2021-01-20 18:00:00-05:00",4.9,4.93,4.8,4.93,4.93,0
"CAN","Canaan Inc. - American Depositary Shares","2021-01-21 04:00:00-05:00",4.85,4.85,4.76,4.83,4.83,0
"CAN","Canaan Inc. - American Depositary Shares","2021-01-21 05:00:00-05:00",4.83,4.84,4.8,4.8,4.8,0
"CAN","Canaan Inc. - American Depositary Shares","2021-01-21 06:00:00-05:00",4.84,4.94,4.79,4.92,4.92,0
"CAN","Canaan Inc. - American Depositary Shares","2021-01-21 07:00:00-05:00",4.85,4.9,4.8,4.8,4.8,0
"CAN","Canaan Inc. - American Depositary Shares","2021-01-21 08:00:00-05:00",4.82,4.8801,4.78,4.82,4.82,0
"CAN","Canaan Inc. - American Depositary Shares","2021-01-21 09:00:00-05:00",4.82,4.86,4.68,4.7,4.7,0
"CAN","Canaan Inc. - American Depositary Shares","2021-01-21 09:30:00-05:00",4.690000057220459,4.760000228881836,4.545000076293945,4.65500020980835,4.65500020980835,2327266
"CAN","Canaan Inc. - American Depositary Shares","2021-01-21 10:30:00-05:00",4.650000095367432,4.71999979019165,4.565000057220459,4.690000057220459,4.690000057220459,1073531
"CAN","Canaan Inc. - American Depositary Shares","2021-01-21 11:30:00-05:00",4.681000232696533,4.688899993896484,4.570000171661377,4.605000019073486,4.605000019073486,833265
"CAN","Canaan Inc. - American Depositary Shares","2021-01-21 12:30:00-05:00",4.605000019073486,4.639999866485596,4.579999923706055,4.590000152587891,4.590000152587891,449515
"CAN","Canaan Inc. - American Depositary Shares","2021-01-21 13:30:00-05:00",4.599899768829346,4.760000228881836,4.590000152587891,4.724999904632568,4.724999904632568,684225
"CAN","Canaan Inc. - American Depositary Shares","2021-01-21 14:30:00-05:00",4.721099853515625,4.789999961853027,4.71999979019165,4.764999866485596,4.764999866485596,487938
"CAN","Canaan Inc. - American Depositary Shares","2021-01-21 15:30:00-05:00",4.768899917602539,4.815000057220459,4.7600998878479,4.789999961853027,4.789999961853027,403027
"CAN","Canaan Inc. - American Depositary Shares","2021-01-21 16:00:00-05:00",4.8,4.8,4.75,4.75,4.75,0
"CAN","Canaan Inc. - American Depositary Shares","2021-01-21 17:00:00-05:00",4.75,4.75,4.67,4.69,4.69,0
"CAN","Canaan Inc. - American Depositary Shares","2021-01-21 18:00:00-05:00",4.68,4.76,4.66,4.69,4.69,0
"CAN","Canaan Inc. - American Depositary Shares","2021-01-22 04:00:00-05:00",4.62,4.66,4.62,4.65,4.65,0
"CAN","Canaan Inc. - American Depositary Shares","2021-01-22 05:00:00-05:00",4.7,4.7,4.65,4.7,4.7,0
"CAN","Canaan Inc. - American Depositary Shares","2021-01-22 06:00:00-05:00",4.7,4.8,4.65,4.79,4.79,0
"CAN","Canaan Inc. - American Depositary Shares","2021-01-22 07:00:00-05:00",4.79,4.8,4.66,4.69,4.69,0
"CAN","Canaan Inc. - American Depositary Shares","2021-01-22 08:00:00-05:00",4.67,4.79,4.65,4.67,4.67,0
"CAN","Canaan Inc. - American Depositary Shares","2021-01-22 09:00:00-05:00",4.67,4.88,4.65,4.8,4.8,0
"CAN","Canaan Inc. - American Depositary Shares","2021-01-22 09:30:00-05:00",4.769999980926514,5.150000095367432,4.769999980926514,4.96999979019165,4.96999979019165,2446042
"CAN","Canaan Inc. - American Depositary Shares","2021-01-22 10:30:00-05:00",4.974999904632568,5.019999980926514,4.940000057220459,4.949999809265137,4.949999809265137,661946
"CAN","Canaan Inc. - American Depositary Shares","2021-01-22 11:30:00-05:00",4.954999923706055,4.978400230407715,4.829999923706055,4.860000133514404,4.860000133514404,510815
"CAN","Canaan Inc. - American Depositary Shares","2021-01-22 12:30:00-05:00",4.849999904632568,4.909999847412109,4.78000020980835,4.784999847412109,4.784999847412109,494370
"CAN","Canaan Inc. - American Depositary Shares","2021-01-22 13:30:00-05:00",4.784999847412109,4.835000038146973,4.748899936676025,4.798900127410889,4.798900127410889,721208
"CAN","Canaan Inc. - American Depositary Shares","2021-01-22 14:30:00-05:00",4.800000190734863,4.960000038146973,4.78000020980835,4.920000076293945,4.920000076293945,907971
"CAN","Canaan Inc. - American Depositary Shares","2021-01-22 15:30:00-05:00",4.928899765014648,4.929999828338623,4.835000038146973,4.849999904632568,4.849999904632568,616062
"CAN","Canaan Inc. - American Depositary Shares","2021-01-22 16:00:00-05:00",4.91,4.91,4.8225,4.87,4.87,0
"CAN","Canaan Inc. - American Depositary Shares","2021-01-22 17:00:00-05:00",4.88,4.88,4.85,4.87,4.87,0
"CAN","Canaan Inc. - American Depositary Shares","2021-01-22 18:00:00-05:00",4.87,4.87,4.85,4.87,4.87,0
"CAN","Canaan Inc. - American Depositary Shares","2021-01-25 04:00:00-05:00",5.03,5.09,4.91,5.02,5.02,0
"CAN","Canaan Inc. - American Depositary Shares","2021-01-25 05:00:00-05:00",5.02,5.09,5.0,5.03,5.03,0
"CAN","Canaan Inc. - American Depositary Shares","2021-01-25 06:00:00-05:00",5.01,5.03,4.98,5.01,5.01,0
"CAN","Canaan Inc. - American Depositary Shares","2021-01-25 07:00:00-05:00",5.01,5.03,4.99,5.0,5.0,0
"CAN","Canaan Inc. - American Depositary Shares","2021-01-25 08:00:00-05:00",5.0,5.08,4.97,5.08,5.08,0
"CAN","Canaan Inc. - American Depositary Shares","2021-01-25 09:00:00-05:00",5.05,5.09,5.02,5.03,5.03,0
"CAN","Canaan Inc. - American Depositary Shares","2021-01-25 09:30:00-05:00",5.03000020980835,5.28000020980835,4.921899795532227,5.150000095367432,5.150000095367432,2444458
"CAN","Canaan Inc. - American Depositary Shares","2021-01-25 10:30:00-05:00",5.139999866485596,5.340000152587891,4.820000171661377,5.0,5.0,1920721
"CAN","Canaan Inc. - American Depositary Shares","2021-01-25 11:30:00-05:00",4.991600036621094,5.079999923706055,4.960000038146973,5.00190019607544,5.00190019607544,535145
"CAN","Canaan Inc. - American Depositary Shares","2021-01-25 12:30:00-05:00",5.005000114440918,5.130000114440918,5.0,5.119999885559082,5.119999885559082,372627
"CAN","Canaan Inc. - American Depositary Shares","2021-01-25 13:30:00-05:00",5.110000133514404,5.190000057220459,5.110000133514404,5.159999847412109,5.159999847412109,571118
"CAN","Canaan Inc. - American Depositary Shares","2021-01-25 14:30:00-05:00",5.15500020980835,5.179999828338623,5.085000038146973,5.15500020980835,5.15500020980835,382607
"CAN","Canaan Inc. - American Depositary Shares","2021-01-25 15:30:00-05:00",5.159999847412109,5.239999771118164,5.150000095367432,5.239999771118164,5.239999771118164,646292
"CAN","Canaan Inc. - American Depositary Shares","2021-01-25 16:00:00-05:00",5.24,5.29,5.2,5.24,5.24,0
"CAN","Canaan Inc. - American Depositary Shares","2021-01-25 17:00:00-05:00",5.24,5.24,5.13,5.19,5.19,0
"CAN","Canaan Inc. - American Depositary Shares","2021-01-25 18:00:00-05:00",5.16,5.24,5.16,5.2,5.2,0
"CAN","Canaan Inc. - American Depositary Shares","2021-01-26 04:00:00-05:00",5.2,5.2,5.08,5.16,5.16,0
"CAN","Canaan Inc. - American Depositary Shares","2021-01-26 05:00:00-05:00",5.17,5.17,5.16,5.17,5.17,0
"CAN","Canaan Inc. - American Depositary Shares","2021-01-26 06:00:00-05:00",5.18,5.18,5.01,5.1,5.1,0
"CAN","Canaan Inc. - American Depositary Shares","2021-01-26 07:00:00-05:00",5.07,5.22,5.07,5.19,5.19,0
"CAN","Canaan Inc. - American Depositary Shares","2021-01-26 08:00:00-05:00",5.19,5.22,5.15,5.19,5.19,0
"CAN","Canaan Inc. - American Depositary Shares","2021-01-26 09:00:00-05:00",5.2,5.24,5.19,5.19,5.19,0
"CAN","Canaan Inc. - American Depositary Shares","2021-01-26 09:30:00-05:00",5.179999828338623,5.213500022888184,4.940000057220459,4.978700160980225,4.978700160980225,1333405
"CAN","Canaan Inc. - American Depositary Shares","2021-01-26 10:30:00-05:00",4.980000019073486,5.03000020980835,4.849999904632568,4.899899959564209,4.899899959564209,1311908
"CAN","Canaan Inc. - American Depositary Shares","2021-01-26 11:30:00-05:00",4.899400234222412,4.929999828338623,4.820000171661377,4.889999866485596,4.889999866485596,756182
"CAN","Canaan Inc. - American Depositary Shares","2021-01-26 12:30:00-05:00",4.889999866485596,4.960000038146973,4.849999904632568,4.880000114440918,4.880000114440918,460718
"CAN","Canaan Inc. - American Depositary Shares","2021-01-26 13:30:00-05:00",4.885000228881836,4.909999847412109,4.849999904632568,4.90500020980835,4.90500020980835,324001
"CAN","Canaan Inc. - American Depositary Shares","2021-01-26 14:30:00-05:00",4.909999847412109,4.929999828338623,4.869999885559082,4.871099948883057,4.871099948883057,305603
"CAN","Canaan Inc. - American Depositary Shares","2021-01-26 15:30:00-05:00",4.871200084686279,4.900000095367432,4.840000152587891,4.880000114440918,4.880000114440918,520025
"CAN","Canaan Inc. - American Depositary Shares","2021-01-26 16:00:00-05:00",4.9,4.9,4.83,4.85,4.85,0
"CAN","Canaan Inc. - American Depositary Shares","2021-01-26 17:00:00-05:00",4.84,4.93,4.84,4.9,4.9,0
"CAN","Canaan Inc. - American Depositary Shares","2021-01-26 18:00:00-05:00",4.9,4.96,4.86,4.95,4.95,0
"CAN","Canaan Inc. - American Depositary Shares","2021-01-27 04:00:00-05:00",4.91,4.91,4.81,4.81,4.81,0
"CAN","Canaan Inc. - American Depositary Shares","2021-01-27 05:00:00-05:00",4.82,4.83,4.8,4.8,4.8,0
"CAN","Canaan Inc. - American Depositary Shares","2021-01-27 06:00:00-05:00",4.8,4.86,4.8,4.8,4.8,0
"CAN","Canaan Inc. - American Depositary Shares","2021-01-27 07:00:00-05:00",4.8,4.82,4.7,4.76,4.76,0
"CAN","Canaan Inc. - American Depositary Shares","2021-01-27 08:00:00-05:00",4.76,4.88,4.66,4.69,4.69,0
"CAN","Canaan Inc. - American Depositary Shares","2021-01-27 09:00:00-05:00",4.7,4.74,4.61,4.61,4.61,0
"CAN","Canaan Inc. - American Depositary Shares","2021-01-27 09:30:00-05:00",4.599999904632568,4.619999885559082,4.304999828338623,4.519999980926514,4.519999980926514,2419043
"CAN","Canaan Inc. - American Depositary Shares","2021-01-27 10:30:00-05:00",4.51200008392334,4.614999771118164,4.46999979019165,4.578000068664551,4.578000068664551,673850
"CAN","Canaan Inc. - American Depositary Shares","2021-01-27 11:30:00-05:00",4.579999923706055,4.610000133514404,4.510000228881836,4.545000076293945,4.545000076293945,483456
"CAN","Canaan Inc. - American Depositary Shares","2021-01-27 12:30:00-05:00",4.547999858856201,4.550000190734863,4.510000228881836,4.520100116729736,4.520100116729736,234924
"CAN","Canaan Inc. - American Depositary Shares","2021-01-27 13:30:00-05:00",4.53000020980835,4.559000015258789,4.5,4.519899845123291,4.519899845123291,349062
"CAN","Canaan Inc. - American Depositary Shares","2021-01-27 14:30:00-05:00",4.5100998878479,4.519999980926514,4.5,4.505000114440918,4.505000114440918,397051
"CAN","Canaan Inc. - American Depositary Shares","2021-01-27 15:30:00-05:00",4.510000228881836,4.510000228881836,4.5,4.505000114440918,4.505000114440918,320153
"CAN","Canaan Inc. - American Depositary Shares","2021-01-27 16:00:00-05:00",4.51,4.54,4.5,4.51,4.51,0
"CAN","Canaan Inc. - American Depositary Shares","2021-01-27 17:00:00-05:00",4.52,4.65,4.47,4.47,4.47,0
"CAN","Canaan Inc. - American Depositary Shares","2021-01-27 18:00:00-05:00",4.47,4.49,4.44,4.45,4.45,0
"CAN","Canaan Inc. - American Depositary Shares","2021-01-28 04:00:00-05:00",4.49,4.49,4.35,4.35,4.35,0
"CAN","Canaan Inc. - American Depositary Shares","2021-01-28 05:00:00-05:00",4.35,4.48,4.35,4.42,4.42,0
"CAN","Canaan Inc. - American Depositary Shares","2021-01-28 06:00:00-05:00",4.45,4.51,4.45,4.5,4.5,0
"CAN","Canaan Inc. - American Depositary Shares","2021-01-28 07:00:00-05:00",4.51,4.59,4.49,4.54,4.54,0
"CAN","Canaan Inc. - American Depositary Shares","2021-01-28 08:00:00-05:00",4.52,4.59,4.45,4.51,4.51,0
"CAN","Canaan Inc. - American Depositary Shares","2021-01-28 09:00:00-05:00",4.51,4.93,4.51,4.88,4.88,0
"CAN","Canaan Inc. - American Depositary Shares","2021-01-28 09:30:00-05:00",4.730100154876709,4.820000171661377,4.599999904632568,4.809999942779541,4.809999942779541,1495924
"CAN","Canaan Inc. - American Depositary Shares","2021-01-28 10:30:00-05:00",4.818900108337402,4.849999904632568,4.679999828338623,4.690000057220459,4.690000057220459,858013
"CAN","Canaan Inc. - American Depositary Shares","2021-01-28 11:30:00-05:00",4.695000171661377,5.369999885559082,4.679999828338623,5.199999809265137,5.199999809265137,3987593
"CAN","Canaan Inc. - American Depositary Shares","2021-01-28 12:30:00-05:00",5.199999809265137,5.239999771118164,5.110000133514404,5.160099983215332,5.160099983215332,1398263
"CAN","Canaan Inc. - American Depositary Shares","2021-01-28 13:30:00-05:00",5.168900012969971,5.249899864196777,5.150000095367432,5.150000095367432,5.150000095367432,805135
"CAN","Canaan Inc. - American Depositary Shares","2021-01-28 14:30:00-05:00",5.15500020980835,5.224999904632568,5.110000133514404,5.110000133514404,5.110000133514404,758383
"CAN","Canaan Inc. - American Depositary Shares","2021-01-28 15:30:00-05:00",5.110000133514404,5.110000133514404,5.050000190734863,5.074999809265137,5.074999809265137,582942
"CAN","Canaan Inc. - American Depositary Shares","2021-01-28 16:00:00-05:00",5.08,5.2,5.07,5.12,5.12,0
"CAN","Canaan Inc. - American Depositary Shares","2021-01-28 17:00:00-05:00",5.12,5.21,5.05,5.17,5.17,0
"CAN","Canaan Inc. - American Depositary Shares","2021-01-28 18:00:00-05:00",5.19,5.19,5.15,5.18,5.18,0
"CAN","Canaan Inc. - American Depositary Shares","2021-01-29 04:00:00-05:00",5.29,5.7,5.29,5.69,5.69,0
"CAN","Canaan Inc. - American Depositary Shares","2021-01-29 05:00:00-05:00",5.73,5.95,5.6,5.77,5.77,0
"CAN","Canaan Inc. - American Depositary Shares","2021-01-29 06:00:00-05:00",5.77,5.79,5.7,5.73,5.73,0
"CAN","Canaan Inc. - American Depositary Shares","2021-01-29 07:00:00-05:00",5.73,5.98,5.7,5.72,5.72,0
"CAN","Canaan Inc. - American Depositary Shares","2021-01-29 08:00:00-05:00",5.72,5.95,5.42,5.64,5.64,0
"CAN","Canaan Inc. - American Depositary Shares","2021-01-29 09:00:00-05:00",5.69,5.76,5.52,5.55,5.55,0
"CAN","Canaan Inc. - American Depositary Shares","2021-01-29 09:30:00-05:00",5.550000190734863,5.90500020980835,5.139999866485596,5.569900035858154,5.569900035858154,7788496
"CAN","Canaan Inc. - American Depositary Shares","2021-01-29 10:30:00-05:00",5.559999942779541,5.619999885559082,5.210000038146973,5.249899864196777,5.249899864196777,1595748
"CAN","Canaan Inc. - American Depositary Shares","2021-01-29 11:30:00-05:00",5.249899864196777,5.260000228881836,4.920000076293945,4.979899883270264,4.979899883270264,1374818
"CAN","Canaan Inc. - American Depositary Shares","2021-01-29 12:30:00-05:00",4.978899955749512,4.980000019073486,4.809999942779541,4.920000076293945,4.920000076293945,1267188
"CAN","Canaan Inc. - American Depositary Shares","2021-01-29 13:30:00-05:00",4.909999847412109,4.929999828338623,4.800000190734863,4.878200054168701,4.878200054168701,538646
"CAN","Canaan Inc. - American Depositary Shares","2021-01-29 14:30:00-05:00",4.869999885559082,4.96999979019165,4.75,4.929999828338623,4.929999828338623,761959
"CAN","Canaan Inc. - American Depositary Shares","2021-01-29 15:30:00-05:00",4.929999828338623,4.940000057220459,4.559999942779541,4.565000057220459,4.565000057220459,2524902
"CAN","Canaan Inc. - American Depositary Shares","2021-01-29 16:00:00-05:00",4.56,4.6699,4.55,4.63,4.63,0
"CAN","Canaan Inc. - American Depositary Shares","2021-01-29 17:00:00-05:00",4.63,4.75,4.6,4.7,4.7,0
"CAN","Canaan Inc. - American Depositary Shares","2021-01-29 18:00:00-05:00",4.72,4.76,4.68,4.72,4.72,0
"CAN","Canaan Inc. - American Depositary Shares","2021-02-01 04:00:00-05:00",4.71,4.88,4.56,4.75,4.75,0
"CAN","Canaan Inc. - American Depositary Shares","2021-02-01 05:00:00-05:00",4.77,4.94,4.77,4.79,4.79,0
"CAN","Canaan Inc. - American Depositary Shares","2021-02-01 06:00:00-05:00",4.79,4.88,4.75,4.86,4.86,0
"CAN","Canaan Inc. - American Depositary Shares","2021-02-01 07:00:00-05:00",4.85,4.85,4.72,4.76,4.76,0
"CAN","Canaan Inc. - American Depositary Shares","2021-02-01 08:00:00-05:00",4.75,4.88,4.72,4.75,4.75,0
"CAN","Canaan Inc. - American Depositary Shares","2021-02-01 09:00:00-05:00",4.73,4.77,4.65,4.69,4.69,0
"CAN","Canaan Inc. - American Depositary Shares","2021-02-01 09:30:00-05:00",4.830100059509277,4.830100059509277,4.659999847412109,4.760000228881836,4.760000228881836,1797813
"CAN","Canaan Inc. - American Depositary Shares","2021-02-01 10:30:00-05:00",4.760000228881836,4.809999942779541,4.739999771118164,4.795000076293945,4.795000076293945,622220
"CAN","Canaan Inc. - American Depositary Shares","2021-02-01 11:30:00-05:00",4.795000076293945,4.880000114440918,4.775000095367432,4.829999923706055,4.829999923706055,663240
"CAN","Canaan Inc. - American Depositary Shares","2021-02-01 12:30:00-05:00",4.820000171661377,4.855000019073486,4.760000228881836,4.760000228881836,4.760000228881836,428181
"CAN","Canaan Inc. - American Depositary Shares","2021-02-01 13:30:00-05:00",4.764999866485596,4.889999866485596,4.760000228881836,4.886000156402588,4.886000156402588,450861
"CAN","Canaan Inc. - American Depositary Shares","2021-02-01 14:30:00-05:00",4.889999866485596,4.889999866485596,4.800000190734863,4.840000152587891,4.840000152587891,479108
"CAN","Canaan Inc. - American Depositary Shares","2021-02-01 15:30:00-05:00",4.840000152587891,4.880000114440918,4.820000171661377,4.869999885559082,4.869999885559082,388654
"CAN","Canaan Inc. - American Depositary Shares","2021-02-01 16:00:00-05:00",4.88,4.88,4.8,4.82,4.82,0
"CAN","Canaan Inc. - American Depositary Shares","2021-02-01 17:00:00-05:00",4.83,4.84,4.8,4.84,4.84,0
"CAN","Canaan Inc. - American Depositary Shares","2021-02-01 18:00:00-05:00",4.82,4.85,4.8,4.8,4.8,0
"CAN","Canaan Inc. - American Depositary Shares","2021-02-02 04:00:00-05:00",4.83,5.17,4.82,5.1,5.1,0
"CAN","Canaan Inc. - American Depositary Shares","2021-02-02 05:00:00-05:00",5.09,5.15,5.0,5.0,5.0,0
"CAN","Canaan Inc. - American Depositary Shares","2021-02-02 06:00:00-05:00",5.01,5.09,5.0,5.07,5.07,0
"CAN","Canaan Inc. - American Depositary Shares","2021-02-02 07:00:00-05:00",5.09,5.09,4.96,4.98,4.98,0
"CAN","Canaan Inc. - American Depositary Shares","2021-02-02 08:00:00-05:00",5.0,5.06,4.93,4.97,4.97,0
"CAN","Canaan Inc. - American Depositary Shares","2021-02-02 09:00:00-05:00",4.98,5.02,4.88,4.9,4.9,0
"CAN","Canaan Inc. - American Depositary Shares","2021-02-02 09:30:00-05:00",4.880000114440918,4.980000019073486,4.760000228881836,4.841100215911865,4.841100215911865,1667164
"CAN","Canaan Inc. - American Depositary Shares","2021-02-02 10:30:00-05:00",4.840000152587891,4.945000171661377,4.78000020980835,4.930699825286865,4.930699825286865,887562
"CAN","Canaan Inc. - American Depositary Shares","2021-02-02 11:30:00-05:00",4.930799961090088,5.039999961853027,4.901100158691406,4.960000038146973,4.960000038146973,979070
"CAN","Canaan Inc. - American Depositary Shares","2021-02-02 12:30:00-05:00",4.960000038146973,5.059999942779541,4.929999828338623,5.019999980926514,5.019999980926514,831343
"CAN","Canaan Inc. - American Depositary Shares","2021-02-02 13:30:00-05:00",5.03000020980835,5.139999866485596,5.0,5.070000171661377,5.070000171661377,1324618
"CAN","Canaan Inc. - American Depositary Shares","2021-02-02 14:30:00-05:00",5.074999809265137,5.139999866485596,5.010000228881836,5.119999885559082,5.119999885559082,817618
"CAN","Canaan Inc. - American Depositary Shares","2021-02-02 15:30:00-05:00",5.119999885559082,5.179999828338623,5.110000133514404,5.139999866485596,5.139999866485596,641937
"CAN","Canaan Inc. - American Depositary Shares","2021-02-02 16:00:00-05:00",5.15,5.15,5.09,5.13,5.13,0
"CAN","Canaan Inc. - American Depositary Shares","2021-02-02 17:00:00-05:00",5.15,5.18,5.11,5.18,5.18,0
"CAN","Canaan Inc. - American Depositary Shares","2021-02-02 18:00:00-05:00",5.16,5.16,5.07,5.1,5.1,0
"CAN","Canaan Inc. - American Depositary Shares","2021-02-03 04:00:00-05:00",5.14,5.14,4.99,5.03,5.03,0
"CAN","Canaan Inc. - American Depositary Shares","2021-02-03 05:00:00-05:00",5.04,5.09,5.01,5.01,5.01,0
"CAN","Canaan Inc. - American Depositary Shares","2021-02-03 06:00:00-05:00",5.01,5.07,5.01,5.03,5.03,0
"CAN","Canaan Inc. - American Depositary Shares","2021-02-03 07:00:00-05:00",5.03,5.09,5.01,5.07,5.07,0
"CAN","Canaan Inc. - American Depositary Shares","2021-02-03 08:00:00-05:00",5.06,5.19,5.01,5.11,5.11,0
"CAN","Canaan Inc. - American Depositary Shares","2021-02-03 09:00:00-05:00",5.14,5.18,5.08,5.12,5.12,0
"CAN","Canaan Inc. - American Depositary Shares","2021-02-03 09:30:00-05:00",5.119999885559082,5.525000095367432,5.050000190734863,5.370100021362305,5.370100021362305,2885989
"CAN","Canaan Inc. - American Depositary Shares","2021-02-03 10:30:00-05:00",5.363999843597412,5.860000133514404,5.360799789428711,5.859700202941895,5.859700202941895,3455643
"CAN","Canaan Inc. - American Depositary Shares","2021-02-03 11:30:00-05:00",5.860000133514404,6.070000171661377,5.800000190734863,5.849899768829346,5.849899768829346,3257312
"CAN","Canaan Inc. - American Depositary Shares","2021-02-03 12:30:00-05:00",5.840099811553955,5.879899978637695,5.760000228881836,5.820000171661377,5.820000171661377,1022629
"CAN","Canaan Inc. - American Depositary Shares","2021-02-03 13:30:00-05:00",5.809999942779541,5.829999923706055,5.659999847412109,5.679999828338623,5.679999828338623,952584
"CAN","Canaan Inc. - American Depositary Shares","2021-02-03 14:30:00-05:00",5.684999942779541,5.710000038146973,5.639999866485596,5.639999866485596,5.639999866485596,508112
"CAN","Canaan Inc. - American Depositary Shares","2021-02-03 15:30:00-05:00",5.630099773406982,5.650000095367432,5.570000171661377,5.610000133514404,5.610000133514404,613211
"CAN","Canaan Inc. - American Depositary Shares","2021-02-03 16:00:00-05:00",5.61,5.69,5.57,5.63,5.63,0
"CAN","Canaan Inc. - American Depositary Shares","2021-02-03 17:00:00-05:00",5.66,5.72,5.63,5.72,5.72,0
"CAN","Canaan Inc. - American Depositary Shares","2021-02-03 18:00:00-05:00",5.72,5.75,5.61,5.72,5.72,0
"CAN","Canaan Inc. - American Depositary Shares","2021-02-04 04:00:00-05:00",5.95,5.95,5.61,5.61,5.61,0
"CAN","Canaan Inc. - American Depositary Shares","2021-02-04 05:00:00-05:00",5.65,5.75,5.62,5.7,5.7,0
"CAN","Canaan Inc. - American Depositary Shares","2021-02-04 06:00:00-05:00",5.7,5.74,5.7,5.71,5.71,0
"CAN","Canaan Inc. - American Depositary Shares","2021-02-04 07:00:00-05:00",5.73,5.94,5.73,5.79,5.79,0
"CAN","Canaan Inc. - American Depositary Shares","2021-02-04 08:00:00-05:00",5.77,5.97,5.75,5.9,5.9,0
"CAN","Canaan Inc. - American Depositary Shares","2021-02-04 09:00:00-05:00",5.92,5.96,5.75,5.76,5.76,0
"CAN","Canaan Inc. - American Depositary Shares","2021-02-04 09:30:00-05:00",5.760000228881836,6.014999866485596,5.599999904632568,5.610099792480469,5.610099792480469,3583606
"CAN","Canaan Inc. - American Depositary Shares","2021-02-04 10:30:00-05:00",5.610000133514404,5.650000095367432,5.5,5.610000133514404,5.610000133514404,1344794
"CAN","Canaan Inc. - American Depositary Shares","2021-02-04 11:30:00-05:00",5.605999946594238,5.639999866485596,5.360000133514404,5.468900203704834,5.468900203704834,1228496
"CAN","Canaan Inc. - American Depositary Shares","2021-02-04 12:30:00-05:00",5.461100101470947,5.570000171661377,5.461100101470947,5.570000171661377,5.570000171661377,773306
"CAN","Canaan Inc. - American Depositary Shares","2021-02-04 13:30:00-05:00",5.570000171661377,5.574999809265137,5.5,5.570000171661377,5.570000171661377,289734
"CAN","Canaan Inc. - American Depositary Shares","2021-02-04 14:30:00-05:00",5.579999923706055,5.639999866485596,5.553999900817871,5.639999866485596,5.639999866485596,511123
"CAN","Canaan Inc. - American Depositary Shares","2021-02-04 15:30:00-05:00",5.635000228881836,5.664999961853027,5.599999904632568,5.639999866485596,5.639999866485596,558014
"CAN","Canaan Inc. - American Depositary Shares","2021-02-04 16:00:00-05:00",5.64,5.65,5.61,5.61,5.61,0
"CAN","Canaan Inc. - American Depositary Shares","2021-02-04 17:00:00-05:00",5.61,5.636,5.57,5.57,5.57,0
"CAN","Canaan Inc. - American Depositary Shares","2021-02-04 18:00:00-05:00",5.55,5.6,5.51,5.6,5.6,0
"CAN","Canaan Inc. - American Depositary Shares","2021-02-05 04:00:00-05:00",5.64,5.64,5.55,5.56,5.56,0
"CAN","Canaan Inc. - American Depositary Shares","2021-02-05 05:00:00-05:00",5.56,5.64,5.56,5.6,5.6,0
"CAN","Canaan Inc. - American Depositary Shares","2021-02-05 06:00:00-05:00",5.6,5.63,5.6,5.61,5.61,0
"CAN","Canaan Inc. - American Depositary Shares","2021-02-05 07:00:00-05:00",5.61,5.69,5.6,5.62,5.62,0
"CAN","Canaan Inc. - American Depositary Shares","2021-02-05 08:00:00-05:00",5.62,5.7,5.6,5.68,5.68,0
"CAN","Canaan Inc. - American Depositary Shares","2021-02-05 09:00:00-05:00",5.68,5.74,5.64,5.66,5.66,0
"CAN","Canaan Inc. - American Depositary Shares","2021-02-05 09:30:00-05:00",5.659999847412109,5.829999923706055,5.639999866485596,5.770899772644043,5.770899772644043,1521731
"CAN","Canaan Inc. - American Depositary Shares","2021-02-05 10:30:00-05:00",5.771100044250488,5.869999885559082,5.710000038146973,5.860000133514404,5.860000133514404,1077016
"CAN","Canaan Inc. - American Depositary Shares","2021-02-05 11:30:00-05:00",5.855000019073486,6.050000190734863,5.849999904632568,5.875,5.875,2351880
"CAN","Canaan Inc. - American Depositary Shares","2021-02-05 12:30:00-05:00",5.875,5.909999847412109,5.841300010681152,5.900000095367432,5.900000095367432,426470
"CAN","Canaan Inc. - American Depositary Shares","2021-02-05 13:30:00-05:00",5.909999847412109,6.0,5.875,5.8907999992370605,5.8907999992370605,727975
"CAN","Canaan Inc. - American Depositary Shares","2021-02-05 14:30:00-05:00",5.891499996185303,5.929999828338623,5.875,5.875,5.875,445192
"CAN","Canaan Inc. - American Depositary Shares","2021-02-05 15:30:00-05:00",5.869999885559082,6.03000020980835,5.869999885559082,6.010000228881836,6.010000228881836,638873
"CAN","Canaan Inc. - American Depositary Shares","2021-02-05 16:00:00-05:00",6.02,6.03,5.93,5.98,5.98,0
"CAN","Canaan Inc. - American Depositary Shares","2021-02-05 17:00:00-05:00",5.98,5.98,5.87,5.94,5.94,0
"CAN","Canaan Inc. - American Depositary Shares","2021-02-05 18:00:00-05:00",5.94,5.99,5.91,5.93,5.93,0
"CAN","Canaan Inc. - American Depositary Shares","2021-02-08 04:00:00-05:00",6.01,6.57,6.01,6.47,6.47,0
"CAN","Canaan Inc. - American Depositary Shares","2021-02-08 05:00:00-05:00",6.47,6.5,6.38,6.45,6.45,0
"CAN","Canaan Inc. - American Depositary Shares","2021-02-08 06:00:00-05:00",6.45,6.61,6.4,6.6,6.6,0
"CAN","Canaan Inc. - American Depositary Shares","2021-02-08 07:00:00-05:00",6.6,6.6,6.5,6.52,6.52,0
"CAN","Canaan Inc. - American Depositary Shares","2021-02-08 08:00:00-05:00",6.52,7.25,6.5,7.18,7.18,0
"CAN","Canaan Inc. - American Depositary Shares","2021-02-08 09:00:00-05:00",7.19,7.2,6.9,6.92,6.92,0
"CAN","Canaan Inc. - American Depositary Shares","2021-02-08 09:30:00-05:00",6.909999847412109,7.130000114440918,6.630000114440918,7.010000228881836,7.010000228881836,7458921
"CAN","Canaan Inc. - American Depositary Shares","2021-02-08 10:30:00-05:00",7.019999980926514,7.150000095367432,6.809999942779541,6.869999885559082,6.869999885559082,2919151
"CAN","Canaan Inc. - American Depositary Shares","2021-02-08 11:30:00-05:00",6.869999885559082,6.896999835968018,6.679999828338623,6.840000152587891,6.840000152587891,1117228
"CAN","Canaan Inc. - American Depositary Shares","2021-02-08 12:30:00-05:00",6.840499877929688,6.949999809265137,6.829999923706055,6.880000114440918,6.880000114440918,519118
"CAN","Canaan Inc. - American Depositary Shares","2021-02-08 13:30:00-05:00",6.880000114440918,6.969099998474121,6.860000133514404,6.888899803161621,6.888899803161621,670378
"CAN","Canaan Inc. - American Depositary Shares","2021-02-08 14:30:00-05:00",6.889900207519531,7.0,6.864999771118164,6.949999809265137,6.949999809265137,733823
"CAN","Canaan Inc. - American Depositary Shares","2021-02-08 15:30:00-05:00",6.94890022277832,7.059999942779541,6.940000057220459,7.059999942779541,7.059999942779541,997117
"CAN","Canaan Inc. - American Depositary Shares","2021-02-08 16:00:00-05:00",7.06,7.15,7.0,7.13,7.13,0
"CAN","Canaan Inc. - American Depositary Shares","2021-02-08 17:00:00-05:00",7.13,7.2,7.09,7.2,7.2,0
"CAN","Canaan Inc. - American Depositary Shares","2021-02-08 18:00:00-05:00",7.19,7.68,7.16,7.55,7.55,0
"CAN","Canaan Inc. - American Depositary Shares","2021-02-09 04:00:00-05:00",7.7,7.98,7.62,7.97,7.97,0
"CAN","Canaan Inc. - American Depositary Shares","2021-02-09 05:00:00-05:00",7.98,8.13,7.85,8.0,8.0,0
"CAN","Canaan Inc. - American Depositary Shares","2021-02-09 06:00:00-05:00",7.98,8.0,7.75,7.85,7.85,0
"CAN","Canaan Inc. - American Depositary Shares","2021-02-09 07:00:00-05:00",7.88,7.95,7.53,7.75,7.75,0
"CAN","Canaan Inc. - American Depositary Shares","2021-02-09 08:00:00-05:00",7.74,7.79,7.5499,7.61,7.61,0
"CAN","Canaan Inc. - American Depositary Shares","2021-02-09 09:00:00-05:00",7.6,7.8,7.56,7.79,7.79,0
"CAN","Canaan Inc. - American Depositary Shares","2021-02-09 09:30:00-05:00",7.769999980926514,7.78000020980835,7.070000171661377,7.4899001121521,7.4899001121521,7081718
"CAN","Canaan Inc. - American Depositary Shares","2021-02-09 10:30:00-05:00",7.492000102996826,7.590000152587891,7.150000095367432,7.204999923706055,7.204999923706055,3203656
"CAN","Canaan Inc. - American Depositary Shares","2021-02-09 11:30:00-05:00",7.200399875640869,7.369900226593018,7.150000095367432,7.184999942779541,7.184999942779541,1499911
"CAN","Canaan Inc. - American Depositary Shares","2021-02-09 12:30:00-05:00",7.184999942779541,7.340000152587891,7.130000114440918,7.340000152587891,7.340000152587891,881373
"CAN","Canaan Inc. - American Depositary Shares","2021-02-09 13:30:00-05:00",7.340000152587891,8.25,7.329999923706055,7.769999980926514,7.769999980926514,5690056
"CAN","Canaan Inc. - American Depositary Shares","2021-02-09 14:30:00-05:00",7.7600998878479,8.10890007019043,7.71999979019165,7.724999904632568,7.724999904632568,1424434
"CAN","Canaan Inc. - American Depositary Shares","2021-02-09 15:30:00-05:00",7.724999904632568,7.769999980926514,7.650000095367432,7.75,7.75,1485152
"CAN","Canaan Inc. - American Depositary Shares","2021-02-09 16:00:00-05:00",7.75,7.93,7.62,7.65,7.65,0
"CAN","Canaan Inc. - American Depositary Shares","2021-02-09 17:00:00-05:00",7.6599,7.73,7.6,7.68,7.68,0
"CAN","Canaan Inc. - American Depositary Shares","2021-02-09 18:00:00-05:00",7.67,7.7,7.6,7.6,7.6,0
"CAN","Canaan Inc. - American Depositary Shares","2021-02-10 04:00:00-05:00",7.7,7.98,7.7,7.93,7.93,0
"CAN","Canaan Inc. - American Depositary Shares","2021-02-10 05:00:00-05:00",7.93,8.0,7.86,7.9,7.9,0
"CAN","Canaan Inc. - American Depositary Shares","2021-02-10 06:00:00-05:00",7.9,8.75,7.9,8.66,8.66,0
"CAN","Canaan Inc. - American Depositary Shares","2021-02-10 07:00:00-05:00",8.65,8.8,8.5,8.7,8.7,0
"CAN","Canaan Inc. - American Depositary Shares","2021-02-10 08:00:00-05:00",8.7,8.7,8.16,8.45,8.45,0
"CAN","Canaan Inc. - American Depositary Shares","2021-02-10 09:00:00-05:00",8.45,8.7,8.2,8.2,8.2,0
"CAN","Canaan Inc. - American Depositary Shares","2021-02-10 09:30:00-05:00",8.26099967956543,9.050000190734863,8.029999732971191,8.369999885559082,8.369999885559082,9594595
"CAN","Canaan Inc. - American Depositary Shares","2021-02-10 10:30:00-05:00",8.380000114440918,8.640000343322754,7.900000095367432,8.5,8.5,3946090
"CAN","Canaan Inc. - American Depositary Shares","2021-02-10 11:30:00-05:00",8.479999542236328,8.989999771118164,8.380000114440918,8.5649995803833,8.5649995803833,2914024
"CAN","Canaan Inc. - American Depositary Shares","2021-02-10 12:30:00-05:00",8.569999694824219,8.579999923706055,8.220000267028809,8.225000381469727,8.225000381469727,2097386
"CAN","Canaan Inc. - American Depositary Shares","2021-02-10 13:30:00-05:00",8.229299545288086,8.319999694824219,8.100000381469727,8.260000228881836,8.260000228881836,1405556
"CAN","Canaan Inc. - American Depositary Shares","2021-02-10 14:30:00-05:00",8.260000228881836,8.279999732971191,8.100000381469727,8.139900207519531,8.139900207519531,1107996
"CAN","Canaan Inc. - American Depositary Shares","2021-02-10 15:30:00-05:00",8.145000457763672,8.279999732971191,8.109999656677246,8.239999771118164,8.239999771118164,965834
"CAN","Canaan Inc. - American Depositary Shares","2021-02-10 16:00:00-05:00",8.27,8.3,8.07,8.12,8.12,0
"CAN","Canaan Inc. - American Depositary Shares","2021-02-10 17:00:00-05:00",8.18,8.35,8.12,8.35,8.35,0
"CAN","Canaan Inc. - American Depositary Shares","2021-02-10 18:00:00-05:00",8.35,8.44,8.22,8.31,8.31,0
"CAN","Canaan Inc. - American Depositary Shares","2021-02-11 04:00:00-05:00",8.27,8.7,8.26,8.45,8.45,0
"CAN","Canaan Inc. - American Depositary Shares","2021-02-11 05:00:00-05:00",8.45,8.7,8.45,8.66,8.66,0
"CAN","Canaan Inc. - American Depositary Shares","2021-02-11 06:00:00-05:00",8.66,8.73,8.61,8.7,8.7,0
"CAN","Canaan Inc. - American Depositary Shares","2021-02-11 07:00:00-05:00",8.69,8.7,8.58,8.61,8.61,0
"CAN","Canaan Inc. - American Depositary Shares","2021-02-11 08:00:00-05:00",8.6,9.2,8.57,9.08,9.08,0
"CAN","Canaan Inc. - American Depositary Shares","2021-02-11 09:00:00-05:00",9.02,9.19,8.88,9.0,9.0,0
"CAN","Canaan Inc. - American Depositary Shares","2021-02-11 09:30:00-05:00",9.0,10.5,8.819999694824219,10.130000114440918,10.130000114440918,8000039
"CAN","Canaan Inc. - American Depositary Shares","2021-02-11 10:30:00-05:00",10.149999618530272,10.699999809265137,10.079999923706056,10.199999809265137,10.199999809265137,5104503
"CAN","Canaan Inc. - American Depositary Shares","2021-02-11 11:30:00-05:00",10.1899995803833,10.4399995803833,9.359999656677246,9.420000076293944,9.420000076293944,4223594
"CAN","Canaan Inc. - American Depositary Shares","2021-02-11 12:30:00-05:00",9.420000076293944,10.239999771118164,9.40999984741211,10.039999961853027,10.039999961853027,2534031
"CAN","Canaan Inc. - American Depositary Shares","2021-02-11 13:30:00-05:00",10.039999961853027,10.204999923706056,9.899999618530272,10.181099891662598,10.181099891662598,1360669
"CAN","Canaan Inc. - American Depositary Shares","2021-02-11 14:30:00-05:00",10.188199996948242,10.979999542236328,10.181099891662598,10.748900413513184,10.748900413513184,4070516
"CAN","Canaan Inc. - American Depositary Shares","2021-02-11 15:30:00-05:00",10.75,11.140000343322754,10.640000343322754,10.649999618530272,10.649999618530272,3529396
"CAN","Canaan Inc. - American Depositary Shares","2021-02-11 16:00:00-05:00",10.65,10.75,10.05,10.4,10.4,0
"CAN","Canaan Inc. - American Depositary Shares","2021-02-11 17:00:00-05:00",10.4,10.75,10.25,10.65,10.65,0
"CAN","Canaan Inc. - American Depositary Shares","2021-02-11 18:00:00-05:00",10.69,10.75,10.35,10.57,10.57,0
"CAN","Canaan Inc. - American Depositary Shares","2021-02-12 04:00:00-05:00",11.25,11.33,10.32,10.6,10.6,0
"CAN","Canaan Inc. - American Depositary Shares","2021-02-12 05:00:00-05:00",10.6,11.41,10.47,11.18,11.18,0
"CAN","Canaan Inc. - American Depositary Shares","2021-02-12 06:00:00-05:00",11.18,11.35,11.01,11.17,11.17,0
"CAN","Canaan Inc. - American Depositary Shares","2021-02-12 07:00:00-05:00",11.17,11.86,10.76,11.2,11.2,0
"CAN","Canaan Inc. - American Depositary Shares","2021-02-12 08:00:00-05:00",11.25,11.63,10.75,11.11,11.11,0
"CAN","Canaan Inc. - American Depositary Shares","2021-02-12 09:00:00-05:00",11.11,11.2701,10.22,10.38,10.38,0
"CAN","Canaan Inc. - American Depositary Shares","2021-02-12 09:30:00-05:00",10.30500030517578,11.229999542236328,9.788000106811523,10.56999969482422,10.56999969482422,5862321
"CAN","Canaan Inc. - American Depositary Shares","2021-02-12 10:30:00-05:00",10.569199562072754,11.229999542236328,10.4399995803833,11.229999542236328,11.229999542236328,2245467
"CAN","Canaan Inc. - American Depositary Shares","2021-02-12 11:30:00-05:00",11.239999771118164,12.479999542236328,11.219300270080566,12.393400192260742,12.393400192260742,4371278
"CAN","Canaan Inc. - American Depositary Shares","2021-02-12 12:30:00-05:00",12.397000312805176,13.479399681091309,12.18000030517578,12.762900352478027,12.762900352478027,7521812
"CAN","Canaan Inc. - American Depositary Shares","2021-02-12 13:30:00-05:00",12.779999732971191,13.100000381469728,12.600000381469728,12.850000381469728,12.850000381469728,2169011
"CAN","Canaan Inc. - American Depositary Shares","2021-02-12 14:30:00-05:00",12.850000381469728,13.449999809265137,12.699999809265137,12.758999824523926,12.758999824523926,2439399
"CAN","Canaan Inc. - American Depositary Shares","2021-02-12 15:30:00-05:00",12.75,13.140000343322754,12.699999809265137,13.035400390625,13.035400390625,1911426
"CAN","Canaan Inc. - American Depositary Shares","2021-02-12 16:00:00-05:00",13.04,13.35,13.0,13.34,13.34,0
"CAN","Canaan Inc. - American Depositary Shares","2021-02-12 17:00:00-05:00",13.26,13.36,13.13,13.29,13.29,0
"CAN","Canaan Inc. - American Depositary Shares","2021-02-12 18:00:00-05:00",13.3,13.36,13.08,13.11,13.11,0
"CAN","Canaan Inc. - American Depositary Shares","2021-02-16 04:00:00-05:00",13.95,15.48,13.74,14.87,14.87,0
"CAN","Canaan Inc. - American Depositary Shares","2021-02-16 05:00:00-05:00",14.87,15.5,14.81,15.39,15.39,0
"CAN","Canaan Inc. - American Depositary Shares","2021-02-16 06:00:00-05:00",15.35,15.44,15.0,15.29,15.29,0
"CAN","Canaan Inc. - American Depositary Shares","2021-02-16 07:00:00-05:00",15.3,16.4,14.67,16.29,16.29,0
"CAN","Canaan Inc. - American Depositary Shares","2021-02-16 08:00:00-05:00",16.2,16.9,14.7,16.05,16.05,0
"CAN","Canaan Inc. - American Depositary Shares","2021-02-16 09:00:00-05:00",16.09,16.33,15.4,15.5,15.5,0
"CAN","Canaan Inc. - American Depositary Shares","2021-02-16 09:30:00-05:00",15.59000015258789,18.89999961853028,15.029999732971191,17.75,17.75,18655596
"CAN","Canaan Inc. - American Depositary Shares","2021-02-16 10:30:00-05:00",17.739999771118164,18.100000381469727,16.68000030517578,17.676000595092773,17.676000595092773,6472836
"CAN","Canaan Inc. - American Depositary Shares","2021-02-16 11:30:00-05:00",17.700000762939453,17.739999771118164,16.290000915527344,17.2637996673584,17.2637996673584,4200760
"CAN","Canaan Inc. - American Depositary Shares","2021-02-16 12:30:00-05:00",17.260000228881836,18.26000022888184,17.149999618530273,18.167200088500977,18.167200088500977,3197611
"CAN","Canaan Inc. - American Depositary Shares","2021-02-16 13:30:00-05:00",18.170000076293945,18.68000030517578,17.709999084472656,17.90999984741211,17.90999984741211,3163539
"CAN","Canaan Inc. - American Depositary Shares","2021-02-16 14:30:00-05:00",17.91990089416504,18.479999542236328,17.430400848388672,18.34000015258789,18.34000015258789,2305243
"CAN","Canaan Inc. - American Depositary Shares","2021-02-16 15:30:00-05:00",18.350000381469727,19.64999961853028,18.25,19.6200008392334,19.6200008392334,3230612
"CAN","Canaan Inc. - American Depositary Shares","2021-02-16 16:00:00-05:00",19.62,19.75,18.6,19.6,19.6,0
"CAN","Canaan Inc. - American Depositary Shares","2021-02-16 17:00:00-05:00",19.63,20.0,19.01,19.6,19.6,0
"CAN","Canaan Inc. - American Depositary Shares","2021-02-16 18:00:00-05:00",19.6,20.0,19.3,19.68,19.68,0
"CAN","Canaan Inc. - American Depositary Shares","2021-02-17 04:00:00-05:00",20.8,23.48,20.51,22.89,22.89,0
"CAN","Canaan Inc. - American Depositary Shares","2021-02-17 05:00:00-05:00",22.9,23.0,21.13,22.1,22.1,0
"CAN","Canaan Inc. - American Depositary Shares","2021-02-17 06:00:00-05:00",22.15,22.68,22.01,22.49,22.49,0
"CAN","Canaan Inc. - American Depositary Shares","2021-02-17 07:00:00-05:00",22.49,23.09,20.88,21.1,21.1,0
"CAN","Canaan Inc. - American Depositary Shares","2021-02-17 08:00:00-05:00",21.1,22.87,19.75,19.78,19.78,0
"CAN","Canaan Inc. - American Depositary Shares","2021-02-17 09:00:00-05:00",19.75,20.5,18.7,19.31,19.31,0
"CAN","Canaan Inc. - American Depositary Shares","2021-02-17 09:30:00-05:00",19.420000076293945,22.249500274658203,18.1299991607666,20.92779922485352,20.92779922485352,15011779
"CAN","Canaan Inc. - American Depositary Shares","2021-02-17 10:30:00-05:00",21.0,21.790000915527344,16.809999465942383,18.521699905395508,18.521699905395508,8479886
"CAN","Canaan Inc. - American Depositary Shares","2021-02-17 11:30:00-05:00",18.559999465942383,19.700000762939453,17.25,18.7863998413086,18.7863998413086,4265928
"CAN","Canaan Inc. - American Depositary Shares","2021-02-17 12:30:00-05:00",18.77899932861328,19.700000762939453,18.600000381469727,18.92009925842285,18.92009925842285,1938539
"CAN","Canaan Inc. - American Depositary Shares","2021-02-17 13:30:00-05:00",18.93000030517578,19.15999984741211,18.350000381469727,18.549999237060547,18.549999237060547,1342508
"CAN","Canaan Inc. - American Depositary Shares","2021-02-17 14:30:00-05:00",18.530000686645508,20.96999931335449,18.39999961853028,20.34000015258789,20.34000015258789,3222835
"CAN","Canaan Inc. - American Depositary Shares","2021-02-17 15:30:00-05:00",20.350000381469727,20.799999237060547,20.200000762939453,20.489999771118164,20.489999771118164,1409966
"CAN","Canaan Inc. - American Depositary Shares","2021-02-17 16:00:00-05:00",20.5,21.425,20.4,20.76,20.76,0
"CAN","Canaan Inc. - American Depositary Shares","2021-02-17 17:00:00-05:00",20.76,20.95,20.5,20.7701,20.7701,0
"CAN","Canaan Inc. - American Depositary Shares","2021-02-17 18:00:00-05:00",20.77,20.95,20.3,20.48,20.48,0
"CAN","Canaan Inc. - American Depositary Shares","2021-02-18 04:00:00-05:00",20.5,20.5,18.78,19.58,19.58,0
"CAN","Canaan Inc. - American Depositary Shares","2021-02-18 05:00:00-05:00",19.5,19.55,19.11,19.11,19.11,0
"CAN","Canaan Inc. - American Depositary Shares","2021-02-18 06:00:00-05:00",19.11,19.12,18.25,18.74,18.74,0
"CAN","Canaan Inc. - American Depositary Shares","2021-02-18 07:00:00-05:00",18.73,19.13,18.1,18.45,18.45,0
"CAN","Canaan Inc. - American Depositary Shares","2021-02-18 08:00:00-05:00",18.43,19.1,18.21,18.8,18.8,0
"CAN","Canaan Inc. - American Depositary Shares","2021-02-18 09:00:00-05:00",18.8,18.83,18.11,18.14,18.14,0
"CAN","Canaan Inc. - American Depositary Shares","2021-02-18 09:30:00-05:00",18.100000381469727,19.3799991607666,15.649999618530272,16.0,16.0,8594434
"CAN","Canaan Inc. - American Depositary Shares","2021-02-18 10:30:00-05:00",16.0,17.799999237060547,15.93000030517578,17.655000686645508,17.655000686645508,5358654
"CAN","Canaan Inc. - American Depositary Shares","2021-02-18 11:30:00-05:00",17.6697998046875,18.63999938964844,17.270000457763672,18.18000030517578,18.18000030517578,3016727
"CAN","Canaan Inc. - American Depositary Shares","2021-02-18 12:30:00-05:00",18.18989944458008,18.46999931335449,17.389999389648438,18.3799991607666,18.3799991607666,1840554
"CAN","Canaan Inc. - American Depositary Shares","2021-02-18 13:30:00-05:00",18.36000061035156,18.43000030517578,17.799999237060547,17.834800720214844,17.834800720214844,865001
"CAN","Canaan Inc. - American Depositary Shares","2021-02-18 14:30:00-05:00",17.84000015258789,18.170000076293945,17.030000686645508,17.128700256347656,17.128700256347656,1357276
"CAN","Canaan Inc. - American Depositary Shares","2021-02-18 15:30:00-05:00",17.135000228881836,17.600000381469727,17.1200008392334,17.298999786376953,17.298999786376953,929018
"CAN","Canaan Inc. - American Depositary Shares","2021-02-18 16:00:00-05:00",17.33,18.0,17.11,17.32,17.32,0
"CAN","Canaan Inc. - American Depositary Shares","2021-02-18 17:00:00-05:00",17.36,17.7,17.22,17.25,17.25,0
"CAN","Canaan Inc. - American Depositary Shares","2021-02-18 18:00:00-05:00",17.28,17.39,16.5,16.8,16.8,0
"CAN","Canaan Inc. - American Depositary Shares","2021-02-19 04:00:00-05:00",17.22,18.66,17.22,18.5,18.5,0
"CAN","Canaan Inc. - American Depositary Shares","2021-02-19 05:00:00-05:00",18.54,18.85,18.33,18.74,18.74,0
"CAN","Canaan Inc. - American Depositary Shares","2021-02-19 06:00:00-05:00",18.71,18.71,18.45,18.55,18.55,0
"CAN","Canaan Inc. - American Depositary Shares","2021-02-19 07:00:00-05:00",18.55,18.84,18.25,18.56,18.56,0
"CAN","Canaan Inc. - American Depositary Shares","2021-02-19 08:00:00-05:00",18.54,18.83,18.26,18.83,18.83,0
"CAN","Canaan Inc. - American Depositary Shares","2021-02-19 09:00:00-05:00",18.83,19.27,18.75,19.11,19.11,0
"CAN","Canaan Inc. - American Depositary Shares","2021-02-19 09:30:00-05:00",19.600000381469727,21.81999969482422,19.440000534057617,21.733200073242188,21.733200073242188,10338120
"CAN","Canaan Inc. - American Depositary Shares","2021-02-19 10:30:00-05:00",21.700000762939453,23.10460090637207,21.2549991607666,22.979999542236328,22.979999542236328,7888212
"CAN","Canaan Inc. - American Depositary Shares","2021-02-19 11:30:00-05:00",22.979999542236328,24.989999771118164,22.270000457763672,23.960100173950195,23.960100173950195,8211749
"CAN","Canaan Inc. - American Depositary Shares","2021-02-19 12:30:00-05:00",23.965999603271484,24.940000534057617,22.93000030517578,24.63500022888184,24.63500022888184,7556207
"CAN","Canaan Inc. - American Depositary Shares","2021-02-19 13:30:00-05:00",24.61000061035156,25.77750015258789,24.02009963989257,25.1299991607666,25.1299991607666,9737106
"CAN","Canaan Inc. - American Depositary Shares","2021-02-19 14:30:00-05:00",25.1299991607666,25.6299991607666,23.71999931335449,23.740100860595703,23.740100860595703,5390879
"CAN","Canaan Inc. - American Depositary Shares","2021-02-19 15:30:00-05:00",23.75,24.959999084472656,23.75,24.770999908447266,24.770999908447266,2589897
"CAN","Canaan Inc. - American Depositary Shares","2021-02-19 16:00:00-05:00",24.8,25.89,24.47,24.78,24.78,0
"CAN","Canaan Inc. - American Depositary Shares","2021-02-19 17:00:00-05:00",24.78,25.59,24.72,25.0,25.0,0
"CAN","Canaan Inc. - American Depositary Shares","2021-02-19 18:00:00-05:00",25.0,25.72,24.99,25.69,25.69,0
"CAN","Canaan Inc. - American Depositary Shares","2021-02-22 04:00:00-05:00",25.6,26.23,21.76,23.76,23.76,0
"CAN","Canaan Inc. - American Depositary Shares","2021-02-22 05:00:00-05:00",23.8,24.18,22.71,23.14,23.14,0
"CAN","Canaan Inc. - American Depositary Shares","2021-02-22 06:00:00-05:00",23.11,23.99,22.91,23.23,23.23,0
"CAN","Canaan Inc. - American Depositary Shares","2021-02-22 07:00:00-05:00",23.23,23.65,22.2,22.63,22.63,0
"CAN","Canaan Inc. - American Depositary Shares","2021-02-22 08:00:00-05:00",22.6,23.64,22.2001,22.5,22.5,0
"CAN","Canaan Inc. - American Depositary Shares","2021-02-22 09:00:00-05:00",22.5,22.82,20.55,20.74,20.74,0
"CAN","Canaan Inc. - American Depositary Shares","2021-02-22 09:30:00-05:00",21.14999961853028,24.799999237060547,20.68000030517578,23.56999969482422,23.56999969482422,14919668
"CAN","Canaan Inc. - American Depositary Shares","2021-02-22 10:30:00-05:00",23.56999969482422,24.59000015258789,22.60009956359864,22.70009994506836,22.70009994506836,5044646
"CAN","Canaan Inc. - American Depositary Shares","2021-02-22 11:30:00-05:00",22.75,23.3710994720459,21.0,21.075000762939453,21.075000762939453,4282048
"CAN","Canaan Inc. - American Depositary Shares","2021-02-22 12:30:00-05:00",21.09000015258789,21.8799991607666,20.14999961853028,21.180099487304688,21.180099487304688,3935606
"CAN","Canaan Inc. - American Depositary Shares","2021-02-22 13:30:00-05:00",21.174999237060547,22.549999237060547,21.100000381469727,21.595199584960938,21.595199584960938,2386869
"CAN","Canaan Inc. - American Depositary Shares","2021-02-22 14:30:00-05:00",21.565000534057617,21.989999771118164,21.0,21.14999961853028,21.14999961853028,2034768
"CAN","Canaan Inc. - American Depositary Shares","2021-02-22 15:30:00-05:00",21.11009979248047,21.149900436401367,20.57999992370605,20.83329963684082,20.83329963684082,1776980
"CAN","Canaan Inc. - American Depositary Shares","2021-02-22 16:00:00-05:00",21.0,22.46,20.85,22.28,22.28,0
"CAN","Canaan Inc. - American Depositary Shares","2021-02-22 17:00:00-05:00",22.28,22.46,21.57,21.66,21.66,0
"CAN","Canaan Inc. - American Depositary Shares","2021-02-22 18:00:00-05:00",21.66,21.73,21.3,21.49,21.49,0
"CAN","Canaan Inc. - American Depositary Shares","2021-02-23 04:00:00-05:00",19.45,19.45,17.3,18.11,18.11,0
"CAN","Canaan Inc. - American Depositary Shares","2021-02-23 05:00:00-05:00",18.14,18.33,17.85,17.91,17.91,0
"CAN","Canaan Inc. - American Depositary Shares","2021-02-23 06:00:00-05:00",17.91,17.95,16.95,17.25,17.25,0
"CAN","Canaan Inc. - American Depositary Shares","2021-02-23 07:00:00-05:00",17.2,17.85,16.8,17.15,17.15,0
"CAN","Canaan Inc. - American Depositary Shares","2021-02-23 08:00:00-05:00",17.18,18.0,16.8,17.02,17.02,0
"CAN","Canaan Inc. - American Depositary Shares","2021-02-23 09:00:00-05:00",17.02,17.13,16.6,16.64,16.64,0
"CAN","Canaan Inc. - American Depositary Shares","2021-02-23 09:30:00-05:00",16.93000030517578,18.68000030517578,14.979999542236328,18.56110000610352,18.56110000610352,13830935
"CAN","Canaan Inc. - American Depositary Shares","2021-02-23 10:30:00-05:00",18.510099411010746,19.670000076293945,17.75,18.459999084472656,18.459999084472656,5280657
"CAN","Canaan Inc. - American Depositary Shares","2021-02-23 11:30:00-05:00",18.45009994506836,18.93000030517578,17.5,18.114999771118164,18.114999771118164,2649157
"CAN","Canaan Inc. - American Depositary Shares","2021-02-23 12:30:00-05:00",18.1200008392334,18.280000686645508,17.64299964904785,17.959999084472656,17.959999084472656,1509146
"CAN","Canaan Inc. - American Depositary Shares","2021-02-23 13:30:00-05:00",17.925100326538086,18.010000228881836,16.90999984741211,17.09000015258789,17.09000015258789,1495718
"CAN","Canaan Inc. - American Depositary Shares","2021-02-23 14:30:00-05:00",17.079999923706055,17.850000381469727,16.045000076293945,17.674999237060547,17.674999237060547,2807073
"CAN","Canaan Inc. - American Depositary Shares","2021-02-23 15:30:00-05:00",17.709999084472656,18.14999961853028,17.225000381469727,17.722700119018555,17.722700119018555,1863918
"CAN","Canaan Inc. - American Depositary Shares","2021-02-23 16:00:00-05:00",17.8065,18.44,17.72,18.09,18.09,0
"CAN","Canaan Inc. - American Depositary Shares","2021-02-23 17:00:00-05:00",18.09,18.34,18.02,18.3,18.3,0
"CAN","Canaan Inc. - American Depositary Shares","2021-02-23 18:00:00-05:00",18.25,18.5,18.25,18.38,18.38,0
"CAN","Canaan Inc. - American Depositary Shares","2021-02-24 04:00:00-05:00",19.8,20.75,18.9,20.2,20.2,0
"CAN","Canaan Inc. - American Depositary Shares","2021-02-24 05:00:00-05:00",20.2,20.52,20.0,20.0,20.0,0
"CAN","Canaan Inc. - American Depositary Shares","2021-02-24 06:00:00-05:00",20.01,20.45,20.0,20.25,20.25,0
"CAN","Canaan Inc. - American Depositary Shares","2021-02-24 07:00:00-05:00",20.34,21.79,19.83,21.52,21.52,0
"CAN","Canaan Inc. - American Depositary Shares","2021-02-24 08:00:00-05:00",21.53,21.56,20.46,20.6,20.6,0
"CAN","Canaan Inc. - American Depositary Shares","2021-02-24 09:00:00-05:00",20.59,20.59,18.68,19.08,19.08,0
"CAN","Canaan Inc. - American Depositary Shares","2021-02-24 09:30:00-05:00",19.38999938964844,20.07999992370605,18.14999961853028,18.45009994506836,18.45009994506836,6079590
"CAN","Canaan Inc. - American Depositary Shares","2021-02-24 10:30:00-05:00",18.46999931335449,19.43000030517578,18.32010078430176,19.10009956359864,19.10009956359864,2676447
"CAN","Canaan Inc. - American Depositary Shares","2021-02-24 11:30:00-05:00",19.106000900268555,19.21999931335449,18.61009979248047,18.905000686645508,18.905000686645508,1483471
"CAN","Canaan Inc. - American Depositary Shares","2021-02-24 12:30:00-05:00",18.924999237060547,18.94799995422364,18.31010055541992,18.32010078430176,18.32010078430176,811161
"CAN","Canaan Inc. - American Depositary Shares","2021-02-24 13:30:00-05:00",18.325000762939453,18.489999771118164,18.100000381469727,18.17009925842285,18.17009925842285,695777
"CAN","Canaan Inc. - American Depositary Shares","2021-02-24 14:30:00-05:00",18.17659950256348,18.280000686645508,18.100000381469727,18.1299991607666,18.1299991607666,511642
"CAN","Canaan Inc. - American Depositary Shares","2021-02-24 15:30:00-05:00",18.128999710083008,18.5,18.030000686645508,18.5,18.5,677552
"CAN","Canaan Inc. - American Depositary Shares","2021-02-24 16:00:00-05:00",18.49,18.5,18.0,18.1,18.1,0
"CAN","Canaan Inc. - American Depositary Shares","2021-02-24 17:00:00-05:00",18.15,18.54,18.0,18.49,18.49,0
"CAN","Canaan Inc. - American Depositary Shares","2021-02-24 18:00:00-05:00",18.49,18.79,18.4,18.68,18.68,0
"CAN","Canaan Inc. - American Depositary Shares","2021-02-25 04:00:00-05:00",19.27,19.27,17.98,17.98,17.98,0
"CAN","Canaan Inc. - American Depositary Shares","2021-02-25 05:00:00-05:00",17.96,18.4,17.96,18.28,18.28,0
"CAN","Canaan Inc. - American Depositary Shares","2021-02-25 06:00:00-05:00",18.29,18.77,18.17,18.6,18.6,0
"CAN","Canaan Inc. - American Depositary Shares","2021-02-25 07:00:00-05:00",18.61,19.1,18.55,18.85,18.85,0
"CAN","Canaan Inc. - American Depositary Shares","2021-02-25 08:00:00-05:00",18.84,20.0,18.7,19.6999,19.6999,0
"CAN","Canaan Inc. - American Depositary Shares","2021-02-25 09:00:00-05:00",19.66,19.72,19.3,19.61,19.61,0
"CAN","Canaan Inc. - American Depositary Shares","2021-02-25 09:30:00-05:00",18.780000686645508,20.29450035095215,18.709999084472656,19.350000381469727,19.350000381469727,5812424
"CAN","Canaan Inc. - American Depositary Shares","2021-02-25 10:30:00-05:00",19.3700008392334,19.520000457763672,18.07999992370605,18.799999237060547,18.799999237060547,3635353
"CAN","Canaan Inc. - American Depositary Shares","2021-02-25 11:30:00-05:00",18.809999465942383,18.94989967346192,16.774999618530273,16.850000381469727,16.850000381469727,2683819
"CAN","Canaan Inc. - American Depositary Shares","2021-02-25 12:30:00-05:00",16.81999969482422,17.299999237060547,16.0,16.850000381469727,16.850000381469727,2137654
"CAN","Canaan Inc. - American Depositary Shares","2021-02-25 13:30:00-05:00",16.81999969482422,17.0,16.28019905090332,16.969999313354492,16.969999313354492,1100871
"CAN","Canaan Inc. - American Depositary Shares","2021-02-25 14:30:00-05:00",16.979999542236328,17.040000915527344,16.0,16.05500030517578,16.05500030517578,1091669
"CAN","Canaan Inc. - American Depositary Shares","2021-02-25 15:30:00-05:00",16.05500030517578,16.100000381469727,15.404999732971191,15.67389965057373,15.67389965057373,1276732
"CAN","Canaan Inc. - American Depositary Shares","2021-02-25 16:00:00-05:00",15.71,15.95,15.12,15.35,15.35,0
"CAN","Canaan Inc. - American Depositary Shares","2021-02-25 17:00:00-05:00",15.42,15.58,15.01,15.15,15.15,0
"CAN","Canaan Inc. - American Depositary Shares","2021-02-25 18:00:00-05:00",15.15,15.16,14.2,14.2,14.2,0
"CAN","Canaan Inc. - American Depositary Shares","2021-02-26 04:00:00-05:00",14.7,14.7,13.64,14.25,14.25,0
"CAN","Canaan Inc. - American Depositary Shares","2021-02-26 05:00:00-05:00",14.35,14.75,14.3,14.47,14.47,0
"CAN","Canaan Inc. - American Depositary Shares","2021-02-26 06:00:00-05:00",14.41,14.73,14.3,14.31,14.31,0
"CAN","Canaan Inc. - American Depositary Shares","2021-02-26 07:00:00-05:00",14.31,15.06,14.23,15.06,15.06,0
"CAN","Canaan Inc. - American Depositary Shares","2021-02-26 08:00:00-05:00",15.19,15.52,14.4,14.9,14.9,0
"CAN","Canaan Inc. - American Depositary Shares","2021-02-26 09:00:00-05:00",14.87,15.39,14.83,15.18,15.18,0
"CAN","Canaan Inc. - American Depositary Shares","2021-02-26 09:30:00-05:00",15.25,16.850000381469727,14.321999549865724,14.699999809265137,14.699999809265137,5669019
"CAN","Canaan Inc. - American Depositary Shares","2021-02-26 10:30:00-05:00",14.699999809265137,15.84000015258789,14.390000343322754,15.460000038146973,15.460000038146973,2318307
"CAN","Canaan Inc. - American Depositary Shares","2021-02-26 11:30:00-05:00",15.51509952545166,16.329999923706055,15.5,15.65999984741211,15.65999984741211,1451939
"CAN","Canaan Inc. - American Depositary Shares","2021-02-26 12:30:00-05:00",15.710000038146973,16.1200008392334,15.600000381469728,15.93000030517578,15.93000030517578,734342
"CAN","Canaan Inc. - American Depositary Shares","2021-02-26 13:30:00-05:00",15.93000030517578,15.970000267028809,15.157899856567385,15.320899963378906,15.320899963378906,1185199
"CAN","Canaan Inc. - American Depositary Shares","2021-02-26 14:30:00-05:00",15.300000190734863,15.550000190734863,15.010000228881836,15.039999961853027,15.039999961853027,1073148
"CAN","Canaan Inc. - American Depositary Shares","2021-02-26 15:30:00-05:00",15.0600004196167,15.56999969482422,15.039999961853027,15.140000343322754,15.140000343322754,688422
"CAN","Canaan Inc. - American Depositary Shares","2021-02-26 16:00:00-05:00",15.16,15.42,14.98,15.0,15.0,0
"CAN","Canaan Inc. - American Depositary Shares","2021-02-26 17:00:00-05:00",15.05,15.3,14.8,14.82,14.82,0
"CAN","Canaan Inc. - American Depositary Shares","2021-02-26 18:00:00-05:00",14.95,15.07,14.8,15.07,15.07,0
"CAN","Canaan Inc. - American Depositary Shares","2021-03-01 04:00:00-05:00",16.35,17.5,16.01,17.07,17.07,0
"CAN","Canaan Inc. - American Depositary Shares","2021-03-01 05:00:00-05:00",17.08,17.9,17.07,17.9,17.9,0
"CAN","Canaan Inc. - American Depositary Shares","2021-03-01 06:00:00-05:00",17.9,18.38,17.41,17.73,17.73,0
"CAN","Canaan Inc. - American Depositary Shares","2021-03-01 07:00:00-05:00",17.73,17.9,17.47,17.5,17.5,0
"CAN","Canaan Inc. - American Depositary Shares","2021-03-01 08:00:00-05:00",17.51,18.18,17.5,17.74,17.74,0
"CAN","Canaan Inc. - American Depositary Shares","2021-03-01 09:00:00-05:00",17.76,18.0,17.42,17.59,17.59,0
"CAN","Canaan Inc. - American Depositary Shares","2021-03-01 09:30:00-05:00",17.639999389648438,20.520000457763672,16.90999984741211,20.190000534057617,20.190000534057617,13112631
"CAN","Canaan Inc. - American Depositary Shares","2021-03-01 10:30:00-05:00",20.18899917602539,21.200000762939453,20.0,20.440000534057617,20.440000534057617,7156807
"CAN","Canaan Inc. - American Depositary Shares","2021-03-01 11:30:00-05:00",20.440000534057617,21.799999237060547,20.100000381469727,21.440000534057617,21.440000534057617,5905198
"CAN","Canaan Inc. - American Depositary Shares","2021-03-01 12:30:00-05:00",21.48500061035156,21.700000762939453,20.770000457763672,21.190000534057617,21.190000534057617,2565198
"CAN","Canaan Inc. - American Depositary Shares","2021-03-01 13:30:00-05:00",21.190000534057617,21.549999237060547,21.059999465942383,21.299999237060547,21.299999237060547,1584473
"CAN","Canaan Inc. - American Depositary Shares","2021-03-01 14:30:00-05:00",21.251100540161133,21.84000015258789,20.940000534057617,21.46540069580078,21.46540069580078,2014599
"CAN","Canaan Inc. - American Depositary Shares","2021-03-01 15:30:00-05:00",21.43869972229004,22.290000915527344,21.38999938964844,22.23500061035156,22.23500061035156,2478914
"CAN","Canaan Inc. - American Depositary Shares","2021-03-01 16:00:00-05:00",22.24,22.33,21.86,22.3,22.3,0
"CAN","Canaan Inc. - American Depositary Shares","2021-03-01 17:00:00-05:00",22.3,22.6,22.0,22.4,22.4,0
"CAN","Canaan Inc. - American Depositary Shares","2021-03-01 18:00:00-05:00",22.31,23.4,22.27,23.34,23.34,0
"CAN","Canaan Inc. - American Depositary Shares","2021-03-02 04:00:00-05:00",22.7,22.7,21.0,21.52,21.52,0
"CAN","Canaan Inc. - American Depositary Shares","2021-03-02 05:00:00-05:00",21.54,22.19,21.18,21.52,21.52,0
"CAN","Canaan Inc. - American Depositary Shares","2021-03-02 06:00:00-05:00",21.49,22.17,21.38,21.75,21.75,0
"CAN","Canaan Inc. - American Depositary Shares","2021-03-02 07:00:00-05:00",21.75,22.9,21.58,22.3,22.3,0
"CAN","Canaan Inc. - American Depositary Shares","2021-03-02 08:00:00-05:00",22.28,22.94,21.98,22.55,22.55,0
"CAN","Canaan Inc. - American Depositary Shares","2021-03-02 09:00:00-05:00",22.53,22.61,22.0,22.55,22.55,0
"CAN","Canaan Inc. - American Depositary Shares","2021-03-02 09:30:00-05:00",23.27499961853028,23.61000061035156,20.89999961853028,21.059999465942383,21.059999465942383,7416710
"CAN","Canaan Inc. - American Depositary Shares","2021-03-02 10:30:00-05:00",21.020000457763672,22.422700881958008,20.96999931335449,22.422700881958008,22.422700881958008,2232739
"CAN","Canaan Inc. - American Depositary Shares","2021-03-02 11:30:00-05:00",22.43000030517578,22.5,20.950000762939453,21.13999938964844,21.13999938964844,1988087
"CAN","Canaan Inc. - American Depositary Shares","2021-03-02 12:30:00-05:00",21.13999938964844,21.36000061035156,20.63999938964844,21.121999740600582,21.121999740600582,1466187
"CAN","Canaan Inc. - American Depositary Shares","2021-03-02 13:30:00-05:00",21.159900665283203,21.159900665283203,20.420000076293945,20.64999961853028,20.64999961853028,1000798
"CAN","Canaan Inc. - American Depositary Shares","2021-03-02 14:30:00-05:00",20.71999931335449,21.459999084472656,20.65999984741211,21.104999542236328,21.104999542236328,1247606
"CAN","Canaan Inc. - American Depositary Shares","2021-03-02 15:30:00-05:00",21.125,21.520000457763672,21.049999237060547,21.299999237060547,21.299999237060547,663713
"CAN","Canaan Inc. - American Depositary Shares","2021-03-02 16:00:00-05:00",21.34,21.55,21.17,21.39,21.39,0
"CAN","Canaan Inc. - American Depositary Shares","2021-03-02 17:00:00-05:00",21.24,21.33,21.16,21.3,21.3,0
"CAN","Canaan Inc. - American Depositary Shares","2021-03-02 18:00:00-05:00",21.23,21.52,20.73,21.48,21.48,0
"CAN","Canaan Inc. - American Depositary Shares","2021-03-03 04:00:00-05:00",22.75,25.8,22.75,25.42,25.42,0
"CAN","Canaan Inc. - American Depositary Shares","2021-03-03 05:00:00-05:00",25.41,25.88,25.33,25.36,25.36,0
"CAN","Canaan Inc. - American Depositary Shares","2021-03-03 06:00:00-05:00",25.37,25.69,25.33,25.6,25.6,0
"CAN","Canaan Inc. - American Depositary Shares","2021-03-03 07:00:00-05:00",25.59,25.9,25.07,25.32,25.32,0
"CAN","Canaan Inc. - American Depositary Shares","2021-03-03 08:00:00-05:00",25.33,26.75,25.18,25.5,25.5,0
"CAN","Canaan Inc. - American Depositary Shares","2021-03-03 09:00:00-05:00",25.5,25.52,23.76,23.86,23.86,0
"CAN","Canaan Inc. - American Depositary Shares","2021-03-03 09:30:00-05:00",24.31999969482422,25.299999237060547,22.8799991607666,24.13330078125,24.13330078125,11002921
"CAN","Canaan Inc. - American Depositary Shares","2021-03-03 10:30:00-05:00",24.09000015258789,25.200000762939453,23.21999931335449,25.040000915527344,25.040000915527344,3471009
"CAN","Canaan Inc. - American Depositary Shares","2021-03-03 11:30:00-05:00",25.040000915527344,25.170000076293945,23.809999465942383,23.89999961853028,23.89999961853028,1813819
"CAN","Canaan Inc. - American Depositary Shares","2021-03-03 12:30:00-05:00",23.915000915527344,24.34000015258789,23.540000915527344,23.71999931335449,23.71999931335449,1339585
"CAN","Canaan Inc. - American Depositary Shares","2021-03-03 13:30:00-05:00",23.70599937438965,23.9867000579834,22.229999542236328,22.489999771118164,22.489999771118164,1869200
"CAN","Canaan Inc. - American Depositary Shares","2021-03-03 14:30:00-05:00",22.5,23.0,21.850000381469727,22.559999465942383,22.559999465942383,1944618
"CAN","Canaan Inc. - American Depositary Shares","2021-03-03 15:30:00-05:00",22.600000381469727,22.950000762939453,22.26000022888184,22.700000762939453,22.700000762939453,1166103
"CAN","Canaan Inc. - American Depositary Shares","2021-03-03 16:00:00-05:00",22.73,23.48,22.62,23.0,23.0,0
"CAN","Canaan Inc. - American Depositary Shares","2021-03-03 17:00:00-05:00",23.0,23.68,22.94,23.35,23.35,0
"CAN","Canaan Inc. - American Depositary Shares","2021-03-03 18:00:00-05:00",23.35,24.38,23.3,23.38,23.38,0
"CAN","Canaan Inc. - American Depositary Shares","2021-03-04 04:00:00-05:00",23.87,23.87,20.0,20.12,20.12,0
"CAN","Canaan Inc. - American Depositary Shares","2021-03-04 05:00:00-05:00",20.15,22.5,20.1,22.44,22.44,0
"CAN","Canaan Inc. - American Depositary Shares","2021-03-04 06:00:00-05:00",22.44,22.44,21.0,21.14,21.14,0
"CAN","Canaan Inc. - American Depositary Shares","2021-03-04 07:00:00-05:00",21.14,22.93,21.0,22.13,22.13,0
"CAN","Canaan Inc. - American Depositary Shares","2021-03-04 08:00:00-05:00",22.14,22.99,21.4,22.14,22.14,0
"CAN","Canaan Inc. - American Depositary Shares","2021-03-04 09:00:00-05:00",22.13,22.64,22.0,22.11,22.11,0
"CAN","Canaan Inc. - American Depositary Shares","2021-03-04 09:30:00-05:00",21.924400329589844,24.950000762939453,20.39999961853028,21.864999771118164,21.864999771118164,6003837
"CAN","Canaan Inc. - American Depositary Shares","2021-03-04 10:30:00-05:00",21.86000061035156,23.170000076293945,21.5,22.31999969482422,22.31999969482422,2312133
"CAN","Canaan Inc. - American Depositary Shares","2021-03-04 11:30:00-05:00",22.33009910583496,23.450000762939453,22.0,22.22010040283203,22.22010040283203,1956948
"CAN","Canaan Inc. - American Depositary Shares","2021-03-04 12:30:00-05:00",22.295000076293945,22.420000076293945,20.51000022888184,21.020000457763672,21.020000457763672,2193942
"CAN","Canaan Inc. - American Depositary Shares","2021-03-04 13:30:00-05:00",21.020000457763672,21.020000457763672,19.0,20.64999961853028,20.64999961853028,2265570
"CAN","Canaan Inc. - American Depositary Shares","2021-03-04 14:30:00-05:00",20.57010078430176,20.8700008392334,19.680099487304688,20.309999465942383,20.309999465942383,1384976
"CAN","Canaan Inc. - American Depositary Shares","2021-03-04 15:30:00-05:00",20.299999237060547,20.709999084472656,20.270000457763672,20.61000061035156,20.61000061035156,1242328
"CAN","Canaan Inc. - American Depositary Shares","2021-03-04 16:00:00-05:00",20.62,21.15,20.61,21.02,21.02,0
"CAN","Canaan Inc. - American Depositary Shares","2021-03-04 17:00:00-05:00",21.02,21.3,20.0,20.0,20.0,0
"CAN","Canaan Inc. - American Depositary Shares","2021-03-04 18:00:00-05:00",20.32,20.35,19.5,19.81,19.81,0
"CAN","Canaan Inc. - American Depositary Shares","2021-03-05 04:00:00-05:00",18.96,20.2,18.83,19.52,19.52,0
"CAN","Canaan Inc. - American Depositary Shares","2021-03-05 05:00:00-05:00",19.35,20.14,19.21,20.13,20.13,0
"CAN","Canaan Inc. - American Depositary Shares","2021-03-05 06:00:00-05:00",20.14,20.38,19.83,20.32,20.32,0
"CAN","Canaan Inc. - American Depositary Shares","2021-03-05 07:00:00-05:00",20.33,20.82,19.87,20.0,20.0,0
"CAN","Canaan Inc. - American Depositary Shares","2021-03-05 08:00:00-05:00",19.98,20.91,19.87,20.9,20.9,0
"CAN","Canaan Inc. - American Depositary Shares","2021-03-05 09:00:00-05:00",20.9,22.39,19.95,22.39,22.39,0
"CAN","Canaan Inc. - American Depositary Shares","2021-03-05 09:30:00-05:00",21.46999931335449,21.83989906311035,19.0,19.26499938964844,19.26499938964844,4527168
"CAN","Canaan Inc. - American Depositary Shares","2021-03-05 10:30:00-05:00",19.299999237060547,19.299999237060547,17.280000686645508,17.299999237060547,17.299999237060547,3235305
"CAN","Canaan Inc. - American Depositary Shares","2021-03-05 11:30:00-05:00",17.260000228881836,18.96999931335449,17.110000610351562,18.90069961547852,18.90069961547852,1762730
"CAN","Canaan Inc. - American Depositary Shares","2021-03-05 12:30:00-05:00",18.959999084472656,19.74239921569824,18.70199966430664,19.700000762939453,19.700000762939453,1489639
"CAN","Canaan Inc. - American Depositary Shares","2021-03-05 13:30:00-05:00",19.701000213623047,20.13999938964844,18.809999465942383,19.23500061035156,19.23500061035156,1291846
"CAN","Canaan Inc. - American Depositary Shares","2021-03-05 14:30:00-05:00",19.256000518798828,19.644699096679688,19.01000022888184,19.520000457763672,19.520000457763672,1058821
"CAN","Canaan Inc. - American Depositary Shares","2021-03-05 15:30:00-05:00",19.52499961853028,20.309999465942383,19.5,19.96999931335449,19.96999931335449,865910
"CAN","Canaan Inc. - American Depositary Shares","2021-03-05 16:00:00-05:00",19.97,20.37,19.69,19.98,19.98,0
"CAN","Canaan Inc. - American Depositary Shares","2021-03-05 17:00:00-05:00",19.97,20.35,19.89,20.19,20.19,0
"CAN","Canaan Inc. - American Depositary Shares","2021-03-05 18:00:00-05:00",20.17,20.2,20.01,20.1,20.1,0
"CAN","Canaan Inc. - American Depositary Shares","2021-03-08 04:00:00-05:00",20.0,20.32,18.5,19.11,19.11,0
"CAN","Canaan Inc. - American Depositary Shares","2021-03-08 05:00:00-05:00",19.12,19.45,18.81,19.41,19.41,0
"CAN","Canaan Inc. - American Depositary Shares","2021-03-08 06:00:00-05:00",19.45,20.65,19.4,20.5,20.5,0
"CAN","Canaan Inc. - American Depositary Shares","2021-03-08 07:00:00-05:00",20.47,20.83,20.25,20.35,20.35,0
"CAN","Canaan Inc. - American Depositary Shares","2021-03-08 08:00:00-05:00",20.31,20.85,20.05,20.8,20.8,0
"CAN","Canaan Inc. - American Depositary Shares","2021-03-08 09:00:00-05:00",20.8,21.16,20.65,21.0,21.0,0
"CAN","Canaan Inc. - American Depositary Shares","2021-03-08 09:30:00-05:00",20.729400634765625,21.68000030517578,19.559999465942383,20.93000030517578,20.93000030517578,4636292
"CAN","Canaan Inc. - American Depositary Shares","2021-03-08 10:30:00-05:00",20.950000762939453,22.190000534057617,20.85400009155273,21.209999084472656,21.209999084472656,2825042
"CAN","Canaan Inc. - American Depositary Shares","2021-03-08 11:30:00-05:00",21.200000762939453,21.21699905395508,20.020000457763672,20.5049991607666,20.5049991607666,1608657
"CAN","Canaan Inc. - American Depositary Shares","2021-03-08 12:30:00-05:00",20.46999931335449,20.499900817871094,19.57999992370605,20.02989959716797,20.02989959716797,940139
"CAN","Canaan Inc. - American Depositary Shares","2021-03-08 13:30:00-05:00",20.0,20.069900512695312,19.190000534057617,19.32539939880371,19.32539939880371,852222
"CAN","Canaan Inc. - American Depositary Shares","2021-03-08 14:30:00-05:00",19.354999542236328,19.520000457763672,19.0,19.100000381469727,19.100000381469727,713055
"CAN","Canaan Inc. - American Depositary Shares","2021-03-08 15:30:00-05:00",19.100000381469727,19.31999969482422,19.01000022888184,19.064599990844727,19.064599990844727,653511
"CAN","Canaan Inc. - American Depositary Shares","2021-03-08 16:00:00-05:00",19.07,19.32,19.07,19.12,19.12,0
"CAN","Canaan Inc. - American Depositary Shares","2021-03-08 17:00:00-05:00",19.15,19.4,19.07,19.25,19.25,0
"CAN","Canaan Inc. - American Depositary Shares","2021-03-08 18:00:00-05:00",19.25,19.94,19.13,19.9,19.9,0
"CAN","Canaan Inc. - American Depositary Shares","2021-03-09 04:00:00-05:00",20.5,22.5,20.23,21.77,21.77,0
"CAN","Canaan Inc. - American Depositary Shares","2021-03-09 05:00:00-05:00",21.77,22.27,21.63,21.9,21.9,0
"CAN","Canaan Inc. - American Depositary Shares","2021-03-09 06:00:00-05:00",21.9,22.06,21.7,21.89,21.89,0
"CAN","Canaan Inc. - American Depositary Shares","2021-03-09 07:00:00-05:00",21.85,21.85,21.21,21.33,21.33,0
"CAN","Canaan Inc. - American Depositary Shares","2021-03-09 08:00:00-05:00",21.34,21.75,21.2,21.48,21.48,0
"CAN","Canaan Inc. - American Depositary Shares","2021-03-09 09:00:00-05:00",21.48,21.95,21.38,21.83,21.83,0
"CAN","Canaan Inc. - American Depositary Shares","2021-03-09 09:30:00-05:00",21.738399505615234,26.040000915527344,21.31999969482422,24.59000015258789,24.59000015258789,13683180
"CAN","Canaan Inc. - American Depositary Shares","2021-03-09 10:30:00-05:00",24.59670066833496,25.549999237060547,24.07999992370605,25.3700008392334,25.3700008392334,5552846
"CAN","Canaan Inc. - American Depositary Shares","2021-03-09 11:30:00-05:00",25.395000457763672,26.440000534057617,25.299999237060547,25.725000381469727,25.725000381469727,4679916
"CAN","Canaan Inc. - American Depositary Shares","2021-03-09 12:30:00-05:00",25.738300323486328,26.549999237060547,25.559999465942383,26.19420051574707,26.19420051574707,2620649
"CAN","Canaan Inc. - American Depositary Shares","2021-03-09 13:30:00-05:00",26.14999961853028,26.68000030517578,25.799999237060547,26.3700008392334,26.3700008392334,2442648
"CAN","Canaan Inc. - American Depositary Shares","2021-03-09 14:30:00-05:00",26.3799991607666,30.290000915527344,26.21999931335449,29.090499877929688,29.090499877929688,8054675
"CAN","Canaan Inc. - American Depositary Shares","2021-03-09 15:30:00-05:00",29.02989959716797,29.83989906311035,28.51000022888184,28.809999465942383,28.809999465942383,2998843
"CAN","Canaan Inc. - American Depositary Shares","2021-03-09 16:00:00-05:00",28.69,28.98,28.21,28.51,28.51,0
"CAN","Canaan Inc. - American Depositary Shares","2021-03-09 17:00:00-05:00",28.51,29.52,28.36,29.39,29.39,0
"CAN","Canaan Inc. - American Depositary Shares","2021-03-09 18:00:00-05:00",29.39,29.43,28.39,28.89,28.89,0
"CAN","Canaan Inc. - American Depositary Shares","2021-03-10 04:00:00-05:00",29.8,30.0,29.0,29.65,29.65,0
"CAN","Canaan Inc. - American Depositary Shares","2021-03-10 05:00:00-05:00",29.69,31.78,29.69,31.06,31.06,0
"CAN","Canaan Inc. - American Depositary Shares","2021-03-10 06:00:00-05:00",31.05,31.14,29.35,29.56,29.56,0
"CAN","Canaan Inc. - American Depositary Shares","2021-03-10 07:00:00-05:00",29.75,31.4,29.42,30.58,30.58,0
"CAN","Canaan Inc. - American Depositary Shares","2021-03-10 08:00:00-05:00",30.6,31.47,29.71,31.02,31.02,0
"CAN","Canaan Inc. - American Depositary Shares","2021-03-10 09:00:00-05:00",31.02,33.5,30.9,32.75,32.75,0
"CAN","Canaan Inc. - American Depositary Shares","2021-03-10 09:30:00-05:00",31.799999237060547,32.43000030517578,26.39999961853028,26.39999961853028,26.39999961853028,15752356
"CAN","Canaan Inc. - American Depositary Shares","2021-03-10 10:30:00-05:00",26.39999961853028,29.530000686645508,26.3700008392334,28.887300491333008,28.887300491333008,5974065
"CAN","Canaan Inc. - American Depositary Shares","2021-03-10 11:30:00-05:00",28.88999938964844,30.600000381469727,27.89999961853028,29.2549991607666,29.2549991607666,3441690
"CAN","Canaan Inc. - American Depositary Shares","2021-03-10 12:30:00-05:00",29.25,29.46999931335449,27.809999465942383,29.26000022888184,29.26000022888184,2246390
"CAN","Canaan Inc. - American Depositary Shares","2021-03-10 13:30:00-05:00",29.31999969482422,31.200000762939453,28.39999961853028,31.191999435424805,31.191999435424805,3467029
"CAN","Canaan Inc. - American Depositary Shares","2021-03-10 14:30:00-05:00",31.165000915527344,31.3799991607666,29.13999938964844,29.670000076293945,29.670000076293945,3047397
"CAN","Canaan Inc. - American Depositary Shares","2021-03-10 15:30:00-05:00",29.63500022888184,29.93000030517578,27.90999984741211,27.90999984741211,27.90999984741211,2147786
"CAN","Canaan Inc. - American Depositary Shares","2021-03-10 16:00:00-05:00",27.91,29.0,27.2,28.64,28.64,0
"CAN","Canaan Inc. - American Depositary Shares","2021-03-10 17:00:00-05:00",28.9,28.95,28.41,28.79,28.79,0
"CAN","Canaan Inc. - American Depositary Shares","2021-03-10 18:00:00-05:00",28.8,28.8,27.45,27.45,27.45,0
"CAN","Canaan Inc. - American Depositary Shares","2021-03-11 04:00:00-05:00",27.7,29.04,26.28,28.83,28.83,0
"CAN","Canaan Inc. - American Depositary Shares","2021-03-11 05:00:00-05:00",28.83,29.19,27.6,28.47,28.47,0
"CAN","Canaan Inc. - American Depositary Shares","2021-03-11 06:00:00-05:00",28.38,29.5,28.02,28.76,28.76,0
"CAN","Canaan Inc. - American Depositary Shares","2021-03-11 07:00:00-05:00",28.76,29.76,28.62,29.46,29.46,0
"CAN","Canaan Inc. - American Depositary Shares","2021-03-11 08:00:00-05:00",29.46,30.15,29.0,29.87,29.87,0
"CAN","Canaan Inc. - American Depositary Shares","2021-03-11 09:00:00-05:00",29.81,29.99,29.13,29.43,29.43,0
"CAN","Canaan Inc. - American Depositary Shares","2021-03-11 09:30:00-05:00",29.46999931335449,31.396699905395508,28.7189998626709,29.739999771118164,29.739999771118164,6048957
"CAN","Canaan Inc. - American Depositary Shares","2021-03-11 10:30:00-05:00",29.71999931335449,30.209999084472656,29.309999465942383,30.021499633789062,30.021499633789062,1859591
"CAN","Canaan Inc. - American Depositary Shares","2021-03-11 11:30:00-05:00",30.02499961853028,30.75,29.709999084472656,30.3700008392334,30.3700008392334,2179415
"CAN","Canaan Inc. - American Depositary Shares","2021-03-11 12:30:00-05:00",30.34000015258789,32.099998474121094,30.34000015258789,32.09189987182617,32.09189987182617,3286861
"CAN","Canaan Inc. - American Depositary Shares","2021-03-11 13:30:00-05:00",32.099998474121094,33.33000183105469,31.809999465942383,33.029998779296875,33.029998779296875,4470915
"CAN","Canaan Inc. - American Depositary Shares","2021-03-11 14:30:00-05:00",33.060001373291016,34.29999923706055,32.77000045776367,34.22999954223633,34.22999954223633,3701117
"CAN","Canaan Inc. - American Depositary Shares","2021-03-11 15:30:00-05:00",34.209999084472656,36.79999923706055,33.910099029541016,36.40999984741211,36.40999984741211,4705630
"CAN","Canaan Inc. - American Depositary Shares","2021-03-11 16:00:00-05:00",36.4,37.9,36.09,36.45,36.45,0
"CAN","Canaan Inc. - American Depositary Shares","2021-03-11 17:00:00-05:00",36.4,37.21,36.25,36.69,36.69,0
"CAN","Canaan Inc. - American Depositary Shares","2021-03-11 18:00:00-05:00",36.65,38.2,36.57,36.9,36.9,0
"CAN","Canaan Inc. - American Depositary Shares","2021-03-12 04:00:00-05:00",35.0,36.5,31.57,33.71,33.71,0
"CAN","Canaan Inc. - American Depositary Shares","2021-03-12 05:00:00-05:00",33.73,33.98,32.22,32.66,32.66,0
"CAN","Canaan Inc. - American Depositary Shares","2021-03-12 06:00:00-05:00",32.62,34.15,32.62,33.61,33.61,0
"CAN","Canaan Inc. - American Depositary Shares","2021-03-12 07:00:00-05:00",33.61,35.1,33.6,34.34,34.34,0
"CAN","Canaan Inc. - American Depositary Shares","2021-03-12 08:00:00-05:00",34.34,35.1,31.98,31.99,31.99,0
"CAN","Canaan Inc. - American Depositary Shares","2021-03-12 09:00:00-05:00",32.01,32.9,31.61,31.86,31.86,0
"CAN","Canaan Inc. - American Depositary Shares","2021-03-12 09:30:00-05:00",31.709999084472656,38.400001525878906,31.21999931335449,38.13999938964844,38.13999938964844,11873253
"CAN","Canaan Inc. - American Depositary Shares","2021-03-12 10:30:00-05:00",38.13999938964844,39.09999847412109,36.58000183105469,38.54999923706055,38.54999923706055,6271123
"CAN","Canaan Inc. - American Depositary Shares","2021-03-12 11:30:00-05:00",38.58000183105469,38.59999847412109,36.5,37.25550079345703,37.25550079345703,3811701
"CAN","Canaan Inc. - American Depositary Shares","2021-03-12 12:30:00-05:00",37.25,37.30989837646485,35.099998474121094,35.80580139160156,35.80580139160156,2873448
"CAN","Canaan Inc. - American Depositary Shares","2021-03-12 13:30:00-05:00",35.790000915527344,35.849998474121094,34.20000076293945,34.69919967651367,34.69919967651367,2254746
"CAN","Canaan Inc. - American Depositary Shares","2021-03-12 14:30:00-05:00",34.62689971923828,36.18999862670898,34.584999084472656,34.97999954223633,34.97999954223633,1513457
"CAN","Canaan Inc. - American Depositary Shares","2021-03-12 15:30:00-05:00",35.0,35.470001220703125,34.5,34.630001068115234,34.630001068115234,1083414
"CAN","Canaan Inc. - American Depositary Shares","2021-03-12 16:00:00-05:00",34.63,35.13,32.3,34.9,34.9,0
"CAN","Canaan Inc. - American Depositary Shares","2021-03-12 17:00:00-05:00",35.0,35.45,34.92,35.25,35.25,0
"CAN","Canaan Inc. - American Depositary Shares","2021-03-12 18:00:00-05:00",35.29,35.39,35.19,35.34,35.34,0
"CAN","Canaan Inc. - American Depositary Shares","2021-03-15 04:00:00-04:00",36.0,38.75,36.0,38.25,38.25,0
"CAN","Canaan Inc. - American Depositary Shares","2021-03-15 05:00:00-04:00",38.26,38.26,35.05,35.11,35.11,0
"CAN","Canaan Inc. - American Depositary Shares","2021-03-15 06:00:00-04:00",35.17,36.17,34.6,35.47,35.47,0
"CAN","Canaan Inc. - American Depositary Shares","2021-03-15 07:00:00-04:00",35.47,36.65,35.35,36.03,36.03,0
"CAN","Canaan Inc. - American Depositary Shares","2021-03-15 08:00:00-04:00",36.03,36.51,33.68,34.0,34.0,0
"CAN","Canaan Inc. - American Depositary Shares","2021-03-15 09:00:00-04:00",34.17,35.49,33.91,34.88,34.88,0
"CAN","Canaan Inc. - American Depositary Shares","2021-03-15 09:30:00-04:00",35.404998779296875,37.77999877929688,35.20000076293945,36.47520065307617,36.47520065307617,7624973
"CAN","Canaan Inc. - American Depositary Shares","2021-03-15 10:30:00-04:00",36.400001525878906,36.48630142211914,33.54999923706055,33.79499816894531,33.79499816894531,3277410
"CAN","Canaan Inc. - American Depositary Shares","2021-03-15 11:30:00-04:00",33.81999969482422,34.43000030517578,33.029998779296875,33.685001373291016,33.685001373291016,1965782
"CAN","Canaan Inc. - American Depositary Shares","2021-03-15 12:30:00-04:00",33.689998626708984,33.79999923706055,31.3700008392334,31.65999984741211,31.65999984741211,2194634
"CAN","Canaan Inc. - American Depositary Shares","2021-03-15 13:30:00-04:00",31.65800094604492,33.209999084472656,31.6299991607666,32.90700149536133,32.90700149536133,2044563
"CAN","Canaan Inc. - American Depositary Shares","2021-03-15 14:30:00-04:00",32.90999984741211,33.130001068115234,32.52000045776367,32.81999969482422,32.81999969482422,887119
"CAN","Canaan Inc. - American Depositary Shares","2021-03-15 15:30:00-04:00",32.869998931884766,33.709999084472656,32.84000015258789,33.439998626708984,33.439998626708984,986686
"CAN","Canaan Inc. - American Depositary Shares","2021-03-15 16:00:00-04:00",33.55,34.0,33.3,33.5,33.5,0
"CAN","Canaan Inc. - American Depositary Shares","2021-03-15 17:00:00-04:00",33.46,33.9,33.4,33.89,33.89,0
"CAN","Canaan Inc. - American Depositary Shares","2021-03-15 18:00:00-04:00",33.89,33.89,33.22,33.45,33.45,0
"CAN","Canaan Inc. - American Depositary Shares","2021-03-15 19:00:00-04:00",33.5,33.55,33.03,33.0601,33.0601,0
"CAN","Canaan Inc. - American Depositary Shares","2021-03-16 04:00:00-04:00",33.15,33.65,31.5,32.9,32.9,0
"CAN","Canaan Inc. - American Depositary Shares","2021-03-16 05:00:00-04:00",32.9,33.76,32.9,33.53,33.53,0
"CAN","Canaan Inc. - American Depositary Shares","2021-03-16 06:00:00-04:00",33.53,33.75,33.0,33.0,33.0,0
"CAN","Canaan Inc. - American Depositary Shares","2021-03-16 07:00:00-04:00",33.0,33.51,32.5,32.86,32.86,0
"CAN","Canaan Inc. - American Depositary Shares","2021-03-16 08:00:00-04:00",32.99,33.6,31.28,31.7,31.7,0
"CAN","Canaan Inc. - American Depositary Shares","2021-03-16 09:00:00-04:00",31.7,32.19,31.42,31.86,31.86,0
"CAN","Canaan Inc. - American Depositary Shares","2021-03-16 09:30:00-04:00",32.41999816894531,32.8390007019043,30.450000762939453,32.25,32.25,3755716
"CAN","Canaan Inc. - American Depositary Shares","2021-03-16 10:30:00-04:00",32.27000045776367,33.45000076293945,31.89999961853028,32.88999938964844,32.88999938964844,1534936
"CAN","Canaan Inc. - American Depositary Shares","2021-03-16 11:30:00-04:00",32.849998474121094,33.09000015258789,31.40999984741211,31.57999992370605,31.57999992370605,1303461
"CAN","Canaan Inc. - American Depositary Shares","2021-03-16 12:30:00-04:00",31.540000915527344,32.06999969482422,30.773099899291992,30.853099822998047,30.853099822998047,984026
"CAN","Canaan Inc. - American Depositary Shares","2021-03-16 13:30:00-04:00",30.86000061035156,31.209999084472656,28.600000381469727,28.871000289916992,28.871000289916992,2593468
"CAN","Canaan Inc. - American Depositary Shares","2021-03-16 14:30:00-04:00",28.87660026550293,29.5,28.01000022888184,29.239999771118164,29.239999771118164,2527309
"CAN","Canaan Inc. - American Depositary Shares","2021-03-16 15:30:00-04:00",29.239999771118164,29.46999931335449,28.600000381469727,28.93000030517578,28.93000030517578,1548805
"CAN","Canaan Inc. - American Depositary Shares","2021-03-16 16:00:00-04:00",28.95,30.75,28.93,30.33,30.33,0
"CAN","Canaan Inc. - American Depositary Shares","2021-03-16 17:00:00-04:00",30.43,30.6499,30.2,30.52,30.52,0
"CAN","Canaan Inc. - American Depositary Shares","2021-03-16 18:00:00-04:00",30.51,31.08,30.25,30.54,30.54,0
"CAN","Canaan Inc. - American Depositary Shares","2021-03-16 19:00:00-04:00",30.54,30.83,30.35,30.66,30.66,0
"CAN","Canaan Inc. - American Depositary Shares","2021-03-17 04:00:00-04:00",30.05,30.5,29.8,29.87,29.87,0
"CAN","Canaan Inc. - American Depositary Shares","2021-03-17 05:00:00-04:00",29.87,30.0,28.77,29.39,29.39,0
"CAN","Canaan Inc. - American Depositary Shares","2021-03-17 06:00:00-04:00",29.39,29.41,27.49,28.5,28.5,0
"CAN","Canaan Inc. - American Depositary Shares","2021-03-17 07:00:00-04:00",28.5,28.67,27.53,27.82,27.82,0
"CAN","Canaan Inc. - American Depositary Shares","2021-03-17 08:00:00-04:00",27.69,28.5,27.28,27.74,27.74,0
"CAN","Canaan Inc. - American Depositary Shares","2021-03-17 09:00:00-04:00",27.74,28.15,27.7,27.79,27.79,0
"CAN","Canaan Inc. - American Depositary Shares","2021-03-17 09:30:00-04:00",28.56999969482422,30.21199989318848,28.020000457763672,28.174999237060547,28.174999237060547,5770120
"CAN","Canaan Inc. - American Depositary Shares","2021-03-17 10:30:00-04:00",28.1963005065918,28.25,26.93680000305176,27.75,27.75,2850587
"CAN","Canaan Inc. - American Depositary Shares","2021-03-17 11:30:00-04:00",27.75,29.040000915527344,26.940000534057617,28.8700008392334,28.8700008392334,2437629
"CAN","Canaan Inc. - American Depositary Shares","2021-03-17 12:30:00-04:00",28.870100021362305,29.0,28.0,28.424999237060547,28.424999237060547,1446832
"CAN","Canaan Inc. - American Depositary Shares","2021-03-17 13:30:00-04:00",28.390100479125977,32.38999938964844,28.350000381469727,30.280000686645508,30.280000686645508,4494131
"CAN","Canaan Inc. - American Depositary Shares","2021-03-17 14:30:00-04:00",30.290000915527344,32.378700256347656,29.670000076293945,31.1200008392334,31.1200008392334,4041006
"CAN","Canaan Inc. - American Depositary Shares","2021-03-17 15:30:00-04:00",31.14240074157715,32.33000183105469,31.114500045776367,32.29850006103516,32.29850006103516,2464932
"CAN","Canaan Inc. - American Depositary Shares","2021-03-17 16:00:00-04:00",32.3,32.5,31.8,32.15,32.15,0
"CAN","Canaan Inc. - American Depositary Shares","2021-03-17 17:00:00-04:00",32.19,32.95,32.15,32.88,32.88,0
"CAN","Canaan Inc. - American Depositary Shares","2021-03-17 18:00:00-04:00",32.88,33.25,32.7,32.9,32.9,0
"CAN","Canaan Inc. - American Depositary Shares","2021-03-17 19:00:00-04:00",32.9,32.95,32.75,32.89,32.89,0
"CAN","Canaan Inc. - American Depositary Shares","2021-03-18 04:00:00-04:00",33.91,33.91,31.68,32.2,32.2,0
"CAN","Canaan Inc. - American Depositary Shares","2021-03-18 05:00:00-04:00",32.1,32.23,31.01,32.19,32.19,0
"CAN","Canaan Inc. - American Depositary Shares","2021-03-18 06:00:00-04:00",32.19,32.4,32.0,32.23,32.23,0
"CAN","Canaan Inc. - American Depositary Shares","2021-03-18 07:00:00-04:00",32.24,32.69,32.17,32.2,32.2,0
"CAN","Canaan Inc. - American Depositary Shares","2021-03-18 08:00:00-04:00",32.18,32.69,30.55,31.1,31.1,0
"CAN","Canaan Inc. - American Depositary Shares","2021-03-18 09:00:00-04:00",31.08,31.4,30.75,31.1,31.1,0
"CAN","Canaan Inc. - American Depositary Shares","2021-03-18 09:30:00-04:00",31.299999237060547,31.799999237060547,29.59000015258789,30.6200008392334,30.6200008392334,4224626
"CAN","Canaan Inc. - American Depositary Shares","2021-03-18 10:30:00-04:00",30.51000022888184,31.57999992370605,29.90999984741211,31.57900047302246,31.57900047302246,2491475
"CAN","Canaan Inc. - American Depositary Shares","2021-03-18 11:30:00-04:00",31.600000381469727,32.88999938964844,30.440000534057617,31.43000030517578,31.43000030517578,5160469
"CAN","Canaan Inc. - American Depositary Shares","2021-03-18 12:30:00-04:00",31.424999237060547,31.68000030517578,30.26000022888184,30.729999542236328,30.729999542236328,1969730
"CAN","Canaan Inc. - American Depositary Shares","2021-03-18 13:30:00-04:00",30.70009994506836,30.70009994506836,29.61100006103516,29.6299991607666,29.6299991607666,1706140
"CAN","Canaan Inc. - American Depositary Shares","2021-03-18 14:30:00-04:00",29.700000762939453,29.90999984741211,28.59000015258789,28.979999542236328,28.979999542236328,1676554
"CAN","Canaan Inc. - American Depositary Shares","2021-03-18 15:30:00-04:00",28.959999084472656,29.09000015258789,28.520000457763672,28.825000762939453,28.825000762939453,1051112
"CAN","Canaan Inc. - American Depositary Shares","2021-03-18 16:00:00-04:00",28.83,29.45,28.82,28.9,28.9,0
"CAN","Canaan Inc. - American Depositary Shares","2021-03-18 17:00:00-04:00",28.95,29.0,28.58,28.66,28.66,0
"CAN","Canaan Inc. - American Depositary Shares","2021-03-18 18:00:00-04:00",28.79,29.4,28.69,28.94,28.94,0
"CAN","Canaan Inc. - American Depositary Shares","2021-03-18 19:00:00-04:00",28.8,28.98,28.5,28.55,28.55,0
"CAN","Canaan Inc. - American Depositary Shares","2021-03-19 04:00:00-04:00",29.5,29.69,28.8,29.48,29.48,0
"CAN","Canaan Inc. - American Depositary Shares","2021-03-19 05:00:00-04:00",29.48,30.15,29.35,29.9,29.9,0
"CAN","Canaan Inc. - American Depositary Shares","2021-03-19 06:00:00-04:00",29.91,30.08,29.58,29.62,29.62,0
"CAN","Canaan Inc. - American Depositary Shares","2021-03-19 07:00:00-04:00",29.65,29.78,29.35,29.51,29.51,0
"CAN","Canaan Inc. - American Depositary Shares","2021-03-19 08:00:00-04:00",29.57,30.08,29.3,29.89,29.89,0
"CAN","Canaan Inc. - American Depositary Shares","2021-03-19 09:00:00-04:00",29.88,29.98,28.77,29.04,29.04,0
"CAN","Canaan Inc. - American Depositary Shares","2021-03-19 09:30:00-04:00",28.76799964904785,29.420000076293945,27.312400817871094,28.81999969482422,28.81999969482422,4439794
"CAN","Canaan Inc. - American Depositary Shares","2021-03-19 10:30:00-04:00",28.729999542236328,29.39999961853028,28.18000030517578,28.459999084472656,28.459999084472656,1652274
"CAN","Canaan Inc. - American Depositary Shares","2021-03-19 11:30:00-04:00",28.522300720214844,29.25,28.39999961853028,28.71999931335449,28.71999931335449,1269754
"CAN","Canaan Inc. - American Depositary Shares","2021-03-19 12:30:00-04:00",28.709999084472656,28.88999938964844,27.850000381469727,27.90999984741211,27.90999984741211,1189672
"CAN","Canaan Inc. - American Depositary Shares","2021-03-19 13:30:00-04:00",27.90399932861328,28.3700008392334,27.600000381469727,27.67009925842285,27.67009925842285,1186878
"CAN","Canaan Inc. - American Depositary Shares","2021-03-19 14:30:00-04:00",27.674999237060547,28.07999992370605,27.5,27.67020034790039,27.67020034790039,877570
"CAN","Canaan Inc. - American Depositary Shares","2021-03-19 15:30:00-04:00",27.670000076293945,27.76000022888184,27.559999465942383,27.61000061035156,27.61000061035156,736168
"CAN","Canaan Inc. - American Depositary Shares","2021-03-19 16:00:00-04:00",27.62,27.7,27.33,27.36,27.36,0
"CAN","Canaan Inc. - American Depositary Shares","2021-03-19 17:00:00-04:00",27.43,27.62,27.36,27.5,27.5,0
"CAN","Canaan Inc. - American Depositary Shares","2021-03-19 18:00:00-04:00",27.5,27.5,27.35,27.39,27.39,0
"CAN","Canaan Inc. - American Depositary Shares","2021-03-19 19:00:00-04:00",27.4,27.65,27.4,27.5,27.5,0
"CAN","Canaan Inc. - American Depositary Shares","2021-03-22 04:00:00-04:00",27.62,27.9,27.19,27.59,27.59,0
"CAN","Canaan Inc. - American Depositary Shares","2021-03-22 05:00:00-04:00",27.59,27.63,26.73,26.76,26.76,0
"CAN","Canaan Inc. - American Depositary Shares","2021-03-22 06:00:00-04:00",26.78,27.59,26.76,27.39,27.39,0
"CAN","Canaan Inc. - American Depositary Shares","2021-03-22 07:00:00-04:00",27.37,27.87,27.37,27.57,27.57,0
"CAN","Canaan Inc. - American Depositary Shares","2021-03-22 08:00:00-04:00",27.56,27.9,26.89,26.89,26.89,0
"CAN","Canaan Inc. - American Depositary Shares","2021-03-22 09:00:00-04:00",26.9,27.09,26.5,26.97,26.97,0
"CAN","Canaan Inc. - American Depositary Shares","2021-03-22 09:30:00-04:00",26.75,27.25,24.90999984741211,25.15999984741211,25.15999984741211,5615589
"CAN","Canaan Inc. - American Depositary Shares","2021-03-22 10:30:00-04:00",25.15999984741211,26.21999931335449,24.5,25.100000381469727,25.100000381469727,3254920
"CAN","Canaan Inc. - American Depositary Shares","2021-03-22 11:30:00-04:00",25.11000061035156,25.32999992370605,24.88999938964844,24.982799530029297,24.982799530029297,1887327
"CAN","Canaan Inc. - American Depositary Shares","2021-03-22 12:30:00-04:00",24.96500015258789,24.979999542236328,24.26000022888184,24.6427001953125,24.6427001953125,1849869
"CAN","Canaan Inc. - American Depositary Shares","2021-03-22 13:30:00-04:00",24.655000686645508,24.790000915527344,24.43000030517578,24.59000015258789,24.59000015258789,1290808
"CAN","Canaan Inc. - American Depositary Shares","2021-03-22 14:30:00-04:00",24.57999992370605,24.64999961853028,22.559999465942383,22.979999542236328,22.979999542236328,4056074
"CAN","Canaan Inc. - American Depositary Shares","2021-03-22 15:30:00-04:00",22.95499992370605,23.31999969482422,22.450000762939453,23.030000686645508,23.030000686645508,2386554
"CAN","Canaan Inc. - American Depositary Shares","2021-03-22 16:00:00-04:00",22.97,22.97,22.25,22.26,22.26,0
"CAN","Canaan Inc. - American Depositary Shares","2021-03-22 17:00:00-04:00",22.27,22.97,22.02,22.18,22.18,0
"CAN","Canaan Inc. - American Depositary Shares","2021-03-22 18:00:00-04:00",22.18,22.39,22.0,22.2,22.2,0
"CAN","Canaan Inc. - American Depositary Shares","2021-03-22 19:00:00-04:00",22.2,22.5,22.16,22.25,22.25,0
"CAN","Canaan Inc. - American Depositary Shares","2021-03-23 04:00:00-04:00",21.0,22.0,21.0,21.5,21.5,0
"CAN","Canaan Inc. - American Depositary Shares","2021-03-23 05:00:00-04:00",21.5,22.0,21.45,22.0,22.0,0
"CAN","Canaan Inc. - American Depositary Shares","2021-03-23 06:00:00-04:00",21.99,22.0,21.64,21.75,21.75,0
"CAN","Canaan Inc. - American Depositary Shares","2021-03-23 07:00:00-04:00",21.79,22.33,21.7,22.01,22.01,0
"CAN","Canaan Inc. - American Depositary Shares","2021-03-23 08:00:00-04:00",22.04,22.32,21.6,22.05,22.05,0
"CAN","Canaan Inc. - American Depositary Shares","2021-03-23 09:00:00-04:00",22.05,22.65,21.86,22.27,22.27,0
"CAN","Canaan Inc. - American Depositary Shares","2021-03-23 09:30:00-04:00",22.299999237060547,23.782400131225582,21.3799991607666,21.440000534057617,21.440000534057617,6327880
"CAN","Canaan Inc. - American Depositary Shares","2021-03-23 10:30:00-04:00",21.4950008392334,21.6200008392334,19.89999961853028,21.239999771118164,21.239999771118164,7018795
"CAN","Canaan Inc. - American Depositary Shares","2021-03-23 11:30:00-04:00",21.239999771118164,21.96999931335449,20.700000762939453,21.8700008392334,21.8700008392334,1781151
"CAN","Canaan Inc. - American Depositary Shares","2021-03-23 12:30:00-04:00",21.89999961853028,22.96999931335449,21.809999465942383,22.46999931335449,22.46999931335449,2087992
"CAN","Canaan Inc. - American Depositary Shares","2021-03-23 13:30:00-04:00",22.43989944458008,22.600000381469727,21.39999961853028,21.541000366210938,21.541000366210938,1151439
"CAN","Canaan Inc. - American Depositary Shares","2021-03-23 14:30:00-04:00",21.540000915527344,21.600000381469727,20.8799991607666,21.200000762939453,21.200000762939453,1309166
"CAN","Canaan Inc. - American Depositary Shares","2021-03-23 15:30:00-04:00",21.190000534057617,21.483200073242188,20.89999961853028,21.09000015258789,21.09000015258789,1075225
"CAN","Canaan Inc. - American Depositary Shares","2021-03-23 16:00:00-04:00",21.06,21.44,21.02,21.02,21.02,0
"CAN","Canaan Inc. - American Depositary Shares","2021-03-23 17:00:00-04:00",21.02,21.06,20.8,20.99,20.99,0
"CAN","Canaan Inc. - American Depositary Shares","2021-03-23 18:00:00-04:00",20.99,20.99,20.87,20.89,20.89,0
"CAN","Canaan Inc. - American Depositary Shares","2021-03-23 19:00:00-04:00",20.89,20.89,20.68,20.86,20.86,0
"CAN","Canaan Inc. - American Depositary Shares","2021-03-24 04:00:00-04:00",21.0,23.67,21.0,23.16,23.16,0
"CAN","Canaan Inc. - American Depositary Shares","2021-03-24 05:00:00-04:00",23.16,24.66,22.9,23.86,23.86,0
"CAN","Canaan Inc. - American Depositary Shares","2021-03-24 06:00:00-04:00",23.92,24.0,22.9,22.99,22.99,0
"CAN","Canaan Inc. - American Depositary Shares","2021-03-24 07:00:00-04:00",22.99,23.5,22.63,23.23,23.23,0
"CAN","Canaan Inc. - American Depositary Shares","2021-03-24 08:00:00-04:00",23.23,23.8,22.625,23.68,23.68,0
"CAN","Canaan Inc. - American Depositary Shares","2021-03-24 09:00:00-04:00",23.7,23.91,23.59,23.8,23.8,0
"CAN","Canaan Inc. - American Depositary Shares","2021-03-24 09:30:00-04:00",23.5,23.89999961853028,21.43000030517578,21.79990005493164,21.79990005493164,6214330
"CAN","Canaan Inc. - American Depositary Shares","2021-03-24 10:30:00-04:00",21.75779914855957,22.549999237060547,21.530000686645508,21.64999961853028,21.64999961853028,2357970
"CAN","Canaan Inc. - American Depositary Shares","2021-03-24 11:30:00-04:00",21.645000457763672,21.739999771118164,19.709999084472656,19.73579978942871,19.73579978942871,3788640
"CAN","Canaan Inc. - American Depositary Shares","2021-03-24 12:30:00-04:00",19.731000900268555,20.1299991607666,18.8799991607666,19.36000061035156,19.36000061035156,3850987
"CAN","Canaan Inc. - American Depositary Shares","2021-03-24 13:30:00-04:00",19.280000686645508,19.6299991607666,19.11000061035156,19.13990020751953,19.13990020751953,1814123
"CAN","Canaan Inc. - American Depositary Shares","2021-03-24 14:30:00-04:00",19.13999938964844,19.15999984741211,17.719999313354492,17.8799991607666,17.8799991607666,3677868
"CAN","Canaan Inc. - American Depositary Shares","2021-03-24 15:30:00-04:00",17.8799991607666,18.0,17.780000686645508,17.8927001953125,17.8927001953125,2170373
"CAN","Canaan Inc. - American Depositary Shares","2021-03-24 16:00:00-04:00",17.88,18.25,17.76,18.18,18.18,0
"CAN","Canaan Inc. - American Depositary Shares","2021-03-24 17:00:00-04:00",18.1999,18.25,18.0,18.24,18.24,0
"CAN","Canaan Inc. - American Depositary Shares","2021-03-24 18:00:00-04:00",18.24,18.24,17.25,17.35,17.35,0
"CAN","Canaan Inc. - American Depositary Shares","2021-03-24 19:00:00-04:00",17.35,17.85,17.25,17.84,17.84,0
"CAN","Canaan Inc. - American Depositary Shares","2021-03-25 04:00:00-04:00",18.0,18.0,17.27,17.61,17.61,0
"CAN","Canaan Inc. - American Depositary Shares","2021-03-25 05:00:00-04:00",17.61,18.14,17.38,18.11,18.11,0
"CAN","Canaan Inc. - American Depositary Shares","2021-03-25 06:00:00-04:00",18.11,18.25,18.0,18.1,18.1,0
"CAN","Canaan Inc. - American Depositary Shares","2021-03-25 07:00:00-04:00",18.09,18.16,17.97,18.0,18.0,0
"CAN","Canaan Inc. - American Depositary Shares","2021-03-25 08:00:00-04:00",18.0,18.18,16.21,16.25,16.25,0
"CAN","Canaan Inc. - American Depositary Shares","2021-03-25 09:00:00-04:00",16.27,16.5,15.66,15.66,15.66,0
"CAN","Canaan Inc. - American Depositary Shares","2021-03-25 09:30:00-04:00",15.81999969482422,17.440000534057617,15.710000038146973,16.280000686645508,16.280000686645508,8817598
"CAN","Canaan Inc. - American Depositary Shares","2021-03-25 10:30:00-04:00",16.260000228881836,16.34000015258789,15.590100288391112,16.34000015258789,16.34000015258789,3832357
"CAN","Canaan Inc. - American Depositary Shares","2021-03-25 11:30:00-04:00",16.299999237060547,17.759899139404297,16.290599822998047,17.545000076293945,17.545000076293945,2950372
"CAN","Canaan Inc. - American Depositary Shares","2021-03-25 12:30:00-04:00",17.520099639892578,18.489999771118164,17.15999984741211,17.229999542236328,17.229999542236328,3231306
"CAN","Canaan Inc. - American Depositary Shares","2021-03-25 13:30:00-04:00",17.270000457763672,17.31999969482422,16.899999618530273,16.920000076293945,16.920000076293945,1317822
"CAN","Canaan Inc. - American Depositary Shares","2021-03-25 14:30:00-04:00",16.92729949951172,18.25,16.860000610351562,17.908000946044922,17.908000946044922,2369104
"CAN","Canaan Inc. - American Depositary Shares","2021-03-25 15:30:00-04:00",17.889999389648438,18.290000915527344,17.809999465942383,18.20499992370605,18.20499992370605,1175712
"CAN","Canaan Inc. - American Depositary Shares","2021-03-25 16:00:00-04:00",18.21,18.4,18.0,18.34,18.34,0
"CAN","Canaan Inc. - American Depositary Shares","2021-03-25 17:00:00-04:00",18.33,18.5,18.2901,18.45,18.45,0
"CAN","Canaan Inc. - American Depositary Shares","2021-03-25 18:00:00-04:00",18.45,18.58,18.31,18.35,18.35,0
"CAN","Canaan Inc. - American Depositary Shares","2021-03-25 19:00:00-04:00",18.35,18.49,18.22,18.3,18.3,0
"CAN","Canaan Inc. - American Depositary Shares","2021-03-26 04:00:00-04:00",18.29,21.0,18.29,20.0,20.0,0
"CAN","Canaan Inc. - American Depositary Shares","2021-03-26 05:00:00-04:00",19.95,20.05,19.6,19.65,19.65,0
"CAN","Canaan Inc. - American Depositary Shares","2021-03-26 06:00:00-04:00",19.65,19.65,19.02,19.21,19.21,0
"CAN","Canaan Inc. - American Depositary Shares","2021-03-26 07:00:00-04:00",19.27,19.5,18.52,18.54,18.54,0
"CAN","Canaan Inc. - American Depositary Shares","2021-03-26 08:00:00-04:00",18.54,19.35,18.32,18.5,18.5,0
"CAN","Canaan Inc. - American Depositary Shares","2021-03-26 09:00:00-04:00",18.51,18.87,18.44,18.7,18.7,0
"CAN","Canaan Inc. - American Depositary Shares","2021-03-26 09:30:00-04:00",18.31999969482422,18.76000022888184,17.600000381469727,18.1299991607666,18.1299991607666,4373386
"CAN","Canaan Inc. - American Depositary Shares","2021-03-26 10:30:00-04:00",18.13500022888184,18.190000534057617,16.600000381469727,16.889999389648438,16.889999389648438,2807480
"CAN","Canaan Inc. - American Depositary Shares","2021-03-26 11:30:00-04:00",16.893999099731445,17.610000610351562,16.84000015258789,17.55500030517578,17.55500030517578,1940458
"CAN","Canaan Inc. - American Depositary Shares","2021-03-26 12:30:00-04:00",17.559999465942383,18.14800071716309,16.860000610351562,17.040000915527344,17.040000915527344,2373837
"CAN","Canaan Inc. - American Depositary Shares","2021-03-26 13:30:00-04:00",17.059999465942383,17.270000457763672,16.0,16.316699981689453,16.316699981689453,3311077
"CAN","Canaan Inc. - American Depositary Shares","2021-03-26 14:30:00-04:00",16.309999465942383,17.149900436401367,16.010000228881836,17.09000015258789,17.09000015258789,2056861
"CAN","Canaan Inc. - American Depositary Shares","2021-03-26 15:30:00-04:00",17.1299991607666,17.579999923706055,17.0,17.389999389648438,17.389999389648438,1795865
"CAN","Canaan Inc. - American Depositary Shares","2021-03-26 16:00:00-04:00",17.4,17.66,17.36,17.65,17.65,0
"CAN","Canaan Inc. - American Depositary Shares","2021-03-26 17:00:00-04:00",17.65,17.75,17.001,17.5,17.5,0
"CAN","Canaan Inc. - American Depositary Shares","2021-03-26 18:00:00-04:00",17.53,17.85,17.4,17.73,17.73,0
"CAN","Canaan Inc. - American Depositary Shares","2021-03-26 19:00:00-04:00",17.7,18.0,17.65,17.96,17.96,0
"CAN","Canaan Inc. - American Depositary Shares","2021-03-29 04:00:00-04:00",18.66,18.8,17.8,17.85,17.85,0
"CAN","Canaan Inc. - American Depositary Shares","2021-03-29 05:00:00-04:00",17.9,19.24,17.86,19.14,19.14,0
"CAN","Canaan Inc. - American Depositary Shares","2021-03-29 06:00:00-04:00",19.14,20.8,18.89,19.97,19.97,0
"CAN","Canaan Inc. - American Depositary Shares","2021-03-29 07:00:00-04:00",19.99,20.19,19.07,19.15,19.15,0
"CAN","Canaan Inc. - American Depositary Shares","2021-03-29 08:00:00-04:00",19.15,19.74,19.05,19.61,19.61,0
"CAN","Canaan Inc. - American Depositary Shares","2021-03-29 09:00:00-04:00",19.61,19.9,19.0,19.14,19.14,0
"CAN","Canaan Inc. - American Depositary Shares","2021-03-29 09:30:00-04:00",19.270000457763672,20.39999961853028,18.799999237060547,19.05389976501465,19.05389976501465,9379211
"CAN","Canaan Inc. - American Depositary Shares","2021-03-29 10:30:00-04:00",19.059999465942383,19.479999542236328,18.010000228881836,18.6299991607666,18.6299991607666,3549620
"CAN","Canaan Inc. - American Depositary Shares","2021-03-29 11:30:00-04:00",18.6299991607666,18.90999984741211,17.780000686645508,18.1200008392334,18.1200008392334,1811230
"CAN","Canaan Inc. - American Depositary Shares","2021-03-29 12:30:00-04:00",18.131999969482425,18.350000381469727,17.690000534057617,17.725000381469727,17.725000381469727,1563543
"CAN","Canaan Inc. - American Depositary Shares","2021-03-29 13:30:00-04:00",17.700000762939453,18.07999992370605,17.579999923706055,17.75,17.75,1318265
"CAN","Canaan Inc. - American Depositary Shares","2021-03-29 14:30:00-04:00",17.709999084472656,17.71500015258789,17.110000610351562,17.353300094604492,17.353300094604492,1561893
"CAN","Canaan Inc. - American Depositary Shares","2021-03-29 15:30:00-04:00",17.3700008392334,17.61989974975586,17.290000915527344,17.579999923706055,17.579999923706055,813291
"CAN","Canaan Inc. - American Depositary Shares","2021-03-29 16:00:00-04:00",17.61,17.89,17.5,17.87,17.87,0
"CAN","Canaan Inc. - American Depositary Shares","2021-03-29 17:00:00-04:00",17.83,18.03,17.61,18.0,18.0,0
"CAN","Canaan Inc. - American Depositary Shares","2021-03-29 18:00:00-04:00",18.0,18.05,17.86,17.99,17.99,0
"CAN","Canaan Inc. - American Depositary Shares","2021-03-29 19:00:00-04:00",17.99,18.1,17.92,18.09,18.09,0
"CAN","Canaan Inc. - American Depositary Shares","2021-03-30 04:00:00-04:00",18.22,18.76,18.21,18.47,18.47,0
"CAN","Canaan Inc. - American Depositary Shares","2021-03-30 05:00:00-04:00",18.47,18.59,18.33,18.54,18.54,0
"CAN","Canaan Inc. - American Depositary Shares","2021-03-30 06:00:00-04:00",18.54,19.46,18.47,19.4,19.4,0
"CAN","Canaan Inc. - American Depositary Shares","2021-03-30 07:00:00-04:00",19.4,19.4,18.62,18.66,18.66,0
"CAN","Canaan Inc. - American Depositary Shares","2021-03-30 08:00:00-04:00",18.73,19.2,18.627,18.88,18.88,0
"CAN","Canaan Inc. - American Depositary Shares","2021-03-30 09:00:00-04:00",18.88,18.9305,18.25,18.34,18.34,0
"CAN","Canaan Inc. - American Depositary Shares","2021-03-30 09:30:00-04:00",18.65999984741211,19.739999771118164,17.72010040283203,19.459999084472656,19.459999084472656,7963750
"CAN","Canaan Inc. - American Depositary Shares","2021-03-30 10:30:00-04:00",19.430099487304688,19.700000762939453,18.799999237060547,19.239999771118164,19.239999771118164,3714239
"CAN","Canaan Inc. - American Depositary Shares","2021-03-30 11:30:00-04:00",19.2549991607666,21.3799991607666,19.21999931335449,20.71999931335449,20.71999931335449,7697249
"CAN","Canaan Inc. - American Depositary Shares","2021-03-30 12:30:00-04:00",20.780000686645508,21.540000915527344,20.6200008392334,20.739999771118164,20.739999771118164,3337360
"CAN","Canaan Inc. - American Depositary Shares","2021-03-30 13:30:00-04:00",20.74959945678711,20.88999938964844,20.365800857543945,20.51000022888184,20.51000022888184,1852864
"CAN","Canaan Inc. - American Depositary Shares","2021-03-30 14:30:00-04:00",20.51000022888184,21.229999542236328,20.47010040283203,21.04199981689453,21.04199981689453,2098362
"CAN","Canaan Inc. - American Depositary Shares","2021-03-30 15:30:00-04:00",21.059999465942383,21.299999237060547,20.90999984741211,21.259700775146484,21.259700775146484,1971815
"CAN","Canaan Inc. - American Depositary Shares","2021-03-30 16:00:00-04:00",21.26,21.44,19.8,21.38,21.38,0
"CAN","Canaan Inc. - American Depositary Shares","2021-03-30 17:00:00-04:00",21.36,21.48,21.27,21.3,21.3,0
"CAN","Canaan Inc. - American Depositary Shares","2021-03-31 18:00:00-04:00",20.6,20.65,20.51,20.65,20.65,0
"CAN","Canaan Inc. - American Depositary Shares","2021-03-31 19:00:00-04:00",20.58,20.73,20.51,20.66,20.66,0
"CAN","Canaan Inc. - American Depositary Shares","2021-04-01 04:00:00-04:00",21.0,22.0,20.67,21.89,21.89,0
"CAN","Canaan Inc. - American Depositary Shares","2021-04-01 05:00:00-04:00",21.89,22.0,21.6,21.8,21.8,0
"CAN","Canaan Inc. - American Depositary Shares","2021-04-01 06:00:00-04:00",21.9,22.0,21.8,21.88,21.88,0
"CAN","Canaan Inc. - American Depositary Shares","2021-04-01 07:00:00-04:00",21.85,21.88,20.74,21.25,21.25,0
"CAN","Canaan Inc. - American Depositary Shares","2021-04-01 08:00:00-04:00",21.18,21.8,20.72,21.29,21.29,0
"CAN","Canaan Inc. - American Depositary Shares","2021-04-01 09:00:00-04:00",21.25,21.35,20.6,21.1901,21.1901,0
"CAN","Canaan Inc. - American Depositary Shares","2021-04-01 09:30:00-04:00",21.13999938964844,24.100000381469727,21.01000022888184,23.456100463867188,23.456100463867188,8192204
"CAN","Canaan Inc. - American Depositary Shares","2021-04-01 10:30:00-04:00",23.41200065612793,24.049999237060547,22.08049964904785,22.670000076293945,22.670000076293945,5668787
"CAN","Canaan Inc. - American Depositary Shares","2021-04-01 11:30:00-04:00",22.65369987487793,22.90390014648437,21.559999465942383,22.280000686645508,22.280000686645508,2453825
"CAN","Canaan Inc. - American Depositary Shares","2021-04-01 12:30:00-04:00",22.261999130249023,22.29800033569336,21.780000686645508,21.790000915527344,21.790000915527344,1097664
"CAN","Canaan Inc. - American Depositary Shares","2021-04-01 13:30:00-04:00",21.809999465942383,22.15999984741211,21.63999938964844,21.84000015258789,21.84000015258789,937285
"CAN","Canaan Inc. - American Depositary Shares","2021-04-01 14:30:00-04:00",21.813400268554688,22.049999237060547,21.757299423217773,22.0,22.0,726183
"CAN","Canaan Inc. - American Depositary Shares","2021-04-01 15:30:00-04:00",22.01000022888184,22.11000061035156,21.924699783325195,21.999900817871094,21.999900817871094,979069
"CAN","Canaan Inc. - American Depositary Shares","2021-04-01 16:00:00-04:00",21.99,22.3,21.89,21.92,21.92,0
"CAN","Canaan Inc. - American Depositary Shares","2021-04-01 17:00:00-04:00",21.92,22.19,21.9,22.17,22.17,0
"CAN","Canaan Inc. - American Depositary Shares","2021-04-01 18:00:00-04:00",22.15,22.19,21.95,22.03,22.03,0
"CAN","Canaan Inc. - American Depositary Shares","2021-04-01 19:00:00-04:00",22.0,22.19,22.0,22.19,22.19,0
"CAN","Canaan Inc. - American Depositary Shares","2021-04-05 04:00:00-04:00",21.9,22.19,20.87,21.21,21.21,0
"CAN","Canaan Inc. - American Depositary Shares","2021-04-05 05:00:00-04:00",21.23,21.9,21.23,21.9,21.9,0
"CAN","Canaan Inc. - American Depositary Shares","2021-04-05 06:00:00-04:00",21.89,22.04,21.67,22.0,22.0,0
"CAN","Canaan Inc. - American Depositary Shares","2021-04-05 07:00:00-04:00",22.0,22.09,21.54,21.84,21.84,0
"CAN","Canaan Inc. - American Depositary Shares","2021-04-05 08:00:00-04:00",21.77,22.31,21.5,21.92,21.92,0
"CAN","Canaan Inc. - American Depositary Shares","2021-04-05 09:00:00-04:00",21.9,22.18,21.8,22.08,22.08,0
"CAN","Canaan Inc. - American Depositary Shares","2021-04-05 09:30:00-04:00",21.600000381469727,21.700000762939453,19.84000015258789,20.63999938964844,20.63999938964844,5168554
"CAN","Canaan Inc. - American Depositary Shares","2021-04-05 10:30:00-04:00",20.63999938964844,20.920000076293945,19.59000015258789,19.79899978637696,19.79899978637696,3235368
"CAN","Canaan Inc. - American Depositary Shares","2021-04-05 11:30:00-04:00",19.792400360107425,20.0,19.14999961853028,19.342500686645508,19.342500686645508,2325640
"CAN","Canaan Inc. - American Depositary Shares","2021-04-05 12:30:00-04:00",19.350000381469727,19.520000457763672,19.1200008392334,19.270000457763672,19.270000457763672,1326803
"CAN","Canaan Inc. - American Depositary Shares","2021-04-05 13:30:00-04:00",19.263999938964844,19.739999771118164,19.13999938964844,19.51000022888184,19.51000022888184,1219255
"CAN","Canaan Inc. - American Depositary Shares","2021-04-05 14:30:00-04:00",19.5,19.850000381469727,19.15999984741211,19.64830017089844,19.64830017089844,1204734
"CAN","Canaan Inc. - American Depositary Shares","2021-04-05 15:30:00-04:00",19.649900436401367,19.799999237060547,19.450000762939453,19.780000686645508,19.780000686645508,1074390
"CAN","Canaan Inc. - American Depositary Shares","2021-04-05 16:00:00-04:00",19.78,19.9,19.72,19.79,19.79,0
"CAN","Canaan Inc. - American Depositary Shares","2021-04-05 17:00:00-04:00",19.81,19.81,19.52,19.56,19.56,0
"CAN","Canaan Inc. - American Depositary Shares","2021-04-05 18:00:00-04:00",19.58,19.71,19.5,19.69,19.69,0
"CAN","Canaan Inc. - American Depositary Shares","2021-04-05 19:00:00-04:00",19.69,19.78,19.52,19.7,19.7,0
"CAN","Canaan Inc. - American Depositary Shares","2021-04-06 04:00:00-04:00",19.77,19.77,19.32,19.59,19.59,0
"CAN","Canaan Inc. - American Depositary Shares","2021-04-06 05:00:00-04:00",19.53,19.55,19.35,19.42,19.42,0
"CAN","Canaan Inc. - American Depositary Shares","2021-04-06 06:00:00-04:00",19.42,19.53,19.4,19.44,19.44,0
"CAN","Canaan Inc. - American Depositary Shares","2021-04-06 07:00:00-04:00",19.43,19.44,18.61,18.8,18.8,0
"CAN","Canaan Inc. - American Depositary Shares","2021-04-06 08:00:00-04:00",18.88,19.6499,18.7304,19.6,19.6,0
"CAN","Canaan Inc. - American Depositary Shares","2021-04-06 09:00:00-04:00",19.63,19.66,18.7,18.86,18.86,0
"CAN","Canaan Inc. - American Depositary Shares","2021-04-06 09:30:00-04:00",18.850000381469727,19.649099349975582,18.11000061035156,18.270000457763672,18.270000457763672,4394982
"CAN","Canaan Inc. - American Depositary Shares","2021-04-06 10:30:00-04:00",18.280000686645508,18.90959930419922,18.170000076293945,18.69499969482422,18.69499969482422,1690670
"CAN","Canaan Inc. - American Depositary Shares","2021-04-06 11:30:00-04:00",18.670000076293945,19.200000762939453,18.530000686645508,19.07990074157715,19.07990074157715,951718
"CAN","Canaan Inc. - American Depositary Shares","2021-04-06 12:30:00-04:00",19.04509925842285,19.5,18.959999084472656,18.959999084472656,18.959999084472656,932089
"CAN","Canaan Inc. - American Depositary Shares","2021-04-06 13:30:00-04:00",18.940000534057617,19.489999771118164,18.850000381469727,19.433399200439453,19.433399200439453,628623
"CAN","Canaan Inc. - American Depositary Shares","2021-04-06 14:30:00-04:00",19.451400756835938,19.49720001220703,19.26000022888184,19.440000534057617,19.440000534057617,527054
"CAN","Canaan Inc. - American Depositary Shares","2021-04-06 15:30:00-04:00",19.44960021972656,19.474000930786133,19.18000030517578,19.21999931335449,19.21999931335449,547422
"CAN","Canaan Inc. - American Depositary Shares","2021-04-06 16:00:00-04:00",19.25,19.38,19.09,19.24,19.24,0
"CAN","Canaan Inc. - American Depositary Shares","2021-04-06 17:00:00-04:00",19.23,19.23,18.9,18.97,18.97,0
"CAN","Canaan Inc. - American Depositary Shares","2021-04-06 18:00:00-04:00",19.05,19.25,18.89,19.06,19.06,0
"CAN","Canaan Inc. - American Depositary Shares","2021-04-06 19:00:00-04:00",19.05,19.3,19.05,19.26,19.26,0
"CAN","Canaan Inc. - American Depositary Shares","2021-04-07 04:00:00-04:00",19.3,20.2,19.3,19.71,19.71,0
"CAN","Canaan Inc. - American Depositary Shares","2021-04-07 05:00:00-04:00",19.71,19.8,19.31,19.42,19.42,0
"CAN","Canaan Inc. - American Depositary Shares","2021-04-07 06:00:00-04:00",19.46,19.54,19.28,19.3,19.3,0
"CAN","Canaan Inc. - American Depositary Shares","2021-04-07 07:00:00-04:00",19.29,19.3,18.44,18.52,18.52,0
"CAN","Canaan Inc. - American Depositary Shares","2021-04-07 08:00:00-04:00",18.5,18.93,18.17,18.29,18.29,0
"CAN","Canaan Inc. - American Depositary Shares","2021-04-07 09:00:00-04:00",18.26,18.65,18.26,18.48,18.48,0
"CAN","Canaan Inc. - American Depositary Shares","2021-04-07 09:30:00-04:00",18.51000022888184,19.26000022888184,18.32999992370605,18.709999084472656,18.709999084472656,2457409
"CAN","Canaan Inc. - American Depositary Shares","2021-04-07 10:30:00-04:00",18.729999542236328,18.729999542236328,18.229999542236328,18.39999961853028,18.39999961853028,1340339
"CAN","Canaan Inc. - American Depositary Shares","2021-04-07 11:30:00-04:00",18.3754997253418,18.600000381469727,18.07999992370605,18.48900032043457,18.48900032043457,1364740
"CAN","Canaan Inc. - American Depositary Shares","2021-04-07 12:30:00-04:00",18.479999542236328,18.86000061035156,18.444000244140625,18.65999984741211,18.65999984741211,833601
"CAN","Canaan Inc. - American Depositary Shares","2021-04-07 13:30:00-04:00",18.641000747680664,18.8799991607666,18.593900680541992,18.77589988708496,18.77589988708496,483900
"CAN","Canaan Inc. - American Depositary Shares","2021-04-07 14:30:00-04:00",18.730199813842773,18.77899932861328,18.450000762939453,18.479999542236328,18.479999542236328,476877
"CAN","Canaan Inc. - American Depositary Shares","2021-04-07 15:30:00-04:00",18.450000762939453,18.63999938964844,18.350000381469727,18.63999938964844,18.63999938964844,611332
"CAN","Canaan Inc. - American Depositary Shares","2021-04-07 16:00:00-04:00",18.64,18.75,18.45,18.45,18.45,0
"CAN","Canaan Inc. - American Depositary Shares","2021-04-07 17:00:00-04:00",18.44,18.62,18.4,18.6,18.6,0
"CAN","Canaan Inc. - American Depositary Shares","2021-04-07 18:00:00-04:00",18.59,18.75,18.46,18.75,18.75,0
"CAN","Canaan Inc. - American Depositary Shares","2021-04-07 19:00:00-04:00",18.62,18.75,18.57,18.73,18.73,0
"CAN","Canaan Inc. - American Depositary Shares","2021-04-08 04:00:00-04:00",19.3,19.4,18.88,19.11,19.11,0
"CAN","Canaan Inc. - American Depositary Shares","2021-04-08 05:00:00-04:00",19.15,19.21,19.01,19.17,19.17,0
"CAN","Canaan Inc. - American Depositary Shares","2021-04-08 06:00:00-04:00",19.18,19.25,19.1,19.25,19.25,0
"CAN","Canaan Inc. - American Depositary Shares","2021-04-08 07:00:00-04:00",19.23,19.25,18.95,19.04,19.04,0
"CAN","Canaan Inc. - American Depositary Shares","2021-04-08 08:00:00-04:00",19.03,19.19,18.82,19.05,19.05,0
"CAN","Canaan Inc. - American Depositary Shares","2021-04-08 09:00:00-04:00",19.06,19.28,18.85,18.9,18.9,0
"CAN","Canaan Inc. - American Depositary Shares","2021-04-08 09:30:00-04:00",18.95509910583496,19.729999542236328,18.58009910583496,19.01300048828125,19.01300048828125,3219909
"CAN","Canaan Inc. - American Depositary Shares","2021-04-08 10:30:00-04:00",18.979999542236328,19.149900436401367,18.809999465942383,19.100000381469727,19.100000381469727,1183560
"CAN","Canaan Inc. - American Depositary Shares","2021-04-08 11:30:00-04:00",19.100000381469727,19.290000915527344,18.850000381469727,19.030000686645508,19.030000686645508,953717
"CAN","Canaan Inc. - American Depositary Shares","2021-04-08 12:30:00-04:00",19.084999084472656,19.350000381469727,18.93000030517578,18.940000534057617,18.940000534057617,792700
"CAN","Canaan Inc. - American Depositary Shares","2021-04-08 13:30:00-04:00",18.950000762939453,19.11899948120117,18.790000915527344,18.968000411987305,18.968000411987305,420498
"CAN","Canaan Inc. - American Depositary Shares","2021-04-08 14:30:00-04:00",18.96999931335449,19.09000015258789,18.8700008392334,19.01460075378418,19.01460075378418,354578
"CAN","Canaan Inc. - American Depositary Shares","2021-04-08 15:30:00-04:00",19.020000457763672,19.040000915527344,18.85009956359864,18.92140007019043,18.92140007019043,368145
"CAN","Canaan Inc. - American Depositary Shares","2021-04-08 16:00:00-04:00",18.95,19.08,18.95,19.01,19.01,0
"CAN","Canaan Inc. - American Depositary Shares","2021-04-08 17:00:00-04:00",19.01,19.08,19.0,19.06,19.06,0
"CAN","Canaan Inc. - American Depositary Shares","2021-04-08 18:00:00-04:00",19.04,19.25,19.02,19.2,19.2,0
"CAN","Canaan Inc. - American Depositary Shares","2021-04-08 19:00:00-04:00",19.22,19.34,19.13,19.3,19.3,0
"CAN","Canaan Inc. - American Depositary Shares","2021-04-09 04:00:00-04:00",19.3,19.3,18.9,18.9,18.9,0
"CAN","Canaan Inc. - American Depositary Shares","2021-04-09 05:00:00-04:00",18.81,19.09,18.6,18.8,18.8,0
"CAN","Canaan Inc. - American Depositary Shares","2021-04-09 06:00:00-04:00",18.88,19.3,18.75,19.15,19.15,0
"CAN","Canaan Inc. - American Depositary Shares","2021-04-09 07:00:00-04:00",19.26,19.66,19.09,19.46,19.46,0
"CAN","Canaan Inc. - American Depositary Shares","2021-04-09 08:00:00-04:00",19.47,19.59,19.14,19.25,19.25,0
"CAN","Canaan Inc. - American Depositary Shares","2021-04-09 09:00:00-04:00",19.194,19.24,18.89,19.09,19.09,0
"CAN","Canaan Inc. - American Depositary Shares","2021-04-09 09:30:00-04:00",19.100000381469727,19.34000015258789,17.510000228881836,17.734500885009766,17.734500885009766,3549463
"CAN","Canaan Inc. - American Depositary Shares","2021-04-09 10:30:00-04:00",17.730199813842773,18.42989921569824,17.559999465942383,18.280000686645508,18.280000686645508,1547922
"CAN","Canaan Inc. - American Depositary Shares","2021-04-09 11:30:00-04:00",18.270000457763672,18.71999931335449,18.176700592041016,18.65999984741211,18.65999984741211,772382
"CAN","Canaan Inc. - American Depositary Shares","2021-04-09 12:30:00-04:00",18.64999961853028,18.790000915527344,18.46999931335449,18.63999938964844,18.63999938964844,690923
"CAN","Canaan Inc. - American Depositary Shares","2021-04-09 13:30:00-04:00",18.63999938964844,18.81999969482422,18.479999542236328,18.51000022888184,18.51000022888184,537115
"CAN","Canaan Inc. - American Depositary Shares","2021-04-09 14:30:00-04:00",18.51000022888184,18.64999961853028,18.440000534057617,18.540000915527344,18.540000915527344,411596
"CAN","Canaan Inc. - American Depositary Shares","2021-04-09 15:30:00-04:00",18.530000686645508,18.670000076293945,18.51000022888184,18.614999771118164,18.614999771118164,603113
"CAN","Canaan Inc. - American Depositary Shares","2021-04-09 16:00:00-04:00",18.67,18.7,18.44,18.5,18.5,0
"CAN","Canaan Inc. - American Depositary Shares","2021-04-09 17:00:00-04:00",18.45,18.67,18.35,18.41,18.41,0
"CAN","Canaan Inc. - American Depositary Shares","2021-04-09 18:00:00-04:00",18.44,18.56,18.36,18.38,18.38,0
"CAN","Canaan Inc. - American Depositary Shares","2021-04-09 19:00:00-04:00",18.38,18.5,18.2,18.45,18.45,0
"CAN","Canaan Inc. - American Depositary Shares","2021-04-12 04:00:00-04:00",18.67,20.69,18.67,19.78,19.78,0
"CAN","Canaan Inc. - American Depositary Shares","2021-04-12 05:00:00-04:00",19.78,20.23,19.34,19.85,19.85,0
"CAN","Canaan Inc. - American Depositary Shares","2021-04-12 06:00:00-04:00",19.88,20.2,19.03,19.3,19.3,0
"CAN","Canaan Inc. - American Depositary Shares","2021-04-12 07:00:00-04:00",19.3,19.35,18.75,19.08,19.08,0
"CAN","Canaan Inc. - American Depositary Shares","2021-04-12 08:00:00-04:00",19.08,19.5,18.75,19.14,19.14,0
"CAN","Canaan Inc. - American Depositary Shares","2021-04-12 09:00:00-04:00",19.11,19.24,18.5,18.51,18.51,0
"CAN","Canaan Inc. - American Depositary Shares","2021-04-12 09:30:00-04:00",18.5,18.675500869750977,14.960000038146973,15.382100105285645,15.382100105285645,15185968
"CAN","Canaan Inc. - American Depositary Shares","2021-04-12 10:30:00-04:00",15.385000228881836,15.489999771118164,14.609999656677246,14.630000114440918,14.630000114440918,9549917
"CAN","Canaan Inc. - American Depositary Shares","2021-04-12 11:30:00-04:00",14.640000343322754,14.770000457763672,13.859999656677246,13.960000038146973,13.960000038146973,7134254
"CAN","Canaan Inc. - American Depositary Shares","2021-04-12 12:30:00-04:00",13.949999809265137,13.970000267028809,12.3100004196167,12.720000267028809,12.720000267028809,10216100
"CAN","Canaan Inc. - American Depositary Shares","2021-04-12 13:30:00-04:00",12.710000038146973,13.479999542236328,12.050000190734863,12.744999885559082,12.744999885559082,10415264
"CAN","Canaan Inc. - American Depositary Shares","2021-04-12 14:30:00-04:00",12.744999885559082,13.289999961853027,12.529999732971191,13.149999618530272,13.149999618530272,4617575
"CAN","Canaan Inc. - American Depositary Shares","2021-04-12 15:30:00-04:00",13.166299819946287,13.170000076293944,12.800000190734863,13.140000343322754,13.140000343322754,2695372
"CAN","Canaan Inc. - American Depositary Shares","2021-04-12 16:00:00-04:00",13.1,13.16,12.93,13.15,13.15,0
"CAN","Canaan Inc. - American Depositary Shares","2021-04-12 17:00:00-04:00",13.15,13.33,13.11,13.3,13.3,0
"CAN","Canaan Inc. - American Depositary Shares","2021-04-12 18:00:00-04:00",13.3,13.31,13.21,13.27,13.27,0
"CAN","Canaan Inc. - American Depositary Shares","2021-04-12 19:00:00-04:00",13.28,13.33,13.22,13.29,13.29,0
"CAN","Canaan Inc. - American Depositary Shares","2021-04-13 04:00:00-04:00",13.29,14.6,13.29,14.4,14.4,0
"CAN","Canaan Inc. - American Depositary Shares","2021-04-13 05:00:00-04:00",14.4,15.07,14.1,14.81,14.81,0
"CAN","Canaan Inc. - American Depositary Shares","2021-04-13 06:00:00-04:00",14.83,14.91,14.24,14.35,14.35,0
"CAN","Canaan Inc. - American Depositary Shares","2021-04-13 07:00:00-04:00",14.38,14.42,13.64,13.86,13.86,0
"CAN","Canaan Inc. - American Depositary Shares","2021-04-13 08:00:00-04:00",13.85,14.27,13.64,14.21,14.21,0
"CAN","Canaan Inc. - American Depositary Shares","2021-04-13 09:00:00-04:00",14.21,14.5,14.15,14.42,14.42,0
"CAN","Canaan Inc. - American Depositary Shares","2021-04-13 09:30:00-04:00",14.5,15.869999885559082,13.760000228881836,14.960000038146973,14.960000038146973,19503910
"CAN","Canaan Inc. - American Depositary Shares","2021-04-13 10:30:00-04:00",14.949999809265137,15.59000015258789,14.800000190734863,15.25,15.25,5740885
"CAN","Canaan Inc. - American Depositary Shares","2021-04-13 11:30:00-04:00",15.269700050354004,15.399999618530272,14.270000457763672,14.503000259399414,14.503000259399414,4348539
"CAN","Canaan Inc. - American Depositary Shares","2021-04-13 12:30:00-04:00",14.5,14.539999961853027,13.890000343322754,14.390000343322754,14.390000343322754,4103843
"CAN","Canaan Inc. - American Depositary Shares","2021-04-13 13:30:00-04:00",14.409000396728516,14.739999771118164,14.34000015258789,14.610099792480469,14.610099792480469,2435052
"CAN","Canaan Inc. - American Depositary Shares","2021-04-13 14:30:00-04:00",14.640000343322754,14.800000190734863,14.31999969482422,14.375499725341797,14.375499725341797,1989551
"CAN","Canaan Inc. - American Depositary Shares","2021-04-13 15:30:00-04:00",14.380000114440918,14.699999809265137,14.369999885559082,14.59000015258789,14.59000015258789,1205827
"CAN","Canaan Inc. - American Depositary Shares","2021-04-13 16:00:00-04:00",14.61,14.73,14.55,14.69,14.69,0
"CAN","Canaan Inc. - American Depositary Shares","2021-04-13 17:00:00-04:00",14.69,14.77,14.65,14.69,14.69,0
"CAN","Canaan Inc. - American Depositary Shares","2021-04-13 18:00:00-04:00",14.7,15.3,14.69,15.13,15.13,0
"CAN","Canaan Inc. - American Depositary Shares","2021-04-13 19:00:00-04:00",15.15,15.4,15.1001,15.35,15.35,0
"CAN","Canaan Inc. - American Depositary Shares","2021-04-14 04:00:00-04:00",15.4,16.32,15.36,15.98,15.98,0
"CAN","Canaan Inc. - American Depositary Shares","2021-04-14 05:00:00-04:00",15.98,16.3,15.6,15.67,15.67,0
"CAN","Canaan Inc. - American Depositary Shares","2021-04-14 06:00:00-04:00",15.69,15.85,15.4,15.61,15.61,0
"CAN","Canaan Inc. - American Depositary Shares","2021-04-14 07:00:00-04:00",15.62,15.84,15.52,15.73,15.73,0
"CAN","Canaan Inc. - American Depositary Shares","2021-04-14 08:00:00-04:00",15.72,15.99,15.67,15.79,15.79,0
"CAN","Canaan Inc. - American Depositary Shares","2021-04-14 09:00:00-04:00",15.79,15.85,15.26,15.27,15.27,0
"CAN","Canaan Inc. - American Depositary Shares","2021-04-14 09:30:00-04:00",15.125800132751465,15.600000381469728,14.050000190734863,14.149999618530272,14.149999618530272,8685802
"CAN","Canaan Inc. - American Depositary Shares","2021-04-14 10:30:00-04:00",14.140000343322754,14.279999732971191,13.31999969482422,13.590399742126465,13.590399742126465,4507840
"CAN","Canaan Inc. - American Depositary Shares","2021-04-14 11:30:00-04:00",13.630000114440918,14.329999923706056,13.550000190734863,14.25,14.25,2559234
"CAN","Canaan Inc. - American Depositary Shares","2021-04-14 12:30:00-04:00",14.25,14.329999923706056,13.720000267028809,13.774999618530272,13.774999618530272,1355235
"CAN","Canaan Inc. - American Depositary Shares","2021-04-14 13:30:00-04:00",13.770000457763672,13.8100004196167,13.119999885559082,13.449999809265137,13.449999809265137,2760762
"CAN","Canaan Inc. - American Depositary Shares","2021-04-14 14:30:00-04:00",13.454999923706056,13.539999961853027,13.15999984741211,13.4399995803833,13.4399995803833,1287164
"CAN","Canaan Inc. - American Depositary Shares","2021-04-14 15:30:00-04:00",13.4399995803833,13.619999885559082,13.359999656677246,13.5649995803833,13.5649995803833,992217
"CAN","Canaan Inc. - American Depositary Shares","2021-04-14 16:00:00-04:00",13.57,13.81,13.57,13.79,13.79,0
"CAN","Canaan Inc. - American Depositary Shares","2021-04-14 17:00:00-04:00",13.79,13.9,13.72,13.86,13.86,0
"CAN","Canaan Inc. - American Depositary Shares","2021-04-14 18:00:00-04:00",13.83,13.94,13.8,13.9,13.9,0
"CAN","Canaan Inc. - American Depositary Shares","2021-04-14 19:00:00-04:00",13.9,13.95,13.85,13.94,13.94,0
"CAN","Canaan Inc. - American Depositary Shares","2021-04-15 04:00:00-04:00",13.94,14.24,13.68,13.7,13.7,0
"CAN","Canaan Inc. - American Depositary Shares","2021-04-15 05:00:00-04:00",13.7,13.89,13.61,13.88,13.88,0
"CAN","Canaan Inc. - American Depositary Shares","2021-04-15 06:00:00-04:00",13.85,13.88,13.57,13.59,13.59,0
"CAN","Canaan Inc. - American Depositary Shares","2021-04-15 07:00:00-04:00",13.59,13.62,13.32,13.37,13.37,0
"CAN","Canaan Inc. - American Depositary Shares","2021-04-15 08:00:00-04:00",13.37,13.58,13.35,13.5,13.5,0
"CAN","Canaan Inc. - American Depositary Shares","2021-04-15 09:00:00-04:00",13.46,13.56,13.37,13.5,13.5,0
"CAN","Canaan Inc. - American Depositary Shares","2021-04-15 09:30:00-04:00",13.4399995803833,13.599900245666504,12.7677001953125,13.050000190734863,13.050000190734863,4446034
"CAN","Canaan Inc. - American Depositary Shares","2021-04-15 10:30:00-04:00",13.039999961853027,13.192700386047363,12.800000190734863,13.01830005645752,13.01830005645752,2041884
"CAN","Canaan Inc. - American Depositary Shares","2021-04-15 11:30:00-04:00",13.010000228881836,13.149999618530272,12.850000381469728,12.857999801635742,12.857999801635742,1227800
"CAN","Canaan Inc. - American Depositary Shares","2021-04-15 12:30:00-04:00",12.850000381469728,12.911399841308594,12.220000267028809,12.4399995803833,12.4399995803833,1723158
"CAN","Canaan Inc. - American Depositary Shares","2021-04-15 13:30:00-04:00",12.423700332641602,12.779999732971191,12.399900436401367,12.717399597167969,12.717399597167969,1302641
"CAN","Canaan Inc. - American Depositary Shares","2021-04-15 14:30:00-04:00",12.729999542236328,12.920000076293944,12.529999732971191,12.59000015258789,12.59000015258789,1024224
"CAN","Canaan Inc. - American Depositary Shares","2021-04-15 15:30:00-04:00",12.600000381469728,12.744999885559082,12.5,12.707500457763672,12.707500457763672,826876
"CAN","Canaan Inc. - American Depositary Shares","2021-04-15 16:00:00-04:00",12.73,12.98,12.69,12.78,12.78,0
"CAN","Canaan Inc. - American Depositary Shares","2021-04-15 17:00:00-04:00",12.76,12.93,12.71,12.88,12.88,0
"CAN","Canaan Inc. - American Depositary Shares","2021-04-15 18:00:00-04:00",12.88,13.0,12.87,12.98,12.98,0
"CAN","Canaan Inc. - American Depositary Shares","2021-04-15 19:00:00-04:00",12.98,12.98,12.88,12.92,12.92,0
"CAN","Canaan Inc. - American Depositary Shares","2021-04-16 04:00:00-04:00",12.68,12.92,12.22,12.45,12.45,0
"CAN","Canaan Inc. - American Depositary Shares","2021-04-16 05:00:00-04:00",12.45,12.45,12.08,12.13,12.13,0
"CAN","Canaan Inc. - American Depositary Shares","2021-04-16 06:00:00-04:00",12.13,12.23,12.0,12.16,12.16,0
"CAN","Canaan Inc. - American Depositary Shares","2021-04-16 07:00:00-04:00",12.16,12.39,12.03,12.3,12.3,0
"CAN","Canaan Inc. - American Depositary Shares","2021-04-16 08:00:00-04:00",12.33,12.47,12.03,12.29,12.29,0
"CAN","Canaan Inc. - American Depositary Shares","2021-04-16 09:00:00-04:00",12.28,12.42,12.17,12.19,12.19,0
"CAN","Canaan Inc. - American Depositary Shares","2021-04-16 09:30:00-04:00",12.15429973602295,13.479999542236328,12.15429973602295,13.270000457763672,13.270000457763672,5655459
"CAN","Canaan Inc. - American Depositary Shares","2021-04-16 10:30:00-04:00",13.279999732971191,13.770000457763672,13.109999656677246,13.369999885559082,13.369999885559082,2203906
"CAN","Canaan Inc. - American Depositary Shares","2021-04-16 11:30:00-04:00",13.357999801635742,13.464200019836426,13.239999771118164,13.329999923706056,13.329999923706056,1000926
"CAN","Canaan Inc. - American Depositary Shares","2021-04-16 12:30:00-04:00",13.329999923706056,13.640000343322754,13.109999656677246,13.6003999710083,13.6003999710083,882078
"CAN","Canaan Inc. - American Depositary Shares","2021-04-16 13:30:00-04:00",13.617199897766112,13.979999542236328,13.54010009765625,13.649999618530272,13.649999618530272,1609581
"CAN","Canaan Inc. - American Depositary Shares","2021-04-16 14:30:00-04:00",13.61139965057373,13.81999969482422,13.550100326538086,13.640000343322754,13.640000343322754,712422
"CAN","Canaan Inc. - American Depositary Shares","2021-04-16 15:30:00-04:00",13.630000114440918,13.65999984741211,13.460000038146973,13.600000381469728,13.600000381469728,615535
"CAN","Canaan Inc. - American Depositary Shares","2021-04-16 16:00:00-04:00",13.61,13.98,13.53,13.83,13.83,0
"CAN","Canaan Inc. - American Depositary Shares","2021-04-16 17:00:00-04:00",13.8,13.82,13.56,13.6,13.6,0
"CAN","Canaan Inc. - American Depositary Shares","2021-04-16 18:00:00-04:00",13.57,13.73,13.56,13.58,13.58,0
"CAN","Canaan Inc. - American Depositary Shares","2021-04-16 19:00:00-04:00",13.58,13.68,13.55,13.55,13.55,0
"CAN","Canaan Inc. - American Depositary Shares","2021-04-19 04:00:00-04:00",12.99,13.38,12.5,12.73,12.73,0
"CAN","Canaan Inc. - American Depositary Shares","2021-04-19 05:00:00-04:00",12.72,12.73,12.4,12.55,12.55,0
"CAN","Canaan Inc. - American Depositary Shares","2021-04-19 06:00:00-04:00",12.58,12.58,12.49,12.56,12.56,0
"CAN","Canaan Inc. - American Depositary Shares","2021-04-19 07:00:00-04:00",12.53,12.72,12.48,12.54,12.54,0
"CAN","Canaan Inc. - American Depositary Shares","2021-04-19 08:00:00-04:00",12.54,12.79,12.49,12.56,12.56,0
"CAN","Canaan Inc. - American Depositary Shares","2021-04-19 09:00:00-04:00",12.57,12.65,12.32,12.33,12.33,0
"CAN","Canaan Inc. - American Depositary Shares","2021-04-19 09:30:00-04:00",12.395299911499023,12.8100004196167,12.239999771118164,12.300000190734863,12.300000190734863,3678085
"CAN","Canaan Inc. - American Depositary Shares","2021-04-19 10:30:00-04:00",12.300000190734863,12.324999809265137,11.68000030517578,11.749899864196776,11.749899864196776,3300603
"CAN","Canaan Inc. - American Depositary Shares","2021-04-19 11:30:00-04:00",11.739999771118164,11.789999961853027,11.56999969482422,11.677300453186035,11.677300453186035,1227759
"CAN","Canaan Inc. - American Depositary Shares","2021-04-19 12:30:00-04:00",11.68000030517578,11.84000015258789,11.520000457763672,11.779999732971191,11.779999732971191,857670
"CAN","Canaan Inc. - American Depositary Shares","2021-04-19 13:30:00-04:00",11.779999732971191,12.130000114440918,11.744999885559082,12.029999732971191,12.029999732971191,773344
"CAN","Canaan Inc. - American Depositary Shares","2021-04-19 14:30:00-04:00",12.0600004196167,12.241999626159668,12.0,12.21500015258789,12.21500015258789,715500
"CAN","Canaan Inc. - American Depositary Shares","2021-04-19 15:30:00-04:00",12.229000091552734,12.449999809265137,12.199999809265137,12.399999618530272,12.399999618530272,597976
"CAN","Canaan Inc. - American Depositary Shares","2021-04-19 16:00:00-04:00",12.4,12.48,12.23,12.26,12.26,0
"CAN","Canaan Inc. - American Depositary Shares","2021-04-19 17:00:00-04:00",12.26,12.37,12.06,12.1,12.1,0
"CAN","Canaan Inc. - American Depositary Shares","2021-04-19 18:00:00-04:00",12.12,12.2,12.09,12.13,12.13,0
"CAN","Canaan Inc. - American Depositary Shares","2021-04-19 19:00:00-04:00",12.15,12.23,12.13,12.2,12.2,0
"CAN","Canaan Inc. - American Depositary Shares","2021-04-20 04:00:00-04:00",12.2,12.24,11.7,11.85,11.85,0
"CAN","Canaan Inc. - American Depositary Shares","2021-04-20 05:00:00-04:00",11.85,11.88,11.75,11.79,11.79,0
"CAN","Canaan Inc. - American Depositary Shares","2021-04-20 06:00:00-04:00",11.79,12.03,11.78,11.97,11.97,0
"CAN","Canaan Inc. - American Depositary Shares","2021-04-20 07:00:00-04:00",11.97,12.35,11.97,12.35,12.35,0
"CAN","Canaan Inc. - American Depositary Shares","2021-04-20 08:00:00-04:00",12.35,12.54,12.2,12.33,12.33,0
"CAN","Canaan Inc. - American Depositary Shares","2021-04-20 09:00:00-04:00",12.34,12.35,12.01,12.13,12.13,0
"CAN","Canaan Inc. - American Depositary Shares","2021-04-20 09:30:00-04:00",12.229999542236328,12.380000114440918,11.899999618530272,12.015000343322754,12.015000343322754,1842695
"CAN","Canaan Inc. - American Depositary Shares","2021-04-20 10:30:00-04:00",12.0,12.0,11.510000228881836,11.60200023651123,11.60200023651123,1507992
"CAN","Canaan Inc. - American Depositary Shares","2021-04-20 11:30:00-04:00",11.600000381469728,12.100000381469728,11.520099639892578,11.888400077819824,11.888400077819824,1034131
"CAN","Canaan Inc. - American Depositary Shares","2021-04-20 12:30:00-04:00",11.890000343322754,12.008000373840332,11.789999961853027,11.830100059509276,11.830100059509276,599966
"CAN","Canaan Inc. - American Depositary Shares","2021-04-20 13:30:00-04:00",11.84000015258789,11.899999618530272,11.75,11.76200008392334,11.76200008392334,421258
"CAN","Canaan Inc. - American Depositary Shares","2021-04-20 14:30:00-04:00",11.755200386047363,11.979999542236328,11.720000267028809,11.959400177001951,11.959400177001951,531125
"CAN","Canaan Inc. - American Depositary Shares","2021-04-20 15:30:00-04:00",11.970000267028809,12.270000457763672,11.958100318908691,12.1899995803833,12.1899995803833,1247954
"CAN","Canaan Inc. - American Depositary Shares","2021-04-20 16:00:00-04:00",12.19,12.38,12.1,12.25,12.25,0
"CAN","Canaan Inc. - American Depositary Shares","2021-04-20 17:00:00-04:00",12.25,12.29,12.15,12.2,12.2,0
"CAN","Canaan Inc. - American Depositary Shares","2021-04-20 18:00:00-04:00",12.18,12.35,12.18,12.2,12.2,0
"CAN","Canaan Inc. - American Depositary Shares","2021-04-20 19:00:00-04:00",12.2,12.32,12.2,12.3,12.3,0
"CAN","Canaan Inc. - American Depositary Shares","2021-04-21 04:00:00-04:00",12.8,12.8,11.81,12.01,12.01,0
"CAN","Canaan Inc. - American Depositary Shares","2021-04-21 05:00:00-04:00",12.03,12.04,11.8,11.9,11.9,0
"CAN","Canaan Inc. - American Depositary Shares","2021-04-21 06:00:00-04:00",11.89,11.99,11.77,11.81,11.81,0
"CAN","Canaan Inc. - American Depositary Shares","2021-04-21 07:00:00-04:00",11.81,11.95,11.71,11.74,11.74,0
"CAN","Canaan Inc. - American Depositary Shares","2021-04-21 08:00:00-04:00",11.76,11.99,11.65,11.7599,11.7599,0
"CAN","Canaan Inc. - American Depositary Shares","2021-04-21 09:00:00-04:00",11.73,11.85,11.6608,11.85,11.85,0
"CAN","Canaan Inc. - American Depositary Shares","2021-04-21 09:30:00-04:00",11.850000381469728,13.460000038146973,11.800000190734863,13.43000030517578,13.43000030517578,3445981
"CAN","Canaan Inc. - American Depositary Shares","2021-04-21 10:30:00-04:00",13.447999954223633,13.800000190734863,13.289999961853027,13.425700187683104,13.425700187683104,2351506
"CAN","Canaan Inc. - American Depositary Shares","2021-04-21 11:30:00-04:00",13.4399995803833,13.859999656677246,13.40999984741211,13.699700355529783,13.699700355529783,1304430
"CAN","Canaan Inc. - American Depositary Shares","2021-04-21 12:30:00-04:00",13.6899995803833,13.720000267028809,13.350000381469728,13.56999969482422,13.56999969482422,993567
"CAN","Canaan Inc. - American Depositary Shares","2021-04-21 13:30:00-04:00",13.56999969482422,13.720000267028809,13.43000030517578,13.635000228881836,13.635000228881836,888860
"CAN","Canaan Inc. - American Depositary Shares","2021-04-21 14:30:00-04:00",13.640000343322754,13.84000015258789,13.59000015258789,13.8100004196167,13.8100004196167,737799
"CAN","Canaan Inc. - American Depositary Shares","2021-04-21 15:30:00-04:00",13.8100004196167,13.829999923706056,13.68000030517578,13.760000228881836,13.760000228881836,801255
"CAN","Canaan Inc. - American Depositary Shares","2021-04-21 16:00:00-04:00",13.77,13.81,13.5,13.53,13.53,0
"CAN","Canaan Inc. - American Depositary Shares","2021-04-21 17:00:00-04:00",13.59,13.7,13.52,13.7,13.7,0
"CAN","Canaan Inc. - American Depositary Shares","2021-04-21 18:00:00-04:00",13.65,13.68,13.21,13.22,13.22,0
"CAN","Canaan Inc. - American Depositary Shares","2021-04-21 19:00:00-04:00",13.25,13.43,13.23,13.3,13.3,0
"CAN","Canaan Inc. - American Depositary Shares","2021-04-22 04:00:00-04:00",13.3,13.4,13.03,13.06,13.06,0
"CAN","Canaan Inc. - American Depositary Shares","2021-04-22 05:00:00-04:00",13.03,13.27,13.03,13.26,13.26,0
"CAN","Canaan Inc. - American Depositary Shares","2021-04-22 06:00:00-04:00",13.3,13.6,13.25,13.39,13.39,0
"CAN","Canaan Inc. - American Depositary Shares","2021-04-22 07:00:00-04:00",13.31,13.98,13.3,13.9,13.9,0
"CAN","Canaan Inc. - American Depositary Shares","2021-04-22 08:00:00-04:00",13.9,14.5,13.3,14.45,14.45,0
"CAN","Canaan Inc. - American Depositary Shares","2021-04-22 09:00:00-04:00",14.44,14.86,14.0,14.0,14.0,0
"CAN","Canaan Inc. - American Depositary Shares","2021-04-22 09:30:00-04:00",13.989999771118164,14.420000076293944,13.399999618530272,13.699999809265137,13.699999809265137,3466663
"CAN","Canaan Inc. - American Depositary Shares","2021-04-22 10:30:00-04:00",13.699999809265137,14.109999656677246,13.604999542236328,13.619999885559082,13.619999885559082,1322517
"CAN","Canaan Inc. - American Depositary Shares","2021-04-22 11:30:00-04:00",13.619999885559082,13.84000015258789,13.520000457763672,13.824899673461914,13.824899673461914,846784
"CAN","Canaan Inc. - American Depositary Shares","2021-04-22 12:30:00-04:00",13.82390022277832,13.937199592590332,13.260000228881836,13.460000038146973,13.460000038146973,1065275
"CAN","Canaan Inc. - American Depositary Shares","2021-04-22 13:30:00-04:00",13.449999809265137,13.489999771118164,12.899999618530272,13.28499984741211,13.28499984741211,1659938
"CAN","Canaan Inc. - American Depositary Shares","2021-04-22 14:30:00-04:00",13.270099639892578,13.359999656677246,13.020000457763672,13.140000343322754,13.140000343322754,729047
"CAN","Canaan Inc. - American Depositary Shares","2021-04-22 15:30:00-04:00",13.130000114440918,13.210000038146973,13.010000228881836,13.149999618530272,13.149999618530272,727564
"CAN","Canaan Inc. - American Depositary Shares","2021-04-22 16:00:00-04:00",13.16,13.2,13.01,13.06,13.06,0
"CAN","Canaan Inc. - American Depositary Shares","2021-04-22 17:00:00-04:00",13.06,13.06,12.6,12.75,12.75,0
"CAN","Canaan Inc. - American Depositary Shares","2021-04-22 18:00:00-04:00",12.6,12.95,12.6,12.79,12.79,0
"CAN","Canaan Inc. - American Depositary Shares","2021-04-22 19:00:00-04:00",12.79,13.05,12.76,12.92,12.92,0
"CAN","Canaan Inc. - American Depositary Shares","2021-04-23 04:00:00-04:00",12.5,12.5,11.79,12.02,12.02,0
"CAN","Canaan Inc. - American Depositary Shares","2021-04-23 05:00:00-04:00",12.06,12.3,11.99,12.05,12.05,0
"CAN","Canaan Inc. - American Depositary Shares","2021-04-23 06:00:00-04:00",12.1,12.29,12.1,12.28,12.28,0
"CAN","Canaan Inc. - American Depositary Shares","2021-04-23 07:00:00-04:00",12.28,12.97,12.26,12.72,12.72,0
"CAN","Canaan Inc. - American Depositary Shares","2021-04-23 08:00:00-04:00",12.73,13.09,12.38,12.61,12.61,0
"CAN","Canaan Inc. - American Depositary Shares","2021-04-23 09:00:00-04:00",12.67,12.82,12.1,12.12,12.12,0
"CAN","Canaan Inc. - American Depositary Shares","2021-04-23 09:30:00-04:00",12.125,13.412099838256836,12.100000381469728,13.116499900817873,13.116499900817873,3039204
"CAN","Canaan Inc. - American Depositary Shares","2021-04-23 10:30:00-04:00",13.119999885559082,13.15999984741211,12.699999809265137,12.960000038146973,12.960000038146973,1123476
"CAN","Canaan Inc. - American Depositary Shares","2021-04-23 11:30:00-04:00",12.989999771118164,13.399999618530272,12.989999771118164,13.08489990234375,13.08489990234375,778411
"CAN","Canaan Inc. - American Depositary Shares","2021-04-23 12:30:00-04:00",13.06999969482422,13.279999732971191,13.06999969482422,13.279999732971191,13.279999732971191,302402
"CAN","Canaan Inc. - American Depositary Shares","2021-04-23 13:30:00-04:00",13.260000228881836,13.449999809265137,13.170000076293944,13.40999984741211,13.40999984741211,415304
"CAN","Canaan Inc. - American Depositary Shares","2021-04-23 14:30:00-04:00",13.399999618530272,13.479999542236328,13.279999732971191,13.4399995803833,13.4399995803833,597616
"CAN","Canaan Inc. - American Depositary Shares","2021-04-23 15:30:00-04:00",13.43000030517578,13.440099716186523,13.31999969482422,13.34000015258789,13.34000015258789,681118
"CAN","Canaan Inc. - American Depositary Shares","2021-04-23 16:00:00-04:00",13.36,13.48,13.2101,13.34,13.34,0
"CAN","Canaan Inc. - American Depositary Shares","2021-04-23 17:00:00-04:00",13.36,13.454,13.28,13.28,13.28,0
"CAN","Canaan Inc. - American Depositary Shares","2021-04-23 18:00:00-04:00",13.28,13.4,13.28,13.34,13.34,0
"CAN","Canaan Inc. - American Depositary Shares","2021-04-23 19:00:00-04:00",13.34,13.48,13.34,13.4,13.4,0
"CAN","Canaan Inc. - American Depositary Shares","2021-04-26 04:00:00-04:00",13.3,14.23,13.3,13.85,13.85,0
"CAN","Canaan Inc. - American Depositary Shares","2021-04-26 05:00:00-04:00",13.85,13.98,13.65,13.68,13.68,0
"CAN","Canaan Inc. - American Depositary Shares","2021-04-26 06:00:00-04:00",13.66,13.92,13.65,13.84,13.84,0
"CAN","Canaan Inc. - American Depositary Shares","2021-04-26 07:00:00-04:00",13.84,14.28,13.81,14.15,14.15,0
"CAN","Canaan Inc. - American Depositary Shares","2021-04-26 08:00:00-04:00",14.15,14.3,13.8,14.0,14.0,0
"CAN","Canaan Inc. - American Depositary Shares","2021-04-26 09:00:00-04:00",14.0,14.03,13.72,13.92,13.92,0
"CAN","Canaan Inc. - American Depositary Shares","2021-04-26 09:30:00-04:00",13.90999984741211,14.279999732971191,13.43000030517578,13.600000381469728,13.600000381469728,3195507
"CAN","Canaan Inc. - American Depositary Shares","2021-04-26 10:30:00-04:00",13.56999969482422,13.59969997406006,13.220000267028809,13.380000114440918,13.380000114440918,1088852
"CAN","Canaan Inc. - American Depositary Shares","2021-04-26 11:30:00-04:00",13.40999984741211,13.869999885559082,13.350000381469728,13.81999969482422,13.81999969482422,748556
"CAN","Canaan Inc. - American Depositary Shares","2021-04-26 12:30:00-04:00",13.8100004196167,14.350000381469728,13.789999961853027,14.274999618530272,14.274999618530272,1204822
"CAN","Canaan Inc. - American Depositary Shares","2021-04-26 13:30:00-04:00",14.270000457763672,14.460000038146973,14.09000015258789,14.359999656677246,14.359999656677246,621992
"CAN","Canaan Inc. - American Depositary Shares","2021-04-26 14:30:00-04:00",14.350000381469728,14.649999618530272,14.32610034942627,14.4399995803833,14.4399995803833,933200
"CAN","Canaan Inc. - American Depositary Shares","2021-04-26 15:30:00-04:00",14.4399995803833,14.649999618530272,14.399999618530272,14.609999656677246,14.609999656677246,580859
"CAN","Canaan Inc. - American Depositary Shares","2021-04-26 16:00:00-04:00",14.64,14.64,14.36,14.37,14.37,0
"CAN","Canaan Inc. - American Depositary Shares","2021-04-26 17:00:00-04:00",14.41,14.52,14.24,14.52,14.52,0
"CAN","Canaan Inc. - American Depositary Shares","2021-04-26 18:00:00-04:00",14.5,14.64,14.36,14.37,14.37,0
"CAN","Canaan Inc. - American Depositary Shares","2021-04-26 19:00:00-04:00",14.37,14.6,14.37,14.58,14.58,0
"CAN","Canaan Inc. - American Depositary Shares","2021-04-27 04:00:00-04:00",14.84,15.2,14.59,15.18,15.18,0
"CAN","Canaan Inc. - American Depositary Shares","2021-04-27 05:00:00-04:00",15.18,15.21,15.07,15.08,15.08,0
"CAN","Canaan Inc. - American Depositary Shares","2021-04-27 06:00:00-04:00",15.08,15.13,14.8,14.9,14.9,0
"CAN","Canaan Inc. - American Depositary Shares","2021-04-27 07:00:00-04:00",14.9,15.1,14.9,15.06,15.06,0
"CAN","Canaan Inc. - American Depositary Shares","2021-04-27 08:00:00-04:00",15.06,15.26,14.92,15.08,15.08,0
"CAN","Canaan Inc. - American Depositary Shares","2021-04-27 09:00:00-04:00",15.1,15.15,15.0,15.04,15.04,0
"CAN","Canaan Inc. - American Depositary Shares","2021-04-27 09:30:00-04:00",14.916000366210938,15.020000457763672,14.123299598693848,14.48989963531494,14.48989963531494,2412631
"CAN","Canaan Inc. - American Depositary Shares","2021-04-27 10:30:00-04:00",14.489999771118164,14.59000015258789,14.18000030517578,14.489999771118164,14.489999771118164,539031
"CAN","Canaan Inc. - American Depositary Shares","2021-04-27 11:30:00-04:00",14.489999771118164,14.609999656677246,14.3100004196167,14.3149995803833,14.3149995803833,505605
"CAN","Canaan Inc. - American Depositary Shares","2021-04-27 12:30:00-04:00",14.300000190734863,14.3100004196167,14.029999732971191,14.119999885559082,14.119999885559082,643922
"CAN","Canaan Inc. - American Depositary Shares","2021-04-27 13:30:00-04:00",14.130000114440918,14.140000343322754,13.859999656677246,14.098999977111816,14.098999977111816,528831
"CAN","Canaan Inc. - American Depositary Shares","2021-04-27 14:30:00-04:00",14.100000381469728,14.15999984741211,14.029999732971191,14.06999969482422,14.06999969482422,212099
"CAN","Canaan Inc. - American Depositary Shares","2021-04-27 15:30:00-04:00",14.06999969482422,14.34000015258789,14.0600004196167,14.232099533081056,14.232099533081056,477293
"CAN","Canaan Inc. - American Depositary Shares","2021-04-27 16:00:00-04:00",14.24,14.32,14.05,14.32,14.32,0
"CAN","Canaan Inc. - American Depositary Shares","2021-04-27 17:00:00-04:00",14.37,14.4,14.19,14.4,14.4,0
"CAN","Canaan Inc. - American Depositary Shares","2021-04-27 18:00:00-04:00",14.24,14.4,14.2,14.23,14.23,0
"CAN","Canaan Inc. - American Depositary Shares","2021-04-27 19:00:00-04:00",14.24,14.33,14.2,14.21,14.21,0
"CAN","Canaan Inc. - American Depositary Shares","2021-04-28 04:00:00-04:00",14.2,14.28,13.86,14.0,14.0,0
"CAN","Canaan Inc. - American Depositary Shares","2021-04-28 05:00:00-04:00",14.02,14.02,13.91,13.93,13.93,0
"CAN","Canaan Inc. - American Depositary Shares","2021-04-28 06:00:00-04:00",13.93,14.0,13.91,13.91,13.91,0
"CAN","Canaan Inc. - American Depositary Shares","2021-04-28 07:00:00-04:00",13.92,14.37,13.92,14.24,14.24,0
"CAN","Canaan Inc. - American Depositary Shares","2021-04-28 08:00:00-04:00",14.28,14.34,13.93,14.11,14.11,0
"CAN","Canaan Inc. - American Depositary Shares","2021-04-28 09:00:00-04:00",14.19,14.59,14.18,14.36,14.36,0
"CAN","Canaan Inc. - American Depositary Shares","2021-04-28 09:30:00-04:00",14.020000457763672,14.600000381469728,13.65999984741211,14.359999656677246,14.359999656677246,1618676
"CAN","Canaan Inc. - American Depositary Shares","2021-04-28 10:30:00-04:00",14.369999885559082,14.470000267028809,14.0,14.020099639892578,14.020099639892578,611058
"CAN","Canaan Inc. - American Depositary Shares","2021-04-28 11:30:00-04:00",14.020000457763672,14.1899995803833,13.93000030517578,14.100000381469728,14.100000381469728,475695
"CAN","Canaan Inc. - American Depositary Shares","2021-04-28 12:30:00-04:00",14.119999885559082,14.350000381469728,14.050000190734863,14.34000015258789,14.34000015258789,439393
"CAN","Canaan Inc. - American Depositary Shares","2021-04-28 13:30:00-04:00",14.350000381469728,14.6899995803833,14.130000114440918,14.630000114440918,14.630000114440918,730011
"CAN","Canaan Inc. - American Depositary Shares","2021-04-28 14:30:00-04:00",14.640000343322754,14.760000228881836,14.449999809265137,14.539999961853027,14.539999961853027,1015645
"CAN","Canaan Inc. - American Depositary Shares","2021-04-28 15:30:00-04:00",14.56999969482422,14.699000358581545,14.489999771118164,14.539999961853027,14.539999961853027,615561
"CAN","Canaan Inc. - American Depositary Shares","2021-04-28 16:00:00-04:00",14.54,14.7,14.28,14.38,14.38,0
"CAN","Canaan Inc. - American Depositary Shares","2021-04-28 17:00:00-04:00",14.38,14.42,14.26,14.35,14.35,0
"CAN","Canaan Inc. - American Depositary Shares","2021-04-28 18:00:00-04:00",14.3,14.54,14.29,14.37,14.37,0
"CAN","Canaan Inc. - American Depositary Shares","2021-04-28 19:00:00-04:00",14.32,14.36,14.25,14.31,14.31,0
"CAN","Canaan Inc. - American Depositary Shares","2021-04-29 04:00:00-04:00",14.36,14.36,14.3,14.35,14.35,0
"CAN","Canaan Inc. - American Depositary Shares","2021-04-29 05:00:00-04:00",14.32,14.49,14.32,14.49,14.49,0
"CAN","Canaan Inc. - American Depositary Shares","2021-04-29 06:00:00-04:00",14.49,14.49,14.34,14.42,14.42,0
"CAN","Canaan Inc. - American Depositary Shares","2021-04-29 07:00:00-04:00",14.42,14.5,14.39,14.39,14.39,0
"CAN","Canaan Inc. - American Depositary Shares","2021-04-29 08:00:00-04:00",14.39,14.45,14.33,14.41,14.41,0
"CAN","Canaan Inc. - American Depositary Shares","2021-04-29 09:00:00-04:00",14.41,14.41,14.26,14.34,14.34,0
"CAN","Canaan Inc. - American Depositary Shares","2021-04-29 09:30:00-04:00",12.899999618530272,12.971500396728516,12.5,12.910499572753906,12.910499572753906,8374234
"CAN","Canaan Inc. - American Depositary Shares","2021-04-29 10:30:00-04:00",12.899999618530272,13.019000053405762,12.68000030517578,12.947500228881836,12.947500228881836,2438010
"CAN","Canaan Inc. - American Depositary Shares","2021-04-29 11:30:00-04:00",12.949999809265137,12.979999542236328,12.710000038146973,12.720000267028809,12.720000267028809,1682290
"CAN","Canaan Inc. - American Depositary Shares","2021-04-29 12:30:00-04:00",12.739999771118164,12.920000076293944,12.704999923706056,12.890000343322754,12.890000343322754,820150
"CAN","Canaan Inc. - American Depositary Shares","2021-04-29 13:30:00-04:00",12.891300201416016,13.0600004196167,12.832900047302246,13.059499740600586,13.059499740600586,802359
"CAN","Canaan Inc. - American Depositary Shares","2021-04-29 14:30:00-04:00",13.05500030517578,13.109999656677246,12.949999809265137,13.0,13.0,914073
"CAN","Canaan Inc. - American Depositary Shares","2021-04-29 15:30:00-04:00",12.99880027770996,13.100000381469728,12.984999656677246,13.010000228881836,13.010000228881836,703127
"CAN","Canaan Inc. - American Depositary Shares","2021-04-29 16:00:00-04:00",13.02,13.08,12.87,13.0,13.0,0
"CAN","Canaan Inc. - American Depositary Shares","2021-04-29 17:00:00-04:00",12.99,13.02,12.83,12.89,12.89,0
"CAN","Canaan Inc. - American Depositary Shares","2021-04-30 18:00:00-04:00",12.72,12.72,12.67,12.72,12.72,0
"CAN","Canaan Inc. - American Depositary Shares","2021-04-30 19:00:00-04:00",12.7,12.79,12.7,12.75,12.75,0
"CAN","Canaan Inc. - American Depositary Shares","2021-05-03 04:00:00-04:00",12.5,13.33,12.5,13.3,13.3,0
"CAN","Canaan Inc. - American Depositary Shares","2021-05-03 05:00:00-04:00",13.3,13.33,13.17,13.17,13.17,0
"CAN","Canaan Inc. - American Depositary Shares","2021-05-03 06:00:00-04:00",13.17,13.2,13.05,13.05,13.05,0
"CAN","Canaan Inc. - American Depositary Shares","2021-05-03 07:00:00-04:00",13.05,13.15,12.81,12.96,12.96,0
"CAN","Canaan Inc. - American Depositary Shares","2021-05-03 08:00:00-04:00",12.98,13.16,12.6601,12.865,12.865,0
"CAN","Canaan Inc. - American Depositary Shares","2021-05-03 09:00:00-04:00",12.83,12.95,12.8,12.87,12.87,0
"CAN","Canaan Inc. - American Depositary Shares","2021-05-03 09:30:00-04:00",12.783499717712402,13.18000030517578,12.609999656677246,12.699999809265137,12.699999809265137,2499482
"CAN","Canaan Inc. - American Depositary Shares","2021-05-03 10:30:00-04:00",12.710000038146973,13.0,12.68000030517578,12.69499969482422,12.69499969482422,1249801
"CAN","Canaan Inc. - American Depositary Shares","2021-05-03 11:30:00-04:00",12.699999809265137,12.899999618530272,12.513799667358398,12.84000015258789,12.84000015258789,964977
"CAN","Canaan Inc. - American Depositary Shares","2021-05-03 12:30:00-04:00",12.845000267028809,13.0600004196167,12.760000228881836,13.015000343322754,13.015000343322754,765972
"CAN","Canaan Inc. - American Depositary Shares","2021-05-03 13:30:00-04:00",13.010000228881836,13.25,12.970000267028809,13.21500015258789,13.21500015258789,980778
"CAN","Canaan Inc. - American Depositary Shares","2021-05-03 14:30:00-04:00",13.210000038146973,13.300000190734863,13.09000015258789,13.210000038146973,13.210000038146973,722481
"CAN","Canaan Inc. - American Depositary Shares","2021-05-03 15:30:00-04:00",13.210000038146973,13.278499603271484,13.109999656677246,13.229999542236328,13.229999542236328,821090
"CAN","Canaan Inc. - American Depositary Shares","2021-05-03 16:00:00-04:00",13.23,13.23,12.94,12.94,12.94,0
"CAN","Canaan Inc. - American Depositary Shares","2021-05-03 17:00:00-04:00",12.94,12.99,12.7,12.88,12.88,0
"CAN","Canaan Inc. - American Depositary Shares","2021-05-03 18:00:00-04:00",12.85,13.05,12.84,12.88,12.88,0
"CAN","Canaan Inc. - American Depositary Shares","2021-05-03 19:00:00-04:00",12.9,13.1,12.88,13.08,13.08,0
"CAN","Canaan Inc. - American Depositary Shares","2021-05-04 04:00:00-04:00",12.99,12.99,12.63,12.75,12.75,0
"CAN","Canaan Inc. - American Depositary Shares","2021-05-04 05:00:00-04:00",12.76,13.05,12.76,13.0,13.0,0
"CAN","Canaan Inc. - American Depositary Shares","2021-05-04 06:00:00-04:00",12.88,12.99,12.85,12.95,12.95,0
"CAN","Canaan Inc. - American Depositary Shares","2021-05-04 07:00:00-04:00",12.95,13.0,12.91,12.96,12.96,0
"CAN","Canaan Inc. - American Depositary Shares","2021-05-04 08:00:00-04:00",12.96,13.0,12.65,12.7,12.7,0
"CAN","Canaan Inc. - American Depositary Shares","2021-05-04 09:00:00-04:00",12.7,12.85,12.62,12.7,12.7,0
"CAN","Canaan Inc. - American Depositary Shares","2021-05-04 09:30:00-04:00",12.800000190734863,12.960000038146973,11.829999923706056,12.332200050354004,12.332200050354004,3413576
"CAN","Canaan Inc. - American Depositary Shares","2021-05-04 10:30:00-04:00",12.31999969482422,12.31999969482422,11.779999732971191,11.958499908447266,11.958499908447266,1329294
"CAN","Canaan Inc. - American Depositary Shares","2021-05-04 11:30:00-04:00",11.9621000289917,12.046199798583984,11.640000343322754,11.699999809265137,11.699999809265137,1166738
"CAN","Canaan Inc. - American Depositary Shares","2021-05-04 12:30:00-04:00",11.699899673461914,11.699899673461914,11.399999618530272,11.59000015258789,11.59000015258789,1219452
"CAN","Canaan Inc. - American Depositary Shares","2021-05-04 13:30:00-04:00",11.59000015258789,11.8100004196167,11.539999961853027,11.642000198364258,11.642000198364258,679766
"CAN","Canaan Inc. - American Depositary Shares","2021-05-04 14:30:00-04:00",11.640000343322754,11.75,11.604999542236328,11.703499794006348,11.703499794006348,661262
"CAN","Canaan Inc. - American Depositary Shares","2021-05-04 15:30:00-04:00",11.699999809265137,11.81999969482422,11.69499969482422,11.779999732971191,11.779999732971191,537999
"CAN","Canaan Inc. - American Depositary Shares","2021-05-04 16:00:00-04:00",11.8,11.86,11.77,11.8,11.8,0
"CAN","Canaan Inc. - American Depositary Shares","2021-05-04 17:00:00-04:00",11.84,11.84,11.75,11.82,11.82,0
"CAN","Canaan Inc. - American Depositary Shares","2021-05-04 18:00:00-04:00",11.82,12.03,11.8,11.8,11.8,0
"CAN","Canaan Inc. - American Depositary Shares","2021-05-04 19:00:00-04:00",11.99,12.0,11.85,11.9,11.9,0
"CAN","Canaan Inc. - American Depositary Shares","2021-05-05 04:00:00-04:00",11.88,11.95,11.8,11.88,11.88,0
"CAN","Canaan Inc. - American Depositary Shares","2021-05-05 05:00:00-04:00",11.88,11.98,11.86,11.86,11.86,0
"CAN","Canaan Inc. - American Depositary Shares","2021-05-05 06:00:00-04:00",11.87,11.94,11.86,11.86,11.86,0
"CAN","Canaan Inc. - American Depositary Shares","2021-05-05 07:00:00-04:00",11.92,12.05,11.86,11.95,11.95,0
"CAN","Canaan Inc. - American Depositary Shares","2021-05-05 08:00:00-04:00",11.95,12.16,11.91,12.04,12.04,0
"CAN","Canaan Inc. - American Depositary Shares","2021-05-05 09:00:00-04:00",12.11,12.27,12.0,12.17,12.17,0
"CAN","Canaan Inc. - American Depositary Shares","2021-05-05 09:30:00-04:00",12.0,12.010000228881836,11.40999984741211,11.5,11.5,1792423
"CAN","Canaan Inc. - American Depositary Shares","2021-05-05 10:30:00-04:00",11.5,12.25,11.482099533081056,12.210800170898438,12.210800170898438,1399004
"CAN","Canaan Inc. - American Depositary Shares","2021-05-05 11:30:00-04:00",12.211999893188477,12.420000076293944,12.15999984741211,12.289999961853027,12.289999961853027,1367815
"CAN","Canaan Inc. - American Depositary Shares","2021-05-05 12:30:00-04:00",12.289999961853027,12.289999961853027,12.100000381469728,12.1899995803833,12.1899995803833,573999
"CAN","Canaan Inc. - American Depositary Shares","2021-05-05 13:30:00-04:00",12.1899995803833,12.289999961853027,12.100000381469728,12.229999542236328,12.229999542236328,348392
"CAN","Canaan Inc. - American Depositary Shares","2021-05-05 14:30:00-04:00",12.23989963531494,12.239999771118164,11.979999542236328,12.039999961853027,12.039999961853027,488788
"CAN","Canaan Inc. - American Depositary Shares","2021-05-05 15:30:00-04:00",12.0600004196167,12.15999984741211,12.028300285339355,12.109999656677246,12.109999656677246,503371
"CAN","Canaan Inc. - American Depositary Shares","2021-05-05 16:00:00-04:00",12.12,12.12,11.94,11.96,11.96,0
"CAN","Canaan Inc. - American Depositary Shares","2021-05-05 17:00:00-04:00",11.93,12.04,11.93,11.94,11.94,0
"CAN","Canaan Inc. - American Depositary Shares","2021-05-05 18:00:00-04:00",11.95,11.95,11.88,11.91,11.91,0
"CAN","Canaan Inc. - American Depositary Shares","2021-05-05 19:00:00-04:00",11.93,12.07,11.88,11.93,11.93,0
"CAN","Canaan Inc. - American Depositary Shares","2021-05-06 04:00:00-04:00",11.93,12.3,11.93,12.26,12.26,0
"CAN","Canaan Inc. - American Depositary Shares","2021-05-06 05:00:00-04:00",12.25,12.54,12.21,12.39,12.39,0
"CAN","Canaan Inc. - American Depositary Shares","2021-05-06 06:00:00-04:00",12.3,12.4,12.15,12.4,12.4,0
"CAN","Canaan Inc. - American Depositary Shares","2021-05-06 07:00:00-04:00",12.41,12.41,12.0,12.19,12.19,0
"CAN","Canaan Inc. - American Depositary Shares","2021-05-06 08:00:00-04:00",12.17,12.38,12.15,12.2,12.2,0
"CAN","Canaan Inc. - American Depositary Shares","2021-05-06 09:00:00-04:00",12.21,12.26,12.0,12.03,12.03,0
"CAN","Canaan Inc. - American Depositary Shares","2021-05-06 09:30:00-04:00",12.0600004196167,12.079999923706056,11.390000343322754,11.51990032196045,11.51990032196045,1663722
"CAN","Canaan Inc. - American Depositary Shares","2021-05-06 10:30:00-04:00",11.5,11.670000076293944,11.220000267028809,11.4399995803833,11.4399995803833,957081
"CAN","Canaan Inc. - American Depositary Shares","2021-05-06 11:30:00-04:00",11.4399995803833,11.800000190734863,11.43000030517578,11.622200012207031,11.622200012207031,797174
"CAN","Canaan Inc. - American Depositary Shares","2021-05-06 12:30:00-04:00",11.630000114440918,11.800000190734863,11.56999969482422,11.600000381469728,11.600000381469728,589423
"CAN","Canaan Inc. - American Depositary Shares","2021-05-06 13:30:00-04:00",11.600000381469728,11.649999618530272,11.300000190734863,11.303099632263184,11.303099632263184,464789
"CAN","Canaan Inc. - American Depositary Shares","2021-05-06 14:30:00-04:00",11.31700038909912,11.449999809265137,11.270000457763672,11.449999809265137,11.449999809265137,439991
"CAN","Canaan Inc. - American Depositary Shares","2021-05-06 15:30:00-04:00",11.4399995803833,11.640000343322754,11.43000030517578,11.609999656677246,11.609999656677246,467795
"CAN","Canaan Inc. - American Depositary Shares","2021-05-06 16:00:00-04:00",11.61,11.64,11.47,11.5,11.5,0
"CAN","Canaan Inc. - American Depositary Shares","2021-05-06 17:00:00-04:00",11.5,11.5,11.4,11.5,11.5,0
"CAN","Canaan Inc. - American Depositary Shares","2021-05-06 18:00:00-04:00",11.5246,11.6,11.51,11.51,11.51,0
"CAN","Canaan Inc. - American Depositary Shares","2021-05-06 19:00:00-04:00",11.53,11.6,11.42,11.5,11.5,0
"CAN","Canaan Inc. - American Depositary Shares","2021-05-07 04:00:00-04:00",11.51,11.63,11.5,11.61,11.61,0
"CAN","Canaan Inc. - American Depositary Shares","2021-05-07 05:00:00-04:00",11.61,11.67,11.55,11.56,11.56,0
"CAN","Canaan Inc. - American Depositary Shares","2021-05-07 06:00:00-04:00",11.56,11.82,11.55,11.79,11.79,0
"CAN","Canaan Inc. - American Depositary Shares","2021-05-07 07:00:00-04:00",11.71,11.75,11.51,11.57,11.57,0
"CAN","Canaan Inc. - American Depositary Shares","2021-05-07 08:00:00-04:00",11.55,11.7,11.44,11.53,11.53,0
"CAN","Canaan Inc. - American Depositary Shares","2021-05-07 09:00:00-04:00",11.49,11.84,11.47,11.78,11.78,0
"CAN","Canaan Inc. - American Depositary Shares","2021-05-07 09:30:00-04:00",11.739999771118164,12.240799903869627,11.399999618530272,12.039999961853027,12.039999961853027,2004408
"CAN","Canaan Inc. - American Depositary Shares","2021-05-07 10:30:00-04:00",12.0600004196167,12.260000228881836,11.949999809265137,12.010000228881836,12.010000228881836,772431
"CAN","Canaan Inc. - American Depositary Shares","2021-05-07 11:30:00-04:00",12.015000343322754,12.020000457763672,11.760000228881836,11.880000114440918,11.880000114440918,443449
"CAN","Canaan Inc. - American Depositary Shares","2021-05-07 12:30:00-04:00",11.885000228881836,11.970000267028809,11.699999809265137,11.710000038146973,11.710000038146973,367742
"CAN","Canaan Inc. - American Depositary Shares","2021-05-07 13:30:00-04:00",11.699999809265137,11.739999771118164,11.529999732971191,11.579999923706056,11.579999923706056,402216
"CAN","Canaan Inc. - American Depositary Shares","2021-05-07 14:30:00-04:00",11.579999923706056,11.649999618530272,11.5,11.637299537658691,11.637299537658691,231161
"CAN","Canaan Inc. - American Depositary Shares","2021-05-07 15:30:00-04:00",11.635000228881836,11.6899995803833,11.59000015258789,11.619999885559082,11.619999885559082,229608
"CAN","Canaan Inc. - American Depositary Shares","2021-05-07 16:00:00-04:00",11.63,11.7,11.51,11.61,11.61,0
"CAN","Canaan Inc. - American Depositary Shares","2021-05-07 17:00:00-04:00",11.64,11.69,11.54,11.66,11.66,0
"CAN","Canaan Inc. - American Depositary Shares","2021-05-07 18:00:00-04:00",11.54,11.61,11.54,11.6,11.6,0
"CAN","Canaan Inc. - American Depositary Shares","2021-05-07 19:00:00-04:00",11.56,11.7,11.55,11.69,11.69,0
"CAN","Canaan Inc. - American Depositary Shares","2021-05-10 04:00:00-04:00",11.69,12.06,11.69,11.88,11.88,0
"CAN","Canaan Inc. - American Depositary Shares","2021-05-10 05:00:00-04:00",11.88,11.97,11.8,11.9,11.9,0
"CAN","Canaan Inc. - American Depositary Shares","2021-05-10 06:00:00-04:00",11.91,11.94,11.69,11.7,11.7,0
"CAN","Canaan Inc. - American Depositary Shares","2021-05-10 07:00:00-04:00",11.7,11.73,11.42,11.45,11.45,0
"CAN","Canaan Inc. - American Depositary Shares","2021-05-10 08:00:00-04:00",11.43,11.68,11.43,11.45,11.45,0
"CAN","Canaan Inc. - American Depositary Shares","2021-05-10 09:00:00-04:00",11.46,11.54,11.45,11.54,11.54,0
"CAN","Canaan Inc. - American Depositary Shares","2021-05-10 09:30:00-04:00",11.5,11.510000228881836,10.470000267028809,10.789999961853027,10.789999961853027,3560011
"CAN","Canaan Inc. - American Depositary Shares","2021-05-10 10:30:00-04:00",10.779999732971191,10.789999961853027,10.380000114440918,10.5,10.5,1499119
"CAN","Canaan Inc. - American Depositary Shares","2021-05-10 11:30:00-04:00",10.5,10.850000381469728,10.449999809265137,10.579999923706056,10.579999923706056,1045660
"CAN","Canaan Inc. - American Depositary Shares","2021-05-10 12:30:00-04:00",10.579999923706056,10.579999923706056,10.399999618530272,10.50189971923828,10.50189971923828,500317
"CAN","Canaan Inc. - American Depositary Shares","2021-05-10 13:30:00-04:00",10.5,10.520000457763672,10.350000381469728,10.350000381469728,10.350000381469728,593308
"CAN","Canaan Inc. - American Depositary Shares","2021-05-10 14:30:00-04:00",10.350000381469728,10.510000228881836,10.350000381469728,10.361300468444824,10.361300468444824,488387
"CAN","Canaan Inc. - American Depositary Shares","2021-05-10 15:30:00-04:00",10.363300323486328,10.396900177001951,10.220000267028809,10.220000267028809,10.220000267028809,631754
"CAN","Canaan Inc. - American Depositary Shares","2021-05-10 16:00:00-04:00",10.21,10.34,10.1,10.11,10.11,0
"CAN","Canaan Inc. - American Depositary Shares","2021-05-10 17:00:00-04:00",10.11,10.18,10.11,10.15,10.15,0
"CAN","Canaan Inc. - American Depositary Shares","2021-05-10 18:00:00-04:00",10.13,10.14,9.9,9.95,9.95,0
"CAN","Canaan Inc. - American Depositary Shares","2021-05-10 19:00:00-04:00",9.95,10.0,9.93,9.99,9.99,0
"CAN","Canaan Inc. - American Depositary Shares","2021-05-11 04:00:00-04:00",9.99,10.3,9.8,9.83,9.83,0
"CAN","Canaan Inc. - American Depositary Shares","2021-05-11 05:00:00-04:00",9.84,9.85,9.22,9.5,9.5,0
"CAN","Canaan Inc. - American Depositary Shares","2021-05-11 06:00:00-04:00",9.42,9.62,9.42,9.53,9.53,0
"CAN","Canaan Inc. - American Depositary Shares","2021-05-11 07:00:00-04:00",9.51,9.63,9.23,9.31,9.31,0
"CAN","Canaan Inc. - American Depositary Shares","2021-05-11 08:00:00-04:00",9.35,9.57,8.85,8.91,8.91,0
"CAN","Canaan Inc. - American Depositary Shares","2021-05-11 09:00:00-04:00",8.9,9.22,8.75,9.18,9.18,0
"CAN","Canaan Inc. - American Depositary Shares","2021-05-11 09:30:00-04:00",9.104999542236328,10.382100105285645,9.050000190734863,9.859999656677246,9.859999656677246,3499889
"CAN","Canaan Inc. - American Depositary Shares","2021-05-11 10:30:00-04:00",9.859999656677246,10.17169952392578,9.6899995803833,10.119999885559082,10.119999885559082,826810
"CAN","Canaan Inc. - American Depositary Shares","2021-05-11 11:30:00-04:00",10.11989974975586,10.279999732971191,10.079999923706056,10.100099563598633,10.100099563598633,567673
"CAN","Canaan Inc. - American Depositary Shares","2021-05-11 12:30:00-04:00",10.119999885559082,10.199999809265137,9.979999542236328,10.1899995803833,10.1899995803833,516433
"CAN","Canaan Inc. - American Depositary Shares","2021-05-11 13:30:00-04:00",10.214200019836426,10.25,10.09000015258789,10.225000381469728,10.225000381469728,423291
"CAN","Canaan Inc. - American Depositary Shares","2021-05-11 14:30:00-04:00",10.218199729919434,10.260000228881836,10.09000015258789,10.239999771118164,10.239999771118164,379088
"CAN","Canaan Inc. - American Depositary Shares","2021-05-11 15:30:00-04:00",10.239999771118164,10.350000381469728,10.164999961853027,10.279999732971191,10.279999732971191,748543
"CAN","Canaan Inc. - American Depositary Shares","2021-05-11 16:00:00-04:00",10.29,10.34,10.27,10.32,10.32,0
"CAN","Canaan Inc. - American Depositary Shares","2021-05-11 17:00:00-04:00",10.3,10.32,10.29,10.29,10.29,0
"CAN","Canaan Inc. - American Depositary Shares","2021-05-11 18:00:00-04:00",10.29,10.34,10.29,10.34,10.34,0
"CAN","Canaan Inc. - American Depositary Shares","2021-05-11 19:00:00-04:00",10.34,10.38,10.29,10.38,10.38,0
"CAN","Canaan Inc. - American Depositary Shares","2021-05-12 04:00:00-04:00",10.46,10.66,10.46,10.64,10.64,0
"CAN","Canaan Inc. - American Depositary Shares","2021-05-12 05:00:00-04:00",10.64,10.64,10.49,10.56,10.56,0
"CAN","Canaan Inc. - American Depositary Shares","2021-05-12 06:00:00-04:00",10.49,10.57,10.32,10.37,10.37,0
"CAN","Canaan Inc. - American Depositary Shares","2021-05-12 07:00:00-04:00",10.39,10.55,10.3,10.33,10.33,0
"CAN","Canaan Inc. - American Depositary Shares","2021-05-12 08:00:00-04:00",10.39,10.45,10.3,10.34,10.34,0
"CAN","Canaan Inc. - American Depositary Shares","2021-05-12 09:00:00-04:00",10.33,10.33,10.03,10.06,10.06,0
"CAN","Canaan Inc. - American Depositary Shares","2021-05-12 09:30:00-04:00",10.229999542236328,10.600000381469728,10.0600004196167,10.43000030517578,10.43000030517578,1337505
"CAN","Canaan Inc. - American Depositary Shares","2021-05-12 10:30:00-04:00",10.437299728393556,10.5,10.0600004196167,10.071999549865724,10.071999549865724,745088
"CAN","Canaan Inc. - American Depositary Shares","2021-05-12 11:30:00-04:00",10.06999969482422,10.09000015258789,9.875,9.996299743652344,9.996299743652344,551679
"CAN","Canaan Inc. - American Depositary Shares","2021-05-12 12:30:00-04:00",9.989999771118164,10.29010009765625,9.98330020904541,10.119999885559082,10.119999885559082,428143
"CAN","Canaan Inc. - American Depositary Shares","2021-05-12 13:30:00-04:00",10.119999885559082,10.18000030517578,9.899999618530272,9.93000030517578,9.93000030517578,331159
"CAN","Canaan Inc. - American Depositary Shares","2021-05-12 14:30:00-04:00",9.90999984741211,9.979999542236328,9.729999542236328,9.81999969482422,9.81999969482422,657201
"CAN","Canaan Inc. - American Depositary Shares","2021-05-12 15:30:00-04:00",9.824999809265137,9.850000381469728,9.765000343322754,9.850000381469728,9.850000381469728,382131
"CAN","Canaan Inc. - American Depositary Shares","2021-05-12 16:00:00-04:00",9.85,9.95,9.77,9.81,9.81,0
"CAN","Canaan Inc. - American Depositary Shares","2021-05-12 17:00:00-04:00",9.86,9.94,9.78,9.85,9.85,0
"CAN","Canaan Inc. - American Depositary Shares","2021-05-12 18:00:00-04:00",9.8,9.81,9.2,9.28,9.28,0
"CAN","Canaan Inc. - American Depositary Shares","2021-05-12 19:00:00-04:00",9.29,9.31,8.65,8.8,8.8,0
"CAN","Canaan Inc. - American Depositary Shares","2021-05-13 04:00:00-04:00",9.69,9.69,8.55,8.99,8.99,0
"CAN","Canaan Inc. - American Depositary Shares","2021-05-13 05:00:00-04:00",9.0,9.23,8.85,8.9,8.9,0
"CAN","Canaan Inc. - American Depositary Shares","2021-05-13 06:00:00-04:00",8.95,9.1,8.8,9.0,9.0,0
"CAN","Canaan Inc. - American Depositary Shares","2021-05-13 07:00:00-04:00",8.93,9.26,8.76,9.26,9.26,0
"CAN","Canaan Inc. - American Depositary Shares","2021-05-13 08:00:00-04:00",9.26,9.3,8.8,9.22,9.22,0
"CAN","Canaan Inc. - American Depositary Shares","2021-05-13 09:00:00-04:00",9.25,9.58,9.21,9.4799,9.4799,0
"CAN","Canaan Inc. - American Depositary Shares","2021-05-13 09:30:00-04:00",9.270000457763672,9.850000381469728,9.1899995803833,9.510000228881836,9.510000228881836,2593464
"CAN","Canaan Inc. - American Depositary Shares","2021-05-13 10:30:00-04:00",9.505000114440918,9.59000015258789,9.06999969482422,9.100000381469728,9.100000381469728,910440
"CAN","Canaan Inc. - American Depositary Shares","2021-05-13 11:30:00-04:00",9.100000381469728,9.130000114440918,8.899999618530273,9.029999732971191,9.029999732971191,1212788
"CAN","Canaan Inc. - American Depositary Shares","2021-05-13 12:30:00-04:00",9.029999732971191,9.109999656677246,8.5,8.569999694824219,8.569999694824219,1334008
"CAN","Canaan Inc. - American Depositary Shares","2021-05-13 13:30:00-04:00",8.550000190734863,8.75,8.470000267028809,8.604999542236328,8.604999542236328,1085089
"CAN","Canaan Inc. - American Depositary Shares","2021-05-13 14:30:00-04:00",8.600700378417969,8.739999771118164,8.5,8.734999656677246,8.734999656677246,612345
"CAN","Canaan Inc. - American Depositary Shares","2021-05-13 15:30:00-04:00",8.734999656677246,8.770000457763672,8.65999984741211,8.699999809265137,8.699999809265137,662759
"CAN","Canaan Inc. - American Depositary Shares","2021-05-13 16:00:00-04:00",8.71,8.88,8.65,8.87,8.87,0
"CAN","Canaan Inc. - American Depositary Shares","2021-05-13 17:00:00-04:00",8.85,8.95,8.85,8.92,8.92,0
"CAN","Canaan Inc. - American Depositary Shares","2021-05-13 18:00:00-04:00",8.93,8.93,8.85,8.85,8.85,0
"CAN","Canaan Inc. - American Depositary Shares","2021-05-13 19:00:00-04:00",8.85,8.88,8.66,8.78,8.78,0
"CAN","Canaan Inc. - American Depositary Shares","2021-05-14 04:00:00-04:00",8.78,9.1,8.78,9.05,9.05,0
"CAN","Canaan Inc. - American Depositary Shares","2021-05-14 05:00:00-04:00",9.05,9.19,9.0,9.07,9.07,0
"CAN","Canaan Inc. - American Depositary Shares","2021-05-14 06:00:00-04:00",9.15,9.27,9.11,9.18,9.18,0
"CAN","Canaan Inc. - American Depositary Shares","2021-05-14 07:00:00-04:00",9.15,9.17,9.05,9.15,9.15,0
"CAN","Canaan Inc. - American Depositary Shares","2021-05-14 08:00:00-04:00",9.15,9.2,9.0501,9.14,9.14,0
"CAN","Canaan Inc. - American Depositary Shares","2021-05-14 09:00:00-04:00",9.14,9.2,9.01,9.1,9.1,0
"CAN","Canaan Inc. - American Depositary Shares","2021-05-14 09:30:00-04:00",9.005000114440918,9.739999771118164,8.90999984741211,9.69499969482422,9.69499969482422,2213393
"CAN","Canaan Inc. - American Depositary Shares","2021-05-14 10:30:00-04:00",9.699999809265137,9.8100004196167,9.529999732971191,9.531999588012695,9.531999588012695,1083860
"CAN","Canaan Inc. - American Depositary Shares","2021-05-14 11:30:00-04:00",9.54599952697754,9.779999732971191,9.479999542236328,9.750100135803224,9.750100135803224,525848
"CAN","Canaan Inc. - American Depositary Shares","2021-05-14 12:30:00-04:00",9.750399589538574,9.779999732971191,9.5600004196167,9.57639980316162,9.57639980316162,399294
"CAN","Canaan Inc. - American Depositary Shares","2021-05-14 13:30:00-04:00",9.583900451660156,9.81999969482422,9.479999542236328,9.80430030822754,9.80430030822754,658569
"CAN","Canaan Inc. - American Depositary Shares","2021-05-14 14:30:00-04:00",9.804499626159668,9.81999969482422,9.609999656677246,9.649999618530272,9.649999618530272,473687
"CAN","Canaan Inc. - American Depositary Shares","2021-05-14 15:30:00-04:00",9.65999984741211,9.720000267028809,9.640000343322754,9.68000030517578,9.68000030517578,372097
"CAN","Canaan Inc. - American Depositary Shares","2021-05-14 16:00:00-04:00",9.69,9.74,9.6,9.63,9.63,0
"CAN","Canaan Inc. - American Depositary Shares","2021-05-14 17:00:00-04:00",9.68,9.69,9.63,9.63,9.63,0
"CAN","Canaan Inc. - American Depositary Shares","2021-05-14 18:00:00-04:00",9.63,9.65,9.58,9.58,9.58,0
"CAN","Canaan Inc. - American Depositary Shares","2021-05-14 19:00:00-04:00",9.6,9.8,9.6,9.8,9.8,0
"CAN","Canaan Inc. - American Depositary Shares","2021-05-17 04:00:00-04:00",9.28,9.28,8.9,9.07,9.07,0
"CAN","Canaan Inc. - American Depositary Shares","2021-05-17 05:00:00-04:00",9.07,9.19,9.05,9.05,9.05,0
"CAN","Canaan Inc. - American Depositary Shares","2021-05-17 06:00:00-04:00",9.05,9.1,9.0,9.01,9.01,0
"CAN","Canaan Inc. - American Depositary Shares","2021-05-17 07:00:00-04:00",9.02,9.1,8.9,9.02,9.02,0
"CAN","Canaan Inc. - American Depositary Shares","2021-05-17 08:00:00-04:00",9.04,9.18,8.94,9.03,9.03,0
"CAN","Canaan Inc. - American Depositary Shares","2021-05-17 09:00:00-04:00",9.03,9.14,9.01,9.08,9.08,0
"CAN","Canaan Inc. - American Depositary Shares","2021-05-17 09:30:00-04:00",9.100000381469728,9.587400436401367,9.050000190734863,9.43000030517578,9.43000030517578,1601083
"CAN","Canaan Inc. - American Depositary Shares","2021-05-17 10:30:00-04:00",9.399999618530272,9.829999923706056,9.390000343322754,9.710000038146973,9.710000038146973,748334
"CAN","Canaan Inc. - American Depositary Shares","2021-05-17 11:30:00-04:00",9.6899995803833,9.779999732971191,9.369999885559082,9.479999542236328,9.479999542236328,414013
"CAN","Canaan Inc. - American Depositary Shares","2021-05-17 12:30:00-04:00",9.479900360107422,9.539999961853027,9.34000015258789,9.380000114440918,9.380000114440918,307111
"CAN","Canaan Inc. - American Depositary Shares","2021-05-17 13:30:00-04:00",9.399999618530272,9.548100471496582,9.329999923706056,9.479999542236328,9.479999542236328,235383
"CAN","Canaan Inc. - American Depositary Shares","2021-05-17 14:30:00-04:00",9.479999542236328,9.720000267028809,9.470000267028809,9.619999885559082,9.619999885559082,272851
"CAN","Canaan Inc. - American Depositary Shares","2021-05-17 15:30:00-04:00",9.630000114440918,9.710000038146973,9.619999885559082,9.670000076293944,9.670000076293944,243676
"CAN","Canaan Inc. - American Depositary Shares","2021-05-17 16:00:00-04:00",9.68,9.72,9.62,9.68,9.68,0
"CAN","Canaan Inc. - American Depositary Shares","2021-05-17 17:00:00-04:00",9.69,9.73,9.61,9.61,9.61,0
"CAN","Canaan Inc. - American Depositary Shares","2021-05-17 18:00:00-04:00",9.61,9.68,9.5,9.6,9.6,0
"CAN","Canaan Inc. - American Depositary Shares","2021-05-17 19:00:00-04:00",9.6,9.6,9.5,9.6,9.6,0
"CAN","Canaan Inc. - American Depositary Shares","2021-05-18 04:00:00-04:00",9.69,10.25,9.69,10.2,10.2,0
"CAN","Canaan Inc. - American Depositary Shares","2021-05-18 05:00:00-04:00",10.16,10.3,10.04,10.12,10.12,0
"CAN","Canaan Inc. - American Depositary Shares","2021-05-18 06:00:00-04:00",10.12,10.15,10.09,10.11,10.11,0
"CAN","Canaan Inc. - American Depositary Shares","2021-05-18 07:00:00-04:00",10.11,10.15,10.03,10.09,10.09,0
"CAN","Canaan Inc. - American Depositary Shares","2021-05-18 08:00:00-04:00",10.12,10.2,9.9,10.02,10.02,0
"CAN","Canaan Inc. - American Depositary Shares","2021-05-18 09:00:00-04:00",9.94,10.04,9.6,9.7,9.7,0
"CAN","Canaan Inc. - American Depositary Shares","2021-05-18 09:30:00-04:00",9.729999542236328,10.1899995803833,9.449999809265137,10.15999984741211,10.15999984741211,1095034
"CAN","Canaan Inc. - American Depositary Shares","2021-05-18 10:30:00-04:00",10.140000343322754,10.170000076293944,9.829999923706056,10.020000457763672,10.020000457763672,568035
"CAN","Canaan Inc. - American Depositary Shares","2021-05-18 11:30:00-04:00",10.020999908447266,10.029999732971191,9.800000190734863,9.9350004196167,9.9350004196167,374718
"CAN","Canaan Inc. - American Depositary Shares","2021-05-18 12:30:00-04:00",9.949999809265137,10.0600004196167,9.890000343322754,10.050000190734863,10.050000190734863,313173
"CAN","Canaan Inc. - American Depositary Shares","2021-05-18 13:30:00-04:00",10.050000190734863,10.079999923706056,9.880000114440918,9.880000114440918,9.880000114440918,227512
"CAN","Canaan Inc. - American Depositary Shares","2021-05-18 14:30:00-04:00",9.880000114440918,9.899999618530272,9.609999656677246,9.829999923706056,9.829999923706056,545226
"CAN","Canaan Inc. - American Depositary Shares","2021-05-18 15:30:00-04:00",9.829999923706056,9.90999984741211,9.770000457763672,9.800000190734863,9.800000190734863,313245
"CAN","Canaan Inc. - American Depositary Shares","2021-05-18 16:00:00-04:00",9.8,9.82,9.66,9.78,9.78,0
"CAN","Canaan Inc. - American Depositary Shares","2021-05-18 17:00:00-04:00",9.75,9.8,9.73,9.8,9.8,0
"CAN","Canaan Inc. - American Depositary Shares","2021-05-18 18:00:00-04:00",9.8,9.85,9.78,9.85,9.85,0
"CAN","Canaan Inc. - American Depositary Shares","2021-05-18 19:00:00-04:00",9.85,9.85,9.65,9.81,9.81,0
"CAN","Canaan Inc. - American Depositary Shares","2021-05-19 04:00:00-04:00",9.5,9.67,9.01,9.2,9.2,0
"CAN","Canaan Inc. - American Depositary Shares","2021-05-19 05:00:00-04:00",9.2,9.29,9.16,9.16,9.16,0
"CAN","Canaan Inc. - American Depositary Shares","2021-05-19 06:00:00-04:00",9.16,9.2,9.1,9.2,9.2,0
"CAN","Canaan Inc. - American Depositary Shares","2021-05-19 07:00:00-04:00",9.19,9.2,8.98,9.01,9.01,0
"CAN","Canaan Inc. - American Depositary Shares","2021-05-19 08:00:00-04:00",8.99,9.15,8.8,9.01,9.01,0
"CAN","Canaan Inc. - American Depositary Shares","2021-05-19 09:00:00-04:00",9.01,9.01,8.18,8.38,8.38,0
"CAN","Canaan Inc. - American Depositary Shares","2021-05-19 09:30:00-04:00",8.720000267028809,9.029999732971191,8.420000076293945,8.555000305175781,8.555000305175781,4238001
"CAN","Canaan Inc. - American Depositary Shares","2021-05-19 10:30:00-04:00",8.579999923706055,8.630000114440918,8.359999656677246,8.568400382995605,8.568400382995605,1681353
"CAN","Canaan Inc. - American Depositary Shares","2021-05-19 11:30:00-04:00",8.5600004196167,8.569000244140625,8.3100004196167,8.4399995803833,8.4399995803833,789216
"CAN","Canaan Inc. - American Depositary Shares","2021-05-19 12:30:00-04:00",8.4399995803833,8.569999694824219,8.359999656677246,8.550000190734863,8.550000190734863,868819
"CAN","Canaan Inc. - American Depositary Shares","2021-05-19 13:30:00-04:00",8.555000305175781,8.5600004196167,8.289999961853027,8.369999885559082,8.369999885559082,689875
"CAN","Canaan Inc. - American Depositary Shares","2021-05-19 14:30:00-04:00",8.380000114440918,8.505000114440918,8.25,8.489999771118164,8.489999771118164,677685
"CAN","Canaan Inc. - American Depositary Shares","2021-05-19 15:30:00-04:00",8.5,8.5600004196167,8.380000114440918,8.520000457763672,8.520000457763672,711710
"CAN","Canaan Inc. - American Depositary Shares","2021-05-19 16:00:00-04:00",8.52,8.6,8.495,8.55,8.55,0
"CAN","Canaan Inc. - American Depositary Shares","2021-05-19 17:00:00-04:00",8.55,8.6,8.53,8.55,8.55,0
"CAN","Canaan Inc. - American Depositary Shares","2021-05-19 18:00:00-04:00",8.54,8.58,8.5,8.52,8.52,0
"CAN","Canaan Inc. - American Depositary Shares","2021-05-19 19:00:00-04:00",8.52,8.52,8.44,8.45,8.45,0
"CAN","Canaan Inc. - American Depositary Shares","2021-05-20 04:00:00-04:00",8.52,8.9,8.52,8.75,8.75,0
"CAN","Canaan Inc. - American Depositary Shares","2021-05-20 05:00:00-04:00",8.75,8.82,8.71,8.71,8.71,0
"CAN","Canaan Inc. - American Depositary Shares","2021-05-20 06:00:00-04:00",8.71,8.74,8.63,8.74,8.74,0
"CAN","Canaan Inc. - American Depositary Shares","2021-05-20 07:00:00-04:00",8.74,8.8,8.68,8.77,8.77,0
"CAN","Canaan Inc. - American Depositary Shares","2021-05-20 08:00:00-04:00",8.79,8.95,8.66,8.92,8.92,0
"CAN","Canaan Inc. - American Depositary Shares","2021-05-20 09:00:00-04:00",8.92,9.19,8.91,9.05,9.05,0
"CAN","Canaan Inc. - American Depositary Shares","2021-05-20 09:30:00-04:00",9.06999969482422,9.130000114440918,8.65999984741211,8.729999542236328,8.729999542236328,1894465
"CAN","Canaan Inc. - American Depositary Shares","2021-05-20 10:30:00-04:00",8.720100402832031,8.800000190734863,8.619999885559082,8.70199966430664,8.70199966430664,576102
"CAN","Canaan Inc. - American Depositary Shares","2021-05-20 11:30:00-04:00",8.705900192260742,8.75,8.489999771118164,8.520000457763672,8.520000457763672,855674
"CAN","Canaan Inc. - American Depositary Shares","2021-05-20 12:30:00-04:00",8.520000457763672,8.729999542236328,8.510000228881836,8.680000305175781,8.680000305175781,504035
"CAN","Canaan Inc. - American Depositary Shares","2021-05-20 13:30:00-04:00",8.6899995803833,8.770000457763672,8.613800048828125,8.75,8.75,391098
"CAN","Canaan Inc. - American Depositary Shares","2021-05-20 14:30:00-04:00",8.729999542236328,8.869999885559082,8.720000267028809,8.869999885559082,8.869999885559082,302115
"CAN","Canaan Inc. - American Depositary Shares","2021-05-20 15:30:00-04:00",8.866999626159668,8.869999885559082,8.760000228881836,8.760000228881836,8.760000228881836,304782
"CAN","Canaan Inc. - American Depositary Shares","2021-05-20 16:00:00-04:00",8.78,8.79,8.7,8.7,8.7,0
"CAN","Canaan Inc. - American Depositary Shares","2021-05-20 17:00:00-04:00",8.71,8.8,8.71,8.8,8.8,0
"CAN","Canaan Inc. - American Depositary Shares","2021-05-20 18:00:00-04:00",8.78,8.88,8.75,8.88,8.88,0
"CAN","Canaan Inc. - American Depositary Shares","2021-05-20 19:00:00-04:00",8.89,8.95,8.75,8.78,8.78,0
"CAN","Canaan Inc. - American Depositary Shares","2021-05-21 04:00:00-04:00",8.78,8.78,8.7,8.77,8.77,0
"CAN","Canaan Inc. - American Depositary Shares","2021-05-21 05:00:00-04:00",8.78,8.88,8.78,8.88,8.88,0
"CAN","Canaan Inc. - American Depositary Shares","2021-05-21 06:00:00-04:00",8.87,8.93,8.87,8.89,8.89,0
"CAN","Canaan Inc. - American Depositary Shares","2021-05-21 07:00:00-04:00",8.89,8.9,8.85,8.86,8.86,0
"CAN","Canaan Inc. - American Depositary Shares","2021-05-21 08:00:00-04:00",8.85,9.0,8.8,8.89,8.89,0
"CAN","Canaan Inc. - American Depositary Shares","2021-05-21 09:00:00-04:00",8.9,8.9,8.7801,8.82,8.82,0
"CAN","Canaan Inc. - American Depositary Shares","2021-05-21 09:30:00-04:00",8.770000457763672,9.079999923706056,8.470000267028809,8.5600004196167,8.5600004196167,2129329
"CAN","Canaan Inc. - American Depositary Shares","2021-05-21 10:30:00-04:00",8.550100326538086,8.600000381469727,8.15999984741211,8.247699737548828,8.247699737548828,2166285
"CAN","Canaan Inc. - American Depositary Shares","2021-05-21 11:30:00-04:00",8.25,8.270000457763672,8.010000228881836,8.020000457763672,8.020000457763672,1731235
"CAN","Canaan Inc. - American Depositary Shares","2021-05-21 12:30:00-04:00",8.020000457763672,8.15999984741211,7.940000057220459,8.130000114440918,8.130000114440918,1268239
"CAN","Canaan Inc. - American Depositary Shares","2021-05-21 13:30:00-04:00",8.138999938964844,8.350000381469727,8.050000190734863,8.180000305175781,8.180000305175781,781157
"CAN","Canaan Inc. - American Depositary Shares","2021-05-21 14:30:00-04:00",8.1850004196167,8.1899995803833,8.039999961853027,8.0649995803833,8.0649995803833,643169
"CAN","Canaan Inc. - American Depositary Shares","2021-05-21 15:30:00-04:00",8.069999694824219,8.09000015258789,7.920000076293945,7.96999979019165,7.96999979019165,783493
"CAN","Canaan Inc. - American Depositary Shares","2021-05-21 16:00:00-04:00",7.97,8.0,7.93,7.96,7.96,0
"CAN","Canaan Inc. - American Depositary Shares","2021-05-21 17:00:00-04:00",7.93,7.95,7.84,7.95,7.95,0
"CAN","Canaan Inc. - American Depositary Shares","2021-05-21 18:00:00-04:00",7.95,7.95,7.85,7.9,7.9,0
"CAN","Canaan Inc. - American Depositary Shares","2021-05-21 19:00:00-04:00",7.92,8.0,7.9,7.92,7.92,0
"CAN","Canaan Inc. - American Depositary Shares","2021-05-24 04:00:00-04:00",7.88,7.91,7.53,7.64,7.64,0
"CAN","Canaan Inc. - American Depositary Shares","2021-05-24 05:00:00-04:00",7.64,7.73,7.59,7.67,7.67,0
"CAN","Canaan Inc. - American Depositary Shares","2021-05-24 06:00:00-04:00",7.67,7.7,7.61,7.65,7.65,0
"CAN","Canaan Inc. - American Depositary Shares","2021-05-24 07:00:00-04:00",7.66,7.88,7.6,7.65,7.65,0
"CAN","Canaan Inc. - American Depositary Shares","2021-05-24 08:00:00-04:00",7.66,7.89,7.59,7.82,7.82,0
"CAN","Canaan Inc. - American Depositary Shares","2021-05-24 09:00:00-04:00",7.83,7.96,7.7701,7.83,7.83,0
"CAN","Canaan Inc. - American Depositary Shares","2021-05-24 09:30:00-04:00",7.659999847412109,7.849999904632568,7.269999980926514,7.3607001304626465,7.3607001304626465,4142292
"CAN","Canaan Inc. - American Depositary Shares","2021-05-24 10:30:00-04:00",7.369999885559082,7.422500133514404,7.050000190734863,7.190000057220459,7.190000057220459,2862333
"CAN","Canaan Inc. - American Depositary Shares","2021-05-24 11:30:00-04:00",7.182600021362305,7.506999969482422,7.182600021362305,7.329999923706055,7.329999923706055,1403448
"CAN","Canaan Inc. - American Depositary Shares","2021-05-24 12:30:00-04:00",7.320000171661377,7.489999771118164,7.260000228881836,7.420000076293945,7.420000076293945,723607
"CAN","Canaan Inc. - American Depositary Shares","2021-05-24 13:30:00-04:00",7.409999847412109,7.53000020980835,7.400000095367432,7.5,7.5,850815
"CAN","Canaan Inc. - American Depositary Shares","2021-05-24 14:30:00-04:00",7.505000114440918,7.559999942779541,7.394999980926514,7.405799865722656,7.405799865722656,820085
"CAN","Canaan Inc. - American Depositary Shares","2021-05-24 15:30:00-04:00",7.400000095367432,7.526500225067139,7.389999866485596,7.400000095367432,7.400000095367432,1621184
"CAN","Canaan Inc. - American Depositary Shares","2021-05-24 16:00:00-04:00",7.41,7.42,7.32,7.39,7.39,0
"CAN","Canaan Inc. - American Depositary Shares","2021-05-24 17:00:00-04:00",7.36,7.42,7.34,7.42,7.42,0
"CAN","Canaan Inc. - American Depositary Shares","2021-05-24 18:00:00-04:00",7.42,7.44,7.35,7.4,7.4,0
"CAN","Canaan Inc. - American Depositary Shares","2021-05-24 19:00:00-04:00",7.4,7.42,7.31,7.4,7.4,0
"CAN","Canaan Inc. - American Depositary Shares","2021-05-25 04:00:00-04:00",7.44,7.69,7.44,7.57,7.57,0
"CAN","Canaan Inc. - American Depositary Shares","2021-05-25 05:00:00-04:00",7.57,7.65,7.53,7.53,7.53,0
"CAN","Canaan Inc. - American Depositary Shares","2021-05-25 06:00:00-04:00",7.53,7.53,7.46,7.46,7.46,0
"CAN","Canaan Inc. - American Depositary Shares","2021-05-25 07:00:00-04:00",7.45,7.5,7.37,7.4,7.4,0
"CAN","Canaan Inc. - American Depositary Shares","2021-05-25 08:00:00-04:00",7.41,7.5,7.34,7.39,7.39,0
"CAN","Canaan Inc. - American Depositary Shares","2021-05-25 09:00:00-04:00",7.37,7.4,7.32,7.35,7.35,0
"CAN","Canaan Inc. - American Depositary Shares","2021-05-25 09:30:00-04:00",7.389999866485596,7.739999771118164,7.179999828338623,7.599999904632568,7.599999904632568,2296075
"CAN","Canaan Inc. - American Depositary Shares","2021-05-25 10:30:00-04:00",7.599999904632568,7.849999904632568,7.550000190734863,7.570000171661377,7.570000171661377,1422796
"CAN","Canaan Inc. - American Depositary Shares","2021-05-25 11:30:00-04:00",7.560100078582764,7.71999979019165,7.5,7.71999979019165,7.71999979019165,662665
"CAN","Canaan Inc. - American Depositary Shares","2021-05-25 12:30:00-04:00",7.717999935150146,7.769999980926514,7.630000114440918,7.670000076293945,7.670000076293945,604892
"CAN","Canaan Inc. - American Depositary Shares","2021-05-25 13:30:00-04:00",7.670000076293945,7.929999828338623,7.670000076293945,7.769999980926514,7.769999980926514,902874
"CAN","Canaan Inc. - American Depositary Shares","2021-05-25 14:30:00-04:00",7.769999980926514,7.849999904632568,7.710000038146973,7.75,7.75,488181
"CAN","Canaan Inc. - American Depositary Shares","2021-05-25 15:30:00-04:00",7.739999771118164,7.739999771118164,7.650000095367432,7.670000076293945,7.670000076293945,432839
"CAN","Canaan Inc. - American Depositary Shares","2021-05-25 16:00:00-04:00",7.66,7.8,7.66,7.73,7.73,0
"CAN","Canaan Inc. - American Depositary Shares","2021-05-25 17:00:00-04:00",7.73,7.79,7.7,7.72,7.72,0
"CAN","Canaan Inc. - American Depositary Shares","2021-05-25 18:00:00-04:00",7.69,7.7,7.66,7.7,7.7,0
"CAN","Canaan Inc. - American Depositary Shares","2021-05-25 19:00:00-04:00",7.74,7.75,7.68,7.75,7.75,0
"CAN","Canaan Inc. - American Depositary Shares","2021-05-26 04:00:00-04:00",7.74,8.06,7.74,7.83,7.83,0
"CAN","Canaan Inc. - American Depositary Shares","2021-05-26 05:00:00-04:00",7.83,7.94,7.83,7.9,7.9,0
"CAN","Canaan Inc. - American Depositary Shares","2021-05-26 06:00:00-04:00",7.92,7.99,7.92,7.97,7.97,0
"CAN","Canaan Inc. - American Depositary Shares","2021-05-26 07:00:00-04:00",7.97,7.98,7.92,7.95,7.95,0
"CAN","Canaan Inc. - American Depositary Shares","2021-05-26 08:00:00-04:00",7.95,7.9895,7.8999,7.95,7.95,0
"CAN","Canaan Inc. - American Depositary Shares","2021-05-26 09:00:00-04:00",7.9499,7.96,7.85,7.8688,7.8688,0
"CAN","Canaan Inc. - American Depositary Shares","2021-05-26 09:30:00-04:00",7.860000133514404,8.59000015258789,7.710000038146973,8.579999923706055,8.579999923706055,3052134
"CAN","Canaan Inc. - American Depositary Shares","2021-05-26 10:30:00-04:00",8.579999923706055,8.739999771118164,8.420000076293945,8.550000190734863,8.550000190734863,1729117
"CAN","Canaan Inc. - American Depositary Shares","2021-05-26 11:30:00-04:00",8.550000190734863,8.779999732971191,8.479999542236328,8.729999542236328,8.729999542236328,1016413
"CAN","Canaan Inc. - American Depositary Shares","2021-05-26 12:30:00-04:00",8.734999656677246,8.760000228881836,8.609999656677246,8.704999923706055,8.704999923706055,584846
"CAN","Canaan Inc. - American Depositary Shares","2021-05-26 13:30:00-04:00",8.704999923706055,8.890000343322754,8.640000343322754,8.84000015258789,8.84000015258789,1100828
"CAN","Canaan Inc. - American Depositary Shares","2021-05-26 14:30:00-04:00",8.83899974822998,8.890000343322754,8.649999618530273,8.729999542236328,8.729999542236328,957400
"CAN","Canaan Inc. - American Depositary Shares","2021-05-26 15:30:00-04:00",8.720000267028809,8.8100004196167,8.640000343322754,8.640000343322754,8.640000343322754,804802
"CAN","Canaan Inc. - American Depositary Shares","2021-05-26 16:00:00-04:00",8.66,8.67,8.61,8.64,8.64,0
"CAN","Canaan Inc. - American Depositary Shares","2021-05-26 17:00:00-04:00",8.63,8.66,8.5,8.59,8.59,0
"CAN","Canaan Inc. - American Depositary Shares","2021-05-26 18:00:00-04:00",8.59,8.59,8.55,8.55,8.55,0
"CAN","Canaan Inc. - American Depositary Shares","2021-05-26 19:00:00-04:00",8.52,8.7,8.52,8.65,8.65,0
"CAN","Canaan Inc. - American Depositary Shares","2021-05-27 04:00:00-04:00",8.65,8.67,8.58,8.67,8.67,0
"CAN","Canaan Inc. - American Depositary Shares","2021-05-27 05:00:00-04:00",8.67,8.97,8.67,8.97,8.97,0
"CAN","Canaan Inc. - American Depositary Shares","2021-05-27 06:00:00-04:00",8.97,9.26,8.9,9.02,9.02,0
"CAN","Canaan Inc. - American Depositary Shares","2021-05-27 07:00:00-04:00",9.02,9.45,9.02,9.17,9.17,0
"CAN","Canaan Inc. - American Depositary Shares","2021-05-27 08:00:00-04:00",9.16,9.22,8.66,9.13,9.13,0
"CAN","Canaan Inc. - American Depositary Shares","2021-05-27 09:00:00-04:00",9.12,9.155,9.03,9.03,9.03,0
"CAN","Canaan Inc. - American Depositary Shares","2021-05-27 09:30:00-04:00",8.960000038146973,9.149999618530272,8.350000381469727,9.079999923706056,9.079999923706056,3697185
"CAN","Canaan Inc. - American Depositary Shares","2021-05-27 10:30:00-04:00",9.079999923706056,9.380000114440918,8.949999809265137,9.18000030517578,9.18000030517578,1954344
"CAN","Canaan Inc. - American Depositary Shares","2021-05-27 11:30:00-04:00",9.18000030517578,9.1899995803833,8.880000114440918,8.90999984741211,8.90999984741211,423342
"CAN","Canaan Inc. - American Depositary Shares","2021-05-27 12:30:00-04:00",8.90999984741211,9.029999732971191,8.899999618530273,8.960000038146973,8.960000038146973,452454
"CAN","Canaan Inc. - American Depositary Shares","2021-05-27 13:30:00-04:00",8.960000038146973,9.029999732971191,8.880000114440918,8.95199966430664,8.95199966430664,574688
"CAN","Canaan Inc. - American Depositary Shares","2021-05-27 14:30:00-04:00",8.949999809265137,8.989999771118164,8.880000114440918,8.899999618530273,8.899999618530273,609099
"CAN","Canaan Inc. - American Depositary Shares","2021-05-27 15:30:00-04:00",8.920000076293945,9.149999618530272,8.90410041809082,9.100000381469728,9.100000381469728,1138784
"CAN","Canaan Inc. - American Depositary Shares","2021-05-27 16:00:00-04:00",9.13,9.15,9.04,9.1,9.1,0
"CAN","Canaan Inc. - American Depositary Shares","2021-05-27 17:00:00-04:00",9.07,9.11,9.07,9.09,9.09,0
"CAN","Canaan Inc. - American Depositary Shares","2021-05-27 18:00:00-04:00",9.1,9.11,9.07,9.07,9.07,0
"CAN","Canaan Inc. - American Depositary Shares","2021-05-27 19:00:00-04:00",9.07,9.14,9.07,9.13,9.13,0
"CAN","Canaan Inc. - American Depositary Shares","2021-05-28 04:00:00-04:00",9.13,9.13,8.55,8.81,8.81,0
"CAN","Canaan Inc. - American Depositary Shares","2021-05-28 05:00:00-04:00",8.82,8.88,8.59,8.75,8.75,0
"CAN","Canaan Inc. - American Depositary Shares","2021-05-28 06:00:00-04:00",8.75,8.81,8.68,8.73,8.73,0
"CAN","Canaan Inc. - American Depositary Shares","2021-05-28 07:00:00-04:00",8.74,8.82,8.7,8.75,8.75,0
"CAN","Canaan Inc. - American Depositary Shares","2021-05-28 08:00:00-04:00",8.74,8.8,8.66,8.78,8.78,0
"CAN","Canaan Inc. - American Depositary Shares","2021-05-28 09:00:00-04:00",8.73,8.88,8.7,8.82,8.82,0
"CAN","Canaan Inc. - American Depositary Shares","2021-05-28 09:30:00-04:00",8.880000114440918,8.930000305175781,8.369999885559082,8.380000114440918,8.380000114440918,2565875
"CAN","Canaan Inc. - American Depositary Shares","2021-05-28 10:30:00-04:00",8.371700286865234,8.5600004196167,8.369999885559082,8.494999885559082,8.494999885559082,965305
"CAN","Canaan Inc. - American Depositary Shares","2021-05-28 11:30:00-04:00",8.494999885559082,8.579999923706055,8.430000305175781,8.5,8.5,602827
"CAN","Canaan Inc. - American Depositary Shares","2021-05-28 12:30:00-04:00",8.494999885559082,8.600000381469727,8.460000038146973,8.5649995803833,8.5649995803833,558863
"CAN","Canaan Inc. - American Depositary Shares","2021-05-28 13:30:00-04:00",8.569999694824219,8.600000381469727,8.449999809265137,8.479999542236328,8.479999542236328,617047
"CAN","Canaan Inc. - American Depositary Shares","2021-05-28 14:30:00-04:00",8.479999542236328,8.5600004196167,8.460000038146973,8.489999771118164,8.489999771118164,669121
"CAN","Canaan Inc. - American Depositary Shares","2021-05-28 15:30:00-04:00",8.494999885559082,8.520000457763672,8.399999618530273,8.399999618530273,8.399999618530273,856548
"CAN","Canaan Inc. - American Depositary Shares","2021-05-28 16:00:00-04:00",8.4,8.5,8.4,8.49,8.49,0
"CAN","Canaan Inc. - American Depositary Shares","2021-05-28 17:00:00-04:00",8.48,8.53,8.37,8.37,8.37,0
"CAN","Canaan Inc. - American Depositary Shares","2021-05-28 18:00:00-04:00",8.4,8.54,8.38,8.47,8.47,0
"CAN","Canaan Inc. - American Depositary Shares","2021-05-28 19:00:00-04:00",8.4701,8.64,8.47,8.6,8.6,0
"CAN","Canaan Inc. - American Depositary Shares","2021-06-01 04:00:00-04:00",8.61,9.0,8.61,8.9,8.9,0
"CAN","Canaan Inc. - American Depositary Shares","2021-06-01 05:00:00-04:00",8.85,8.95,8.8,8.88,8.88,0
"CAN","Canaan Inc. - American Depositary Shares","2021-06-01 06:00:00-04:00",8.88,9.55,8.87,9.25,9.25,0
"CAN","Canaan Inc. - American Depositary Shares","2021-06-01 07:00:00-04:00",9.25,9.56,9.05,9.15,9.15,0
"CAN","Canaan Inc. - American Depositary Shares","2021-06-01 08:00:00-04:00",9.18,9.34,8.91,9.0,9.0,0
"CAN","Canaan Inc. - American Depositary Shares","2021-06-01 09:00:00-04:00",9.0,9.0,8.78,8.83,8.83,0
"CAN","Canaan Inc. - American Depositary Shares","2021-06-01 09:30:00-04:00",8.849800109863281,9.619999885559082,8.65999984741211,9.255000114440918,9.255000114440918,5025383
"CAN","Canaan Inc. - American Depositary Shares","2021-06-01 10:30:00-04:00",9.255000114440918,9.470000267028809,9.15999984741211,9.3100004196167,9.3100004196167,1577643
"CAN","Canaan Inc. - American Depositary Shares","2021-06-01 11:30:00-04:00",9.30500030517578,9.520000457763672,9.171600341796877,9.5,9.5,1238785
"CAN","Canaan Inc. - American Depositary Shares","2021-06-01 12:30:00-04:00",9.489999771118164,10.75,9.470000267028809,10.520000457763672,10.520000457763672,7338529
"CAN","Canaan Inc. - American Depositary Shares","2021-06-01 13:30:00-04:00",10.520000457763672,11.100000381469728,10.31999969482422,10.90999984741211,10.90999984741211,3678411
"CAN","Canaan Inc. - American Depositary Shares","2021-06-01 14:30:00-04:00",10.910900115966797,10.920000076293944,10.15999984741211,10.201800346374512,10.201800346374512,2057458
"CAN","Canaan Inc. - American Depositary Shares","2021-06-01 15:30:00-04:00",10.199999809265137,10.36989974975586,10.149999618530272,10.231399536132812,10.231399536132812,1376859
"CAN","Canaan Inc. - American Depositary Shares","2021-06-01 16:00:00-04:00",10.26,10.37,10.15,10.3,10.3,0
"CAN","Canaan Inc. - American Depositary Shares","2021-06-01 17:00:00-04:00",10.3,10.45,10.26,10.4,10.4,0
"CAN","Canaan Inc. - American Depositary Shares","2021-06-01 18:00:00-04:00",10.45,10.45,10.12,10.17,10.17,0
"CAN","Canaan Inc. - American Depositary Shares","2021-06-01 19:00:00-04:00",10.18,10.58,10.17,10.51,10.51,0
"CAN","Canaan Inc. - American Depositary Shares","2021-06-02 04:00:00-04:00",10.51,10.89,10.51,10.75,10.75,0
"CAN","Canaan Inc. - American Depositary Shares","2021-06-02 05:00:00-04:00",10.75,11.0,10.69,11.0,11.0,0
"CAN","Canaan Inc. - American Depositary Shares","2021-06-02 06:00:00-04:00",11.0,11.0,10.7,10.75,10.75,0
"CAN","Canaan Inc. - American Depositary Shares","2021-06-02 07:00:00-04:00",10.75,10.95,10.72,10.89,10.89,0
"CAN","Canaan Inc. - American Depositary Shares","2021-06-02 08:00:00-04:00",10.89,10.95,10.7,10.78,10.78,0
"CAN","Canaan Inc. - American Depositary Shares","2021-06-02 09:00:00-04:00",10.79,10.79,10.57,10.6,10.6,0
"CAN","Canaan Inc. - American Depositary Shares","2021-06-02 09:30:00-04:00",10.619999885559082,10.68000030517578,9.899999618530272,10.130000114440918,10.130000114440918,3744131
"CAN","Canaan Inc. - American Depositary Shares","2021-06-02 10:30:00-04:00",10.130000114440918,10.170000076293944,9.8100004196167,10.0,10.0,1638495
"CAN","Canaan Inc. - American Depositary Shares","2021-06-02 11:30:00-04:00",9.989999771118164,10.237099647521973,9.859999656677246,9.902799606323242,9.902799606323242,963555
"CAN","Canaan Inc. - American Depositary Shares","2021-06-02 12:30:00-04:00",9.909500122070312,9.90999984741211,9.649999618530272,9.6899995803833,9.6899995803833,1171952
"CAN","Canaan Inc. - American Depositary Shares","2021-06-02 13:30:00-04:00",9.6899995803833,9.739999771118164,9.619999885559082,9.68000030517578,9.68000030517578,566588
"CAN","Canaan Inc. - American Depositary Shares","2021-06-02 14:30:00-04:00",9.670000076293944,9.869999885559082,9.619999885559082,9.780500411987305,9.780500411987305,818566
"CAN","Canaan Inc. - American Depositary Shares","2021-06-02 15:30:00-04:00",9.788900375366213,10.079999923706056,9.78499984741211,10.0,10.0,895596
"CAN","Canaan Inc. - American Depositary Shares","2021-06-02 16:00:00-04:00",10.002,10.04,9.89,9.93,9.93,0
"CAN","Canaan Inc. - American Depositary Shares","2021-06-02 17:00:00-04:00",9.93,10.0,9.91,9.98,9.98,0
"CAN","Canaan Inc. - American Depositary Shares","2021-06-02 18:00:00-04:00",9.97,10.0,9.93,9.93,9.93,0
"CAN","Canaan Inc. - American Depositary Shares","2021-06-02 19:00:00-04:00",9.93,10.09,9.93,10.01,10.01,0
"CAN","Canaan Inc. - American Depositary Shares","2021-06-03 04:00:00-04:00",10.03,10.55,10.0,10.23,10.23,0
"CAN","Canaan Inc. - American Depositary Shares","2021-06-03 05:00:00-04:00",10.19,10.21,9.73,9.9,9.9,0
"CAN","Canaan Inc. - American Depositary Shares","2021-06-03 06:00:00-04:00",9.89,10.21,9.89,10.1,10.1,0
"CAN","Canaan Inc. - American Depositary Shares","2021-06-03 07:00:00-04:00",10.1,10.14,9.84,9.93,9.93,0
"CAN","Canaan Inc. - American Depositary Shares","2021-06-03 08:00:00-04:00",9.93,10.05,9.84,10.0,10.0,0
"CAN","Canaan Inc. - American Depositary Shares","2021-06-03 09:00:00-04:00",9.98,10.07,9.98,9.98,9.98,0
"CAN","Canaan Inc. - American Depositary Shares","2021-06-03 09:30:00-04:00",10.0600004196167,10.449999809265137,9.899999618530272,10.18000030517578,10.18000030517578,3285072
"CAN","Canaan Inc. - American Depositary Shares","2021-06-03 10:30:00-04:00",10.170000076293944,10.5600004196167,10.06999969482422,10.109999656677246,10.109999656677246,1648961
"CAN","Canaan Inc. - American Depositary Shares","2021-06-03 11:30:00-04:00",10.119999885559082,10.770000457763672,10.09000015258789,10.599599838256836,10.599599838256836,1789248
"CAN","Canaan Inc. - American Depositary Shares","2021-06-03 12:30:00-04:00",10.609999656677246,11.359999656677246,10.529999732971191,11.279999732971191,11.279999732971191,1960328
"CAN","Canaan Inc. - American Depositary Shares","2021-06-03 13:30:00-04:00",11.279999732971191,11.5,10.949999809265137,10.970000267028809,10.970000267028809,1317456
"CAN","Canaan Inc. - American Depositary Shares","2021-06-03 14:30:00-04:00",10.970000267028809,11.0,10.869999885559082,10.975000381469728,10.975000381469728,475471
"CAN","Canaan Inc. - American Depositary Shares","2021-06-03 15:30:00-04:00",10.979999542236328,11.039999961853027,10.859999656677246,10.869999885559082,10.869999885559082,528106
"CAN","Canaan Inc. - American Depositary Shares","2021-06-03 16:00:00-04:00",10.89,10.91,10.73,10.74,10.74,0
"CAN","Canaan Inc. - American Depositary Shares","2021-06-03 17:00:00-04:00",10.71,10.89,10.69,10.8,10.8,0
"CAN","Canaan Inc. - American Depositary Shares","2021-06-03 18:00:00-04:00",10.73,10.88,10.73,10.86,10.86,0
"CAN","Canaan Inc. - American Depositary Shares","2021-06-03 19:00:00-04:00",10.85,10.88,10.7,10.87,10.87,0
"CAN","Canaan Inc. - American Depositary Shares","2021-06-04 04:00:00-04:00",10.7,10.7,10.19,10.4,10.4,0
"CAN","Canaan Inc. - American Depositary Shares","2021-06-04 05:00:00-04:00",10.4,10.5,10.35,10.4,10.4,0
"CAN","Canaan Inc. - American Depositary Shares","2021-06-04 06:00:00-04:00",10.4,10.5,10.38,10.49,10.49,0
"CAN","Canaan Inc. - American Depositary Shares","2021-06-04 07:00:00-04:00",10.49,10.65,10.45,10.46,10.46,0
"CAN","Canaan Inc. - American Depositary Shares","2021-06-04 08:00:00-04:00",10.46,10.76,10.35,10.39,10.39,0
"CAN","Canaan Inc. - American Depositary Shares","2021-06-04 09:00:00-04:00",10.38,10.8,10.36,10.45,10.45,0
"CAN","Canaan Inc. - American Depositary Shares","2021-06-04 09:30:00-04:00",10.449999809265137,10.9399995803833,10.369999885559082,10.579999923706056,10.579999923706056,2123497
"CAN","Canaan Inc. - American Depositary Shares","2021-06-04 10:30:00-04:00",10.59000015258789,10.765000343322754,10.520000457763672,10.760000228881836,10.760000228881836,715919
"CAN","Canaan Inc. - American Depositary Shares","2021-06-04 11:30:00-04:00",10.765000343322754,10.829999923706056,10.59000015258789,10.640000343322754,10.640000343322754,458086
"CAN","Canaan Inc. - American Depositary Shares","2021-06-04 12:30:00-04:00",10.649999618530272,11.170000076293944,10.55500030517578,11.010000228881836,11.010000228881836,1013775
"CAN","Canaan Inc. - American Depositary Shares","2021-06-04 13:30:00-04:00",11.010000228881836,11.06999969482422,10.90999984741211,10.984999656677246,10.984999656677246,416668
"CAN","Canaan Inc. - American Depositary Shares","2021-06-04 14:30:00-04:00",10.98009967803955,11.020000457763672,10.869999885559082,10.899999618530272,10.899999618530272,278983
"CAN","Canaan Inc. - American Depositary Shares","2021-06-04 15:30:00-04:00",10.899999618530272,10.970000267028809,10.890000343322754,10.960000038146973,10.960000038146973,360967
"CAN","Canaan Inc. - American Depositary Shares","2021-06-04 16:00:00-04:00",10.97,10.98,10.8,10.95,10.95,0
"CAN","Canaan Inc. - American Depositary Shares","2021-06-04 17:00:00-04:00",10.9589,10.97,10.9,10.9172,10.9172,0
"CAN","Canaan Inc. - American Depositary Shares","2021-06-04 18:00:00-04:00",10.92,10.93,10.85,10.86,10.86,0
"CAN","Canaan Inc. - American Depositary Shares","2021-06-04 19:00:00-04:00",10.85,11.15,10.82,11.15,11.15,0
"CAN","Canaan Inc. - American Depositary Shares","2021-06-07 04:00:00-04:00",11.15,11.15,10.8,11.0,11.0,0
"CAN","Canaan Inc. - American Depositary Shares","2021-06-07 05:00:00-04:00",10.84,11.0,10.84,10.89,10.89,0
"CAN","Canaan Inc. - American Depositary Shares","2021-06-07 06:00:00-04:00",10.9,11.18,10.9,11.1,11.1,0
"CAN","Canaan Inc. - American Depositary Shares","2021-06-07 07:00:00-04:00",11.1,11.11,10.88,10.92,10.92,0
"CAN","Canaan Inc. - American Depositary Shares","2021-06-07 08:00:00-04:00",10.92,11.06,10.84,10.88,10.88,0
"CAN","Canaan Inc. - American Depositary Shares","2021-06-07 09:00:00-04:00",10.86,11.0,10.79,10.81,10.81,0
"CAN","Canaan Inc. - American Depositary Shares","2021-06-07 09:30:00-04:00",10.720000267028809,10.859999656677246,9.760000228881836,9.8100004196167,9.8100004196167,2660081
"CAN","Canaan Inc. - American Depositary Shares","2021-06-07 10:30:00-04:00",9.8100004196167,10.050000190734863,9.720000267028809,9.78499984741211,9.78499984741211,1648261
"CAN","Canaan Inc. - American Depositary Shares","2021-06-07 11:30:00-04:00",9.789999961853027,9.899999618530272,9.579999923706056,9.59000015258789,9.59000015258789,1015018
"CAN","Canaan Inc. - American Depositary Shares","2021-06-07 12:30:00-04:00",9.595000267028809,9.649999618530272,9.420000076293944,9.4350004196167,9.4350004196167,1513492
"CAN","Canaan Inc. - American Depositary Shares","2021-06-07 13:30:00-04:00",9.439900398254396,9.588000297546388,9.31999969482422,9.557100296020508,9.557100296020508,1215770
"CAN","Canaan Inc. - American Depositary Shares","2021-06-07 14:30:00-04:00",9.559900283813477,9.829899787902832,9.520000457763672,9.70009994506836,9.70009994506836,1111608
"CAN","Canaan Inc. - American Depositary Shares","2021-06-07 15:30:00-04:00",9.720000267028809,10.119999885559082,9.720000267028809,10.0649995803833,10.0649995803833,2365114
"CAN","Canaan Inc. - American Depositary Shares","2021-06-07 16:00:00-04:00",10.06,10.06,9.9,9.9,9.9,0
"CAN","Canaan Inc. - American Depositary Shares","2021-06-07 17:00:00-04:00",9.9,10.06,9.75,9.8,9.8,0
"CAN","Canaan Inc. - American Depositary Shares","2021-06-07 18:00:00-04:00",9.75,9.84,9.71,9.8,9.8,0
"CAN","Canaan Inc. - American Depositary Shares","2021-06-07 19:00:00-04:00",9.8,9.8,9.75,9.79,9.79,0
"CAN","Canaan Inc. - American Depositary Shares","2021-06-08 04:00:00-04:00",9.74,9.74,9.52,9.71,9.71,0
"CAN","Canaan Inc. - American Depositary Shares","2021-06-08 05:00:00-04:00",9.71,9.72,9.55,9.58,9.58,0
"CAN","Canaan Inc. - American Depositary Shares","2021-06-08 06:00:00-04:00",9.58,9.59,9.56,9.58,9.58,0
"CAN","Canaan Inc. - American Depositary Shares","2021-06-08 07:00:00-04:00",9.56,9.6,9.48,9.51,9.51,0
"CAN","Canaan Inc. - American Depositary Shares","2021-06-08 08:00:00-04:00",9.51,10.0,9.49,9.73,9.73,0
"CAN","Canaan Inc. - American Depositary Shares","2021-06-08 09:00:00-04:00",9.74,9.74,9.6,9.62,9.62,0
"CAN","Canaan Inc. - American Depositary Shares","2021-06-08 09:30:00-04:00",9.720000267028809,9.979999542236328,9.420000076293944,9.6899995803833,9.6899995803833,2434688
"CAN","Canaan Inc. - American Depositary Shares","2021-06-08 10:30:00-04:00",9.680100440979004,9.6899995803833,9.140000343322754,9.289999961853027,9.289999961853027,1643736
"CAN","Canaan Inc. - American Depositary Shares","2021-06-08 11:30:00-04:00",9.295000076293944,9.5,9.199999809265137,9.3548002243042,9.3548002243042,1109892
"CAN","Canaan Inc. - American Depositary Shares","2021-06-08 12:30:00-04:00",9.350099563598633,9.449999809265137,9.34000015258789,9.380000114440918,9.380000114440918,343605
"CAN","Canaan Inc. - American Depositary Shares","2021-06-08 13:30:00-04:00",9.380000114440918,9.600000381469728,9.380000114440918,9.520000457763672,9.520000457763672,323779
"CAN","Canaan Inc. - American Depositary Shares","2021-06-08 14:30:00-04:00",9.5,9.574999809265137,9.399999618530272,9.460000038146973,9.460000038146973,447441
"CAN","Canaan Inc. - American Depositary Shares","2021-06-08 15:30:00-04:00",9.454999923706056,9.489999771118164,9.399999618530272,9.4399995803833,9.4399995803833,565610
"CAN","Canaan Inc. - American Depositary Shares","2021-06-08 16:00:00-04:00",9.44,9.49,9.41,9.46,9.46,0
"CAN","Canaan Inc. - American Depositary Shares","2021-06-08 17:00:00-04:00",9.47,9.57,9.45,9.5,9.5,0
"CAN","Canaan Inc. - American Depositary Shares","2021-06-08 18:00:00-04:00",9.48,9.53,9.41,9.45,9.45,0
"CAN","Canaan Inc. - American Depositary Shares","2021-06-08 19:00:00-04:00",9.5,9.53,9.45,9.51,9.51,0
"CAN","Canaan Inc. - American Depositary Shares","2021-06-09 04:00:00-04:00",9.51,9.68,9.51,9.65,9.65,0
"CAN","Canaan Inc. - American Depositary Shares","2021-06-09 05:00:00-04:00",9.68,9.97,9.59,9.64,9.64,0
"CAN","Canaan Inc. - American Depositary Shares","2021-06-09 06:00:00-04:00",9.62,9.68,9.61,9.64,9.64,0
"CAN","Canaan Inc. - American Depositary Shares","2021-06-09 07:00:00-04:00",9.64,9.72,9.64,9.66,9.66,0
"CAN","Canaan Inc. - American Depositary Shares","2021-06-09 08:00:00-04:00",9.66,9.8,9.61,9.76,9.76,0
"CAN","Canaan Inc. - American Depositary Shares","2021-06-09 09:00:00-04:00",9.75,9.85,9.61,9.65,9.65,0
"CAN","Canaan Inc. - American Depositary Shares","2021-06-09 09:30:00-04:00",9.670000076293944,10.699999809265137,9.510000228881836,10.0600004196167,10.0600004196167,4072357
"CAN","Canaan Inc. - American Depositary Shares","2021-06-09 10:30:00-04:00",10.0649995803833,10.139900207519531,9.850000381469728,9.9399995803833,9.9399995803833,1455041
"CAN","Canaan Inc. - American Depositary Shares","2021-06-09 11:30:00-04:00",9.93000030517578,10.0,9.720000267028809,9.949999809265137,9.949999809265137,1150442
"CAN","Canaan Inc. - American Depositary Shares","2021-06-09 12:30:00-04:00",9.954999923706056,10.170000076293944,9.899999618530272,10.130000114440918,10.130000114440918,748580
"CAN","Canaan Inc. - American Depositary Shares","2021-06-09 13:30:00-04:00",10.125,10.375,10.029999732971191,10.119999885559082,10.119999885559082,1016555
"CAN","Canaan Inc. - American Depositary Shares","2021-06-09 14:30:00-04:00",10.137100219726562,10.1899995803833,9.890000343322754,9.918999671936035,9.918999671936035,694229
"CAN","Canaan Inc. - American Depositary Shares","2021-06-09 15:30:00-04:00",9.920000076293944,9.98799991607666,9.8100004196167,9.81999969482422,9.81999969482422,609899
"CAN","Canaan Inc. - American Depositary Shares","2021-06-09 16:00:00-04:00",9.82,9.95,9.8,9.81,9.81,0
"CAN","Canaan Inc. - American Depositary Shares","2021-06-09 17:00:00-04:00",9.81,9.98,9.81,9.96,9.96,0
"CAN","Canaan Inc. - American Depositary Shares","2021-06-09 18:00:00-04:00",9.96,10.02,9.93,10.0,10.0,0
"CAN","Canaan Inc. - American Depositary Shares","2021-06-09 19:00:00-04:00",9.99,10.1,9.93,10.0,10.0,0
"CAN","Canaan Inc. - American Depositary Shares","2021-06-10 04:00:00-04:00",10.6,10.6,9.82,10.14,10.14,0
"CAN","Canaan Inc. - American Depositary Shares","2021-06-10 05:00:00-04:00",10.17,10.18,10.03,10.07,10.07,0
"CAN","Canaan Inc. - American Depositary Shares","2021-06-10 06:00:00-04:00",10.08,10.35,10.05,10.29,10.29,0
"CAN","Canaan Inc. - American Depositary Shares","2021-06-10 07:00:00-04:00",10.25,10.29,10.11,10.17,10.17,0
"CAN","Canaan Inc. - American Depositary Shares","2021-06-10 08:00:00-04:00",10.17,10.25,10.06,10.15,10.15,0
"CAN","Canaan Inc. - American Depositary Shares","2021-06-10 09:00:00-04:00",10.14,10.24,10.1001,10.2,10.2,0
"CAN","Canaan Inc. - American Depositary Shares","2021-06-10 09:30:00-04:00",10.079999923706056,10.479999542236328,9.649999618530272,9.890000343322754,9.890000343322754,2758382
"CAN","Canaan Inc. - American Depositary Shares","2021-06-10 10:30:00-04:00",9.890000343322754,9.899999618530272,9.359999656677246,9.449999809265137,9.449999809265137,1442568
"CAN","Canaan Inc. - American Depositary Shares","2021-06-10 11:30:00-04:00",9.470000267028809,9.490500450134276,9.279999732971191,9.37320041656494,9.37320041656494,600692
"CAN","Canaan Inc. - American Depositary Shares","2021-06-10 12:30:00-04:00",9.371700286865234,9.43000030517578,9.229999542236328,9.29669952392578,9.29669952392578,830395
"CAN","Canaan Inc. - American Depositary Shares","2021-06-10 13:30:00-04:00",9.300000190734863,9.31999969482422,9.029999732971191,9.039999961853027,9.039999961853027,736088
"CAN","Canaan Inc. - American Depositary Shares","2021-06-10 14:30:00-04:00",9.03499984741211,9.140000343322754,9.010000228881836,9.06999969482422,9.06999969482422,524315
"CAN","Canaan Inc. - American Depositary Shares","2021-06-10 15:30:00-04:00",9.079999923706056,9.100000381469728,9.020000457763672,9.0600004196167,9.0600004196167,569099
"CAN","Canaan Inc. - American Depositary Shares","2021-06-10 16:00:00-04:00",9.07,9.28,9.07,9.28,9.28,0
"CAN","Canaan Inc. - American Depositary Shares","2021-06-10 17:00:00-04:00",9.25,9.25,9.07,9.17,9.17,0
"CAN","Canaan Inc. - American Depositary Shares","2021-06-10 18:00:00-04:00",9.17,9.29,9.12,9.25,9.25,0
"CAN","Canaan Inc. - American Depositary Shares","2021-06-10 19:00:00-04:00",9.27,9.33,9.17,9.18,9.18,0
"CAN","Canaan Inc. - American Depositary Shares","2021-06-11 04:00:00-04:00",9.24,9.28,9.24,9.28,9.28,0
"CAN","Canaan Inc. - American Depositary Shares","2021-06-11 05:00:00-04:00",9.28,9.39,9.28,9.38,9.38,0
"CAN","Canaan Inc. - American Depositary Shares","2021-06-11 06:00:00-04:00",9.39,9.39,9.31,9.34,9.34,0
"CAN","Canaan Inc. - American Depositary Shares","2021-06-11 07:00:00-04:00",9.36,9.39,9.27,9.35,9.35,0
"CAN","Canaan Inc. - American Depositary Shares","2021-06-11 08:00:00-04:00",9.32,9.3786,9.2,9.25,9.25,0
"CAN","Canaan Inc. - American Depositary Shares","2021-06-11 09:00:00-04:00",9.28,9.28,9.12,9.12,9.12,0
"CAN","Canaan Inc. - American Depositary Shares","2021-06-11 09:30:00-04:00",9.100000381469728,9.250499725341797,8.916899681091309,9.0649995803833,9.0649995803833,1638123
"CAN","Canaan Inc. - American Depositary Shares","2021-06-11 10:30:00-04:00",9.06999969482422,9.09000015258789,8.904999732971191,8.930000305175781,8.930000305175781,742369
"CAN","Canaan Inc. - American Depositary Shares","2021-06-11 11:30:00-04:00",8.920000076293945,8.970000267028809,8.6899995803833,8.739999771118164,8.739999771118164,1540370
"CAN","Canaan Inc. - American Depositary Shares","2021-06-11 12:30:00-04:00",8.734999656677246,8.854999542236328,8.619999885559082,8.8100004196167,8.8100004196167,708031
"CAN","Canaan Inc. - American Depositary Shares","2021-06-11 13:30:00-04:00",8.80840015411377,8.8100004196167,8.619999885559082,8.669899940490723,8.669899940490723,1042151
"CAN","Canaan Inc. - American Depositary Shares","2021-06-11 14:30:00-04:00",8.664999961853027,8.739999771118164,8.630000114440918,8.729999542236328,8.729999542236328,371388
"CAN","Canaan Inc. - American Depositary Shares","2021-06-11 15:30:00-04:00",8.739999771118164,8.770000457763672,8.664999961853027,8.729900360107422,8.729900360107422,522422
"CAN","Canaan Inc. - American Depositary Shares","2021-06-11 16:00:00-04:00",8.73,8.89,8.72,8.85,8.85,0
"CAN","Canaan Inc. - American Depositary Shares","2021-06-11 17:00:00-04:00",8.83,8.85,8.8,8.84,8.84,0
"CAN","Canaan Inc. - American Depositary Shares","2021-06-11 18:00:00-04:00",8.83,8.84,8.8,8.81,8.81,0
"CAN","Canaan Inc. - American Depositary Shares","2021-06-11 19:00:00-04:00",8.8,9.03,8.78,8.8,8.8,0
"CAN","Canaan Inc. - American Depositary Shares","2021-06-14 04:00:00-04:00",9.2,9.68,9.2,9.37,9.37,0
"CAN","Canaan Inc. - American Depositary Shares","2021-06-14 05:00:00-04:00",9.37,9.39,9.25,9.31,9.31,0
"CAN","Canaan Inc. - American Depositary Shares","2021-06-14 06:00:00-04:00",9.31,9.38,9.27,9.35,9.35,0
"CAN","Canaan Inc. - American Depositary Shares","2021-06-14 07:00:00-04:00",9.33,9.33,9.1,9.1,9.1,0
"CAN","Canaan Inc. - American Depositary Shares","2021-06-14 08:00:00-04:00",9.1,9.27,9.05,9.23,9.23,0
"CAN","Canaan Inc. - American Depositary Shares","2021-06-14 09:00:00-04:00",9.25,9.45,9.17,9.24,9.24,0
"CAN","Canaan Inc. - American Depositary Shares","2021-06-14 09:30:00-04:00",9.29170036315918,10.59000015258789,9.18000030517578,10.557000160217283,10.557000160217283,8322852
"CAN","Canaan Inc. - American Depositary Shares","2021-06-14 10:30:00-04:00",10.554200172424316,10.739999771118164,10.270500183105469,10.54010009765625,10.54010009765625,4488853
"CAN","Canaan Inc. - American Depositary Shares","2021-06-14 11:30:00-04:00",10.54010009765625,11.147100448608398,10.539999961853027,10.65999984741211,10.65999984741211,4656193
"CAN","Canaan Inc. - American Depositary Shares","2021-06-14 12:30:00-04:00",10.65999984741211,10.90999984741211,10.449999809265137,10.59000015258789,10.59000015258789,1615326
"CAN","Canaan Inc. - American Depositary Shares","2021-06-14 13:30:00-04:00",10.606900215148926,10.765000343322754,10.4399995803833,10.48799991607666,10.48799991607666,866109
"CAN","Canaan Inc. - American Depositary Shares","2021-06-14 14:30:00-04:00",10.470000267028809,10.503999710083008,10.15999984741211,10.220000267028809,10.220000267028809,984836
"CAN","Canaan Inc. - American Depositary Shares","2021-06-14 15:30:00-04:00",10.210000038146973,10.300000190734863,10.18000030517578,10.289999961853027,10.289999961853027,769339
"CAN","Canaan Inc. - American Depositary Shares","2021-06-14 16:00:00-04:00",10.3,10.54,10.3,10.38,10.38,0
"CAN","Canaan Inc. - American Depositary Shares","2021-06-14 17:00:00-04:00",10.39,10.48,10.38,10.44,10.44,0
"CAN","Canaan Inc. - American Depositary Shares","2021-06-14 18:00:00-04:00",10.44,10.56,10.39,10.5,10.5,0
"CAN","Canaan Inc. - American Depositary Shares","2021-06-14 19:00:00-04:00",10.51,10.7,10.51,10.7,10.7,0
"CAN","Canaan Inc. - American Depositary Shares","2021-06-15 04:00:00-04:00",10.7,10.94,10.66,10.78,10.78,0
"CAN","Canaan Inc. - American Depositary Shares","2021-06-15 05:00:00-04:00",10.78,10.82,10.42,10.76,10.76,0
"CAN","Canaan Inc. - American Depositary Shares","2021-06-15 06:00:00-04:00",10.72,10.75,10.6,10.7,10.7,0
"CAN","Canaan Inc. - American Depositary Shares","2021-06-15 07:00:00-04:00",10.72,10.76,10.5,10.6,10.6,0
"CAN","Canaan Inc. - American Depositary Shares","2021-06-15 08:00:00-04:00",10.6,10.7,10.52,10.64,10.64,0
"CAN","Canaan Inc. - American Depositary Shares","2021-06-15 09:00:00-04:00",10.65,10.74,10.51,10.54,10.54,0
"CAN","Canaan Inc. - American Depositary Shares","2021-06-15 09:30:00-04:00",10.5,10.520000457763672,9.5600004196167,9.609999656677246,9.609999656677246,3345645
"CAN","Canaan Inc. - American Depositary Shares","2021-06-15 10:30:00-04:00",9.600000381469728,9.760000228881836,9.449999809265137,9.49899959564209,9.49899959564209,1671049
"CAN","Canaan Inc. - American Depositary Shares","2021-06-15 11:30:00-04:00",9.5,9.539999961853027,9.329999923706056,9.479900360107422,9.479900360107422,884401
"CAN","Canaan Inc. - American Depositary Shares","2021-06-15 12:30:00-04:00",9.470000267028809,9.920000076293944,9.43000030517578,9.745400428771973,9.745400428771973,961155
"CAN","Canaan Inc. - American Depositary Shares","2021-06-15 13:30:00-04:00",9.760000228881836,10.06999969482422,9.619999885559082,10.026900291442873,10.026900291442873,1213861
"CAN","Canaan Inc. - American Depositary Shares","2021-06-15 14:30:00-04:00",10.029999732971191,10.100000381469728,9.84000015258789,9.850000381469728,9.850000381469728,1143942
"CAN","Canaan Inc. - American Depositary Shares","2021-06-15 15:30:00-04:00",9.851300239562988,9.9399995803833,9.821999549865724,9.90999984741211,9.90999984741211,446962
"CAN","Canaan Inc. - American Depositary Shares","2021-06-15 16:00:00-04:00",9.92,9.99,9.87,9.97,9.97,0
"CAN","Canaan Inc. - American Depositary Shares","2021-06-15 17:00:00-04:00",9.97,9.97,9.85,9.885,9.885,0
"CAN","Canaan Inc. - American Depositary Shares","2021-06-15 18:00:00-04:00",9.89,9.95,9.8,9.85,9.85,0
"CAN","Canaan Inc. - American Depositary Shares","2021-06-15 19:00:00-04:00",9.85,9.92,9.8,9.92,9.92,0
"CAN","Canaan Inc. - American Depositary Shares","2021-06-16 04:00:00-04:00",9.92,9.92,9.8,9.91,9.91,0
"CAN","Canaan Inc. - American Depositary Shares","2021-06-16 05:00:00-04:00",9.9,9.9,9.64,9.66,9.66,0
"CAN","Canaan Inc. - American Depositary Shares","2021-06-16 06:00:00-04:00",9.66,9.87,9.61,9.82,9.82,0
"CAN","Canaan Inc. - American Depositary Shares","2021-06-16 07:00:00-04:00",9.78,9.92,9.68,9.72,9.72,0
"CAN","Canaan Inc. - American Depositary Shares","2021-06-16 08:00:00-04:00",9.72,9.9,9.62,9.64,9.64,0
"CAN","Canaan Inc. - American Depositary Shares","2021-06-16 09:00:00-04:00",9.65,9.74,9.56,9.72,9.72,0
"CAN","Canaan Inc. - American Depositary Shares","2021-06-16 09:30:00-04:00",9.59000015258789,10.050000190734863,9.5,9.770000457763672,9.770000457763672,1910022
"CAN","Canaan Inc. - American Depositary Shares","2021-06-16 10:30:00-04:00",9.76010036468506,9.914999961853027,9.69499969482422,9.739999771118164,9.739999771118164,828625
"CAN","Canaan Inc. - American Depositary Shares","2021-06-16 11:30:00-04:00",9.729999542236328,9.895000457763672,9.609999656677246,9.630000114440918,9.630000114440918,502006
"CAN","Canaan Inc. - American Depositary Shares","2021-06-16 12:30:00-04:00",9.630000114440918,9.670000076293944,9.520000457763672,9.520500183105469,9.520500183105469,460404
"CAN","Canaan Inc. - American Depositary Shares","2021-06-16 13:30:00-04:00",9.550000190734863,9.725199699401855,9.449999809265137,9.640000343322754,9.640000343322754,373652
"CAN","Canaan Inc. - American Depositary Shares","2021-06-16 14:30:00-04:00",9.609999656677246,9.710000038146973,9.460000038146973,9.630000114440918,9.630000114440918,542243
"CAN","Canaan Inc. - American Depositary Shares","2021-06-16 15:30:00-04:00",9.614999771118164,9.630000114440918,9.300000190734863,9.59000015258789,9.59000015258789,1020996
"CAN","Canaan Inc. - American Depositary Shares","2021-06-16 16:00:00-04:00",9.59,9.59,9.55,9.59,9.59,0
"CAN","Canaan Inc. - American Depositary Shares","2021-06-16 17:00:00-04:00",9.57,9.6,9.56,9.6,9.6,0
"CAN","Canaan Inc. - American Depositary Shares","2021-06-16 18:00:00-04:00",9.6,9.75,9.59,9.61,9.61,0
"CAN","Canaan Inc. - American Depositary Shares","2021-06-16 19:00:00-04:00",9.7,9.7,9.55,9.55,9.55,0
"CAN","Canaan Inc. - American Depositary Shares","2021-06-17 04:00:00-04:00",9.8,9.95,9.78,9.82,9.82,0
"CAN","Canaan Inc. - American Depositary Shares","2021-06-17 05:00:00-04:00",9.81,9.94,9.75,9.76,9.76,0
"CAN","Canaan Inc. - American Depositary Shares","2021-06-17 06:00:00-04:00",9.74,9.79,9.68,9.79,9.79,0
"CAN","Canaan Inc. - American Depositary Shares","2021-06-17 07:00:00-04:00",9.79,9.8,9.66,9.69,9.69,0
"CAN","Canaan Inc. - American Depositary Shares","2021-06-17 08:00:00-04:00",9.68,9.74,9.59,9.61,9.61,0
"CAN","Canaan Inc. - American Depositary Shares","2021-06-17 09:00:00-04:00",9.61,9.64,9.51,9.55,9.55,0
"CAN","Canaan Inc. - American Depositary Shares","2021-06-17 09:30:00-04:00",9.59000015258789,9.68000030517578,9.329999923706056,9.640000343322754,9.640000343322754,1717637
"CAN","Canaan Inc. - American Depositary Shares","2021-06-17 10:30:00-04:00",9.649999618530272,9.722000122070312,9.4399995803833,9.625,9.625,1099747
"CAN","Canaan Inc. - American Depositary Shares","2021-06-17 11:30:00-04:00",9.625,9.720000267028809,9.369999885559082,9.40999984741211,9.40999984741211,1034236
"CAN","Canaan Inc. - American Depositary Shares","2021-06-17 12:30:00-04:00",9.40999984741211,9.5,9.369999885559082,9.399999618530272,9.399999618530272,494298
"CAN","Canaan Inc. - American Depositary Shares","2021-06-17 13:30:00-04:00",9.420000076293944,9.56999969482422,9.399999618530272,9.418700218200684,9.418700218200684,285508
"CAN","Canaan Inc. - American Depositary Shares","2021-06-17 14:30:00-04:00",9.414999961853027,9.479999542236328,9.380000114440918,9.43000030517578,9.43000030517578,301750
"CAN","Canaan Inc. - American Depositary Shares","2021-06-17 15:30:00-04:00",9.425000190734863,9.539999961853027,9.34000015258789,9.40999984741211,9.40999984741211,593076
"CAN","Canaan Inc. - American Depositary Shares","2021-06-17 16:00:00-04:00",9.42,9.55,9.42,9.45,9.45,0
"CAN","Canaan Inc. - American Depositary Shares","2021-06-17 17:00:00-04:00",9.48,9.48,9.42,9.47,9.47,0
"CAN","Canaan Inc. - American Depositary Shares","2021-06-17 18:00:00-04:00",9.42,9.48,9.39,9.4,9.4,0
"CAN","Canaan Inc. - American Depositary Shares","2021-06-17 19:00:00-04:00",9.4,9.45,9.37,9.43,9.43,0
"CAN","Canaan Inc. - American Depositary Shares","2021-06-18 04:00:00-04:00",9.31,9.64,9.31,9.43,9.43,0
"CAN","Canaan Inc. - American Depositary Shares","2021-06-18 05:00:00-04:00",9.43,9.43,9.32,9.35,9.35,0
"CAN","Canaan Inc. - American Depositary Shares","2021-06-18 06:00:00-04:00",9.35,9.4,9.34,9.38,9.38,0
"CAN","Canaan Inc. - American Depositary Shares","2021-06-18 07:00:00-04:00",9.52,9.52,9.38,9.42,9.42,0
"CAN","Canaan Inc. - American Depositary Shares","2021-06-18 08:00:00-04:00",9.42,9.5,9.35,9.35,9.35,0
"CAN","Canaan Inc. - American Depositary Shares","2021-06-18 09:00:00-04:00",9.35,9.36,9.3,9.35,9.35,0
"CAN","Canaan Inc. - American Depositary Shares","2021-06-18 09:30:00-04:00",9.29990005493164,9.550000190734863,8.970000267028809,9.130000114440918,9.130000114440918,1848541
"CAN","Canaan Inc. - American Depositary Shares","2021-06-18 10:30:00-04:00",9.125,9.239999771118164,9.0649995803833,9.085000038146973,9.085000038146973,462999
"CAN","Canaan Inc. - American Depositary Shares","2021-06-18 11:30:00-04:00",9.079999923706056,9.170000076293944,9.029999732971191,9.149999618530272,9.149999618530272,652758
"CAN","Canaan Inc. - American Depositary Shares","2021-06-18 12:30:00-04:00",9.150500297546388,9.15999984741211,8.979999542236328,9.045000076293944,9.045000076293944,618291
"CAN","Canaan Inc. - American Depositary Shares","2021-06-18 13:30:00-04:00",9.039999961853027,9.170100212097168,8.899999618530273,8.989999771118164,8.989999771118164,726594
"CAN","Canaan Inc. - American Depositary Shares","2021-06-18 14:30:00-04:00",8.979999542236328,8.989999771118164,8.829999923706055,8.9350004196167,8.9350004196167,634868
"CAN","Canaan Inc. - American Depositary Shares","2021-06-18 15:30:00-04:00",8.9399995803833,9.079999923706056,8.920000076293945,9.079999923706056,9.079999923706056,614455
"CAN","Canaan Inc. - American Depositary Shares","2021-06-18 16:00:00-04:00",9.08,9.09,9.03,9.05,9.05,0
"CAN","Canaan Inc. - American Depositary Shares","2021-06-18 17:00:00-04:00",9.05,9.08,9.04,9.06,9.06,0
"CAN","Canaan Inc. - American Depositary Shares","2021-06-18 18:00:00-04:00",9.08,9.08,9.05,9.05,9.05,0
"CAN","Canaan Inc. - American Depositary Shares","2021-06-18 19:00:00-04:00",9.06,9.11,9.05,9.11,9.11,0
"CAN","Canaan Inc. - American Depositary Shares","2021-06-21 04:00:00-04:00",8.9,9.03,8.6,8.7,8.7,0
"CAN","Canaan Inc. - American Depositary Shares","2021-06-21 05:00:00-04:00",8.68,8.72,8.63,8.67,8.67,0
"CAN","Canaan Inc. - American Depositary Shares","2021-06-21 06:00:00-04:00",8.7,8.76,8.62,8.67,8.67,0
"CAN","Canaan Inc. - American Depositary Shares","2021-06-21 07:00:00-04:00",8.64,8.69,8.54,8.55,8.55,0
"CAN","Canaan Inc. - American Depositary Shares","2021-06-21 08:00:00-04:00",8.54,8.7,8.51,8.57,8.57,0
"CAN","Canaan Inc. - American Depositary Shares","2021-06-21 09:00:00-04:00",8.57,8.64,8.54,8.57,8.57,0
"CAN","Canaan Inc. - American Depositary Shares","2021-06-21 09:30:00-04:00",8.640000343322754,9.109999656677246,8.520000457763672,8.749899864196777,8.749899864196777,1889813
"CAN","Canaan Inc. - American Depositary Shares","2021-06-21 10:30:00-04:00",8.729999542236328,8.808799743652344,8.5600004196167,8.569100379943848,8.569100379943848,694236
"CAN","Canaan Inc. - American Depositary Shares","2021-06-21 11:30:00-04:00",8.569999694824219,8.59000015258789,8.220000267028809,8.4399995803833,8.4399995803833,1438630
"CAN","Canaan Inc. - American Depositary Shares","2021-06-21 12:30:00-04:00",8.441699981689453,8.539999961853027,8.319999694824219,8.489999771118164,8.489999771118164,688219
"CAN","Canaan Inc. - American Depositary Shares","2021-06-21 13:30:00-04:00",8.5,8.529999732971191,8.350000381469727,8.399999618530273,8.399999618530273,480437
"CAN","Canaan Inc. - American Depositary Shares","2021-06-21 14:30:00-04:00",8.398699760437012,8.4399995803833,8.3100004196167,8.329999923706055,8.329999923706055,557638
"CAN","Canaan Inc. - American Depositary Shares","2021-06-21 15:30:00-04:00",8.324999809265137,8.40999984741211,8.3100004196167,8.40999984741211,8.40999984741211,662312
"CAN","Canaan Inc. - American Depositary Shares","2021-06-21 16:00:00-04:00",8.38,8.541568,8.38,8.42,8.42,0
"CAN","Canaan Inc. - American Depositary Shares","2021-06-21 17:00:00-04:00",8.41,8.5,8.4,8.46,8.46,0
"CAN","Canaan Inc. - American Depositary Shares","2021-06-21 18:00:00-04:00",8.45,8.49,8.39,8.43,8.43,0
"CAN","Canaan Inc. - American Depositary Shares","2021-06-21 19:00:00-04:00",8.43,8.43,8.35,8.38,8.38,0
"CAN","Canaan Inc. - American Depositary Shares","2021-06-22 04:00:00-04:00",8.38,8.43,8.38,8.4,8.4,0
"CAN","Canaan Inc. - American Depositary Shares","2021-06-22 05:00:00-04:00",8.43,8.44,8.25,8.26,8.26,0
"CAN","Canaan Inc. - American Depositary Shares","2021-06-22 06:00:00-04:00",8.26,8.26,8.0,8.13,8.13,0
"CAN","Canaan Inc. - American Depositary Shares","2021-06-22 07:00:00-04:00",8.13,8.3,8.11,8.3,8.3,0
"CAN","Canaan Inc. - American Depositary Shares","2021-06-22 08:00:00-04:00",8.26,8.33,7.9,7.95,7.95,0
"CAN","Canaan Inc. - American Depositary Shares","2021-06-22 09:00:00-04:00",7.96,8.0,7.75,7.75,7.75,0
"CAN","Canaan Inc. - American Depositary Shares","2021-06-22 09:30:00-04:00",7.701000213623047,8.079999923706055,7.570000171661377,7.724999904632568,7.724999904632568,3789284
"CAN","Canaan Inc. - American Depositary Shares","2021-06-22 10:30:00-04:00",7.710000038146973,8.039999961853027,7.690000057220459,8.008199691772461,8.008199691772461,1424446
"CAN","Canaan Inc. - American Depositary Shares","2021-06-22 11:30:00-04:00",8.005000114440918,8.100000381469727,7.829999923706055,8.050100326538086,8.050100326538086,1061697
"CAN","Canaan Inc. - American Depositary Shares","2021-06-22 12:30:00-04:00",8.0600004196167,8.130000114440918,7.900000095367432,7.947999954223633,7.947999954223633,820014
"CAN","Canaan Inc. - American Depositary Shares","2021-06-22 13:30:00-04:00",7.949999809265137,8.0,7.920000076293945,7.960000038146973,7.960000038146973,417021
"CAN","Canaan Inc. - American Depositary Shares","2021-06-22 14:30:00-04:00",7.960000038146973,8.010000228881836,7.920000076293945,7.9375,7.9375,671880
"CAN","Canaan Inc. - American Depositary Shares","2021-06-22 15:30:00-04:00",7.940000057220459,7.949999809265137,7.849999904632568,7.889999866485596,7.889999866485596,734590
"CAN","Canaan Inc. - American Depositary Shares","2021-06-22 16:00:00-04:00",7.89,8.02,7.89,7.99,7.99,0
"CAN","Canaan Inc. - American Depositary Shares","2021-06-22 17:00:00-04:00",7.99,8.0,7.93,8.0,8.0,0
"CAN","Canaan Inc. - American Depositary Shares","2021-06-22 18:00:00-04:00",7.95,8.0,7.92,7.96,7.96,0
"CAN","Canaan Inc. - American Depositary Shares","2021-06-22 19:00:00-04:00",7.95,8.04,7.8,8.04,8.04,0
"CAN","Canaan Inc. - American Depositary Shares","2021-06-23 04:00:00-04:00",8.2,8.36,8.11,8.31,8.31,0
"CAN","Canaan Inc. - American Depositary Shares","2021-06-23 05:00:00-04:00",8.32,8.41,8.3,8.31,8.31,0
"CAN","Canaan Inc. - American Depositary Shares","2021-06-23 06:00:00-04:00",8.31,8.36,8.26,8.28,8.28,0
"CAN","Canaan Inc. - American Depositary Shares","2021-06-23 07:00:00-04:00",8.28,8.32,8.25,8.27,8.27,0
"CAN","Canaan Inc. - American Depositary Shares","2021-06-23 08:00:00-04:00",8.25,8.32,8.19,8.2,8.2,0
"CAN","Canaan Inc. - American Depositary Shares","2021-06-23 09:00:00-04:00",8.21,8.3,8.16,8.25,8.25,0
"CAN","Canaan Inc. - American Depositary Shares","2021-06-23 09:30:00-04:00",8.239999771118164,8.498600006103516,8.020000457763672,8.050000190734863,8.050000190734863,3213068
"CAN","Canaan Inc. - American Depositary Shares","2021-06-23 10:30:00-04:00",8.050000190734863,8.0600004196167,7.809999942779541,7.90500020980835,7.90500020980835,1582807
"CAN","Canaan Inc. - American Depositary Shares","2021-06-23 11:30:00-04:00",7.908999919891357,8.020000457763672,7.889999866485596,7.954999923706055,7.954999923706055,525894
"CAN","Canaan Inc. - American Depositary Shares","2021-06-23 12:30:00-04:00",7.949999809265137,7.96999979019165,7.869999885559082,7.920000076293945,7.920000076293945,399709
"CAN","Canaan Inc. - American Depositary Shares","2021-06-23 13:30:00-04:00",7.929900169372559,7.949999809265137,7.75,7.789700031280518,7.789700031280518,553519
"CAN","Canaan Inc. - American Depositary Shares","2021-06-23 14:30:00-04:00",7.784999847412109,7.840000152587891,7.715000152587891,7.828999996185303,7.828999996185303,901683
"CAN","Canaan Inc. - American Depositary Shares","2021-06-23 15:30:00-04:00",7.829999923706055,7.840000152587891,7.789999961853027,7.809999942779541,7.809999942779541,543322
"CAN","Canaan Inc. - American Depositary Shares","2021-06-23 16:00:00-04:00",7.83,7.85,7.8,7.83,7.83,0
"CAN","Canaan Inc. - American Depositary Shares","2021-06-23 17:00:00-04:00",7.85,7.9,7.82,7.9,7.9,0
"CAN","Canaan Inc. - American Depositary Shares","2021-06-23 18:00:00-04:00",7.89,7.99,7.89,7.96,7.96,0
"CAN","Canaan Inc. - American Depositary Shares","2021-06-23 19:00:00-04:00",7.96,7.96,7.9,7.95,7.95,0
"CAN","Canaan Inc. - American Depositary Shares","2021-06-24 04:00:00-04:00",7.93,7.93,7.83,7.86,7.86,0
"CAN","Canaan Inc. - American Depositary Shares","2021-06-24 05:00:00-04:00",7.92,7.98,7.92,7.97,7.97,0
"CAN","Canaan Inc. - American Depositary Shares","2021-06-24 06:00:00-04:00",7.97,7.98,7.91,7.97,7.97,0
"CAN","Canaan Inc. - American Depositary Shares","2021-06-24 07:00:00-04:00",7.97,7.97,7.93,7.97,7.97,0
"CAN","Canaan Inc. - American Depositary Shares","2021-06-24 08:00:00-04:00",7.98,8.1199,7.93,8.06,8.06,0
"CAN","Canaan Inc. - American Depositary Shares","2021-06-24 09:00:00-04:00",8.08,8.1,7.97,8.04,8.04,0
"CAN","Canaan Inc. - American Depositary Shares","2021-06-24 09:30:00-04:00",8.03339958190918,8.140000343322754,7.840000152587891,7.890100002288818,7.890100002288818,1434104
"CAN","Canaan Inc. - American Depositary Shares","2021-06-24 10:30:00-04:00",7.894999980926514,8.140000343322754,7.894999980926514,8.125,8.125,921388
"CAN","Canaan Inc. - American Depositary Shares","2021-06-24 11:30:00-04:00",8.130000114440918,8.220000267028809,8.0600004196167,8.0649995803833,8.0649995803833,679938
"CAN","Canaan Inc. - American Depositary Shares","2021-06-24 12:30:00-04:00",8.068499565124512,8.119999885559082,7.980000019073486,8.087300300598145,8.087300300598145,448048
"CAN","Canaan Inc. - American Depositary Shares","2021-06-24 13:30:00-04:00",8.069999694824219,8.130000114440918,8.037300109863281,8.130000114440918,8.130000114440918,250099
"CAN","Canaan Inc. - American Depositary Shares","2021-06-24 14:30:00-04:00",8.130000114440918,8.239999771118164,8.069999694824219,8.078200340270996,8.078200340270996,531416
"CAN","Canaan Inc. - American Depositary Shares","2021-06-24 15:30:00-04:00",8.079999923706055,8.164999961853027,8.079999923706055,8.130000114440918,8.130000114440918,391610
"CAN","Canaan Inc. - American Depositary Shares","2021-06-24 16:00:00-04:00",8.14,8.16,8.1,8.14,8.14,0
"CAN","Canaan Inc. - American Depositary Shares","2021-06-24 17:00:00-04:00",8.12,8.14,8.1,8.14,8.14,0
"CAN","Canaan Inc. - American Depositary Shares","2021-06-24 18:00:00-04:00",8.13,8.15,8.13,8.15,8.15,0
"CAN","Canaan Inc. - American Depositary Shares","2021-06-24 19:00:00-04:00",8.15,8.16,8.13,8.13,8.13,0
"CAN","Canaan Inc. - American Depositary Shares","2021-06-25 04:00:00-04:00",8.16,8.16,8.02,8.07,8.07,0
"CAN","Canaan Inc. - American Depositary Shares","2021-06-25 05:00:00-04:00",8.07,8.1,8.02,8.07,8.07,0
"CAN","Canaan Inc. - American Depositary Shares","2021-06-25 06:00:00-04:00",8.06,8.07,8.03,8.03,8.03,0
"CAN","Canaan Inc. - American Depositary Shares","2021-06-25 07:00:00-04:00",8.03,8.1,7.96,7.99,7.99,0
"CAN","Canaan Inc. - American Depositary Shares","2021-06-25 08:00:00-04:00",8.01,8.06,7.97,8.01,8.01,0
"CAN","Canaan Inc. - American Depositary Shares","2021-06-25 09:00:00-04:00",8.0,8.03,7.93,7.96,7.96,0
"CAN","Canaan Inc. - American Depositary Shares","2021-06-25 09:30:00-04:00",7.96999979019165,8.0600004196167,7.630000114440918,7.739200115203857,7.739200115203857,2078760
"CAN","Canaan Inc. - American Depositary Shares","2021-06-25 10:30:00-04:00",7.735000133514404,7.769999980926514,7.591800212860107,7.644999980926514,7.644999980926514,1237167
"CAN","Canaan Inc. - American Depositary Shares","2021-06-25 11:30:00-04:00",7.6479997634887695,7.710000038146973,7.599999904632568,7.610000133514404,7.610000133514404,990627
"CAN","Canaan Inc. - American Depositary Shares","2021-06-25 12:30:00-04:00",7.610000133514404,7.639999866485596,7.53000020980835,7.639999866485596,7.639999866485596,791246
"CAN","Canaan Inc. - American Depositary Shares","2021-06-25 13:30:00-04:00",7.635000228881836,7.639599800109863,7.54010009765625,7.561500072479248,7.561500072479248,479473
"CAN","Canaan Inc. - American Depositary Shares","2021-06-25 14:30:00-04:00",7.570000171661377,7.610899925231934,7.519999980926514,7.590000152587891,7.590000152587891,608319
"CAN","Canaan Inc. - American Depositary Shares","2021-06-25 15:30:00-04:00",7.589600086212158,7.610000133514404,7.570000171661377,7.590000152587891,7.590000152587891,600642
"CAN","Canaan Inc. - American Depositary Shares","2021-06-25 16:00:00-04:00",7.6,7.68,7.58,7.67,7.67,0
"CAN","Canaan Inc. - American Depositary Shares","2021-06-25 17:00:00-04:00",7.67,7.67,7.6,7.64,7.64,0
"CAN","Canaan Inc. - American Depositary Shares","2021-06-25 18:00:00-04:00",7.64,7.64,7.61,7.62,7.62,0
"CAN","Canaan Inc. - American Depositary Shares","2021-06-25 19:00:00-04:00",7.61,7.68,7.59,7.68,7.68,0
"CAN","Canaan Inc. - American Depositary Shares","2021-06-28 04:00:00-04:00",7.75,8.02,7.75,7.84,7.84,0
"CAN","Canaan Inc. - American Depositary Shares","2021-06-28 05:00:00-04:00",7.84,7.85,7.81,7.82,7.82,0
"CAN","Canaan Inc. - American Depositary Shares","2021-06-28 06:00:00-04:00",7.84,7.84,7.76,7.8,7.8,0
"CAN","Canaan Inc. - American Depositary Shares","2021-06-28 07:00:00-04:00",7.8,7.8,7.7,7.72,7.72,0
"CAN","Canaan Inc. - American Depositary Shares","2021-06-28 08:00:00-04:00",7.73,7.83,7.7,7.8,7.8,0
"CAN","Canaan Inc. - American Depositary Shares","2021-06-28 09:00:00-04:00",7.7857,7.82,7.78,7.8,7.8,0
"CAN","Canaan Inc. - American Depositary Shares","2021-06-28 09:30:00-04:00",7.71999979019165,8.100000381469727,7.690000057220459,8.079999923706055,8.079999923706055,2024951
"CAN","Canaan Inc. - American Depositary Shares","2021-06-28 10:30:00-04:00",8.062800407409668,8.133299827575684,7.920000076293945,8.029999732971191,8.029999732971191,926889
"CAN","Canaan Inc. - American Depositary Shares","2021-06-28 11:30:00-04:00",8.029999732971191,8.140000343322754,7.920000076293945,8.018199920654297,8.018199920654297,946623
"CAN","Canaan Inc. - American Depositary Shares","2021-06-28 12:30:00-04:00",8.029999732971191,8.14009952545166,7.949999809265137,7.949999809265137,7.949999809265137,581395
"CAN","Canaan Inc. - American Depositary Shares","2021-06-28 13:30:00-04:00",7.960000038146973,7.982999801635742,7.885000228881836,7.949999809265137,7.949999809265137,361534
"CAN","Canaan Inc. - American Depositary Shares","2021-06-28 14:30:00-04:00",7.949999809265137,8.029999732971191,7.945000171661377,7.988800048828125,7.988800048828125,227680
"CAN","Canaan Inc. - American Depositary Shares","2021-06-28 15:30:00-04:00",7.980000019073486,8.0,7.860000133514404,7.940000057220459,7.940000057220459,651007
"CAN","Canaan Inc. - American Depositary Shares","2021-06-28 16:00:00-04:00",7.95,7.95,7.9,7.93,7.93,0
"CAN","Canaan Inc. - American Depositary Shares","2021-06-28 17:00:00-04:00",7.93,7.9889,7.92,7.9699,7.9699,0
"CAN","Canaan Inc. - American Depositary Shares","2021-06-28 18:00:00-04:00",7.95,7.95,7.91,7.92,7.92,0
"CAN","Canaan Inc. - American Depositary Shares","2021-06-28 19:00:00-04:00",7.94,7.95,7.91,7.93,7.93,0
"CAN","Canaan Inc. - American Depositary Shares","2021-06-29 04:00:00-04:00",8.02,8.11,7.95,8.11,8.11,0
"CAN","Canaan Inc. - American Depositary Shares","2021-06-29 05:00:00-04:00",8.11,8.16,8.09,8.16,8.16,0
"CAN","Canaan Inc. - American Depositary Shares","2021-06-29 06:00:00-04:00",8.16,8.17,8.14,8.15,8.15,0
"CAN","Canaan Inc. - American Depositary Shares","2021-06-29 07:00:00-04:00",8.15,8.22,8.15,8.2,8.2,0
"CAN","Canaan Inc. - American Depositary Shares","2021-06-29 08:00:00-04:00",8.19,8.29,8.15,8.27,8.27,0
"CAN","Canaan Inc. - American Depositary Shares","2021-06-29 09:00:00-04:00",8.26,8.35,8.26,8.3,8.3,0
"CAN","Canaan Inc. - American Depositary Shares","2021-06-29 09:30:00-04:00",8.257499694824219,8.9399995803833,8.181099891662598,8.520000457763672,8.520000457763672,5081598
"CAN","Canaan Inc. - American Depositary Shares","2021-06-29 10:30:00-04:00",8.510000228881836,8.619999885559082,8.140000343322754,8.164999961853027,8.164999961853027,1646253
"CAN","Canaan Inc. - American Depositary Shares","2021-06-29 11:30:00-04:00",8.168299674987793,8.359999656677246,8.050000190734863,8.319999694824219,8.319999694824219,1892673
"CAN","Canaan Inc. - American Depositary Shares","2021-06-29 12:30:00-04:00",8.329999923706055,8.420000076293945,8.170000076293945,8.260000228881836,8.260000228881836,701793
"CAN","Canaan Inc. - American Depositary Shares","2021-06-29 13:30:00-04:00",8.260000228881836,8.279999732971191,8.149999618530273,8.164999961853027,8.164999961853027,304180
"CAN","Canaan Inc. - American Depositary Shares","2021-06-29 14:30:00-04:00",8.160699844360352,8.1899995803833,8.079999923706055,8.170000076293945,8.170000076293945,370533
"CAN","Canaan Inc. - American Depositary Shares","2021-06-29 15:30:00-04:00",8.167200088500977,8.239999771118164,8.149999618530273,8.15999984741211,8.15999984741211,600035
"CAN","Canaan Inc. - American Depositary Shares","2021-06-29 16:00:00-04:00",8.15,8.2,8.14,8.15,8.15,0
"CAN","Canaan Inc. - American Depositary Shares","2021-06-29 17:00:00-04:00",8.1999,8.23,8.15,8.19,8.19,0
"CAN","Canaan Inc. - American Depositary Shares","2021-06-30 18:00:00-04:00",8.17,8.18,8.15,8.18,8.18,0
"CAN","Canaan Inc. - American Depositary Shares","2021-06-30 19:00:00-04:00",8.18,8.2,8.15,8.2,8.2,0
"CAN","Canaan Inc. - American Depositary Shares","2021-07-01 04:00:00-04:00",8.15,8.15,7.95,8.0,8.0,0
"CAN","Canaan Inc. - American Depositary Shares","2021-07-01 05:00:00-04:00",8.0,8.0,7.91,8.0,8.0,0
"CAN","Canaan Inc. - American Depositary Shares","2021-07-01 06:00:00-04:00",7.95,8.0,7.93,7.97,7.97,0
"CAN","Canaan Inc. - American Depositary Shares","2021-07-01 07:00:00-04:00",7.98,8.01,7.95,8.01,8.01,0
"CAN","Canaan Inc. - American Depositary Shares","2021-07-01 08:00:00-04:00",8.01,8.07,7.95,8.04,8.04,0
"CAN","Canaan Inc. - American Depositary Shares","2021-07-01 09:00:00-04:00",8.03,8.06,7.99,7.99,7.99,0
"CAN","Canaan Inc. - American Depositary Shares","2021-07-01 09:30:00-04:00",7.96999979019165,8.039999961853027,7.739999771118164,7.840000152587891,7.840000152587891,1477405
"CAN","Canaan Inc. - American Depositary Shares","2021-07-01 10:30:00-04:00",7.84499979019165,7.849899768829346,7.570000171661377,7.659999847412109,7.659999847412109,1543473
"CAN","Canaan Inc. - American Depositary Shares","2021-07-01 11:30:00-04:00",7.659999847412109,7.760000228881836,7.650000095367432,7.699999809265137,7.699999809265137,1394449
"CAN","Canaan Inc. - American Depositary Shares","2021-07-01 12:30:00-04:00",7.699999809265137,7.710000038146973,7.440000057220459,7.521299839019775,7.521299839019775,1465614
"CAN","Canaan Inc. - American Depositary Shares","2021-07-01 13:30:00-04:00",7.525000095367432,7.670000076293945,7.46999979019165,7.661200046539307,7.661200046539307,432047
"CAN","Canaan Inc. - American Depositary Shares","2021-07-01 14:30:00-04:00",7.664999961853027,7.664999961853027,7.539999961853027,7.639999866485596,7.639999866485596,463922
"CAN","Canaan Inc. - American Depositary Shares","2021-07-01 15:30:00-04:00",7.639999866485596,7.659999847412109,7.590000152587891,7.599999904632568,7.599999904632568,480906
"CAN","Canaan Inc. - American Depositary Shares","2021-07-01 16:00:00-04:00",7.62,7.65,7.62,7.65,7.65,0
"CAN","Canaan Inc. - American Depositary Shares","2021-07-01 17:00:00-04:00",7.63,7.65,7.63,7.64,7.64,0
"CAN","Canaan Inc. - American Depositary Shares","2021-07-01 18:00:00-04:00",7.65,7.65,7.6,7.62,7.62,0
"CAN","Canaan Inc. - American Depositary Shares","2021-07-01 19:00:00-04:00",7.62,7.66,7.55,7.66,7.66,0
"CAN","Canaan Inc. - American Depositary Shares","2021-07-02 04:00:00-04:00",7.66,7.66,7.65,7.66,7.66,0
"CAN","Canaan Inc. - American Depositary Shares","2021-07-02 05:00:00-04:00",7.66,7.7,7.66,7.69,7.69,0
"CAN","Canaan Inc. - American Depositary Shares","2021-07-02 06:00:00-04:00",7.68,7.71,7.6,7.61,7.61,0
"CAN","Canaan Inc. - American Depositary Shares","2021-07-02 07:00:00-04:00",7.61,7.69,7.61,7.64,7.64,0
"CAN","Canaan Inc. - American Depositary Shares","2021-07-02 08:00:00-04:00",7.63,7.66,7.6,7.63,7.63,0
"CAN","Canaan Inc. - American Depositary Shares","2021-07-02 09:00:00-04:00",7.63,7.68,7.5,7.53,7.53,0
"CAN","Canaan Inc. - American Depositary Shares","2021-07-02 09:30:00-04:00",7.550399780273437,7.659999847412109,7.329999923706055,7.445000171661377,7.445000171661377,1371332
"CAN","Canaan Inc. - American Depositary Shares","2021-07-02 10:30:00-04:00",7.449999809265137,7.449999809265137,7.309999942779541,7.340000152587891,7.340000152587891,657222
"CAN","Canaan Inc. - American Depositary Shares","2021-07-02 11:30:00-04:00",7.340000152587891,7.429999828338623,7.25,7.300000190734863,7.300000190734863,650961
"CAN","Canaan Inc. - American Depositary Shares","2021-07-02 12:30:00-04:00",7.309999942779541,7.367499828338623,7.25,7.340000152587891,7.340000152587891,304615
"CAN","Canaan Inc. - American Depositary Shares","2021-07-02 13:30:00-04:00",7.340000152587891,7.400000095367432,7.329999923706055,7.360000133514404,7.360000133514404,282164
"CAN","Canaan Inc. - American Depositary Shares","2021-07-02 14:30:00-04:00",7.3694000244140625,7.385000228881836,7.349999904632568,7.361599922180176,7.361599922180176,363835
"CAN","Canaan Inc. - American Depositary Shares","2021-07-02 15:30:00-04:00",7.364999771118164,7.364999771118164,7.289999961853027,7.309999942779541,7.309999942779541,599355
"CAN","Canaan Inc. - American Depositary Shares","2021-07-02 16:00:00-04:00",7.32,7.4,7.29,7.38,7.38,0
"CAN","Canaan Inc. - American Depositary Shares","2021-07-02 17:00:00-04:00",7.36,7.38,7.31,7.35,7.35,0
"CAN","Canaan Inc. - American Depositary Shares","2021-07-02 18:00:00-04:00",7.35,7.35,7.29,7.29,7.29,0
"CAN","Canaan Inc. - American Depositary Shares","2021-07-02 19:00:00-04:00",7.3,7.4,7.3,7.35,7.35,0
"CAN","Canaan Inc. - American Depositary Shares","2021-07-06 04:00:00-04:00",7.45,7.71,7.32,7.46,7.46,0
"CAN","Canaan Inc. - American Depositary Shares","2021-07-06 05:00:00-04:00",7.46,7.6,7.41,7.45,7.45,0
"CAN","Canaan Inc. - American Depositary Shares","2021-07-06 06:00:00-04:00",7.45,7.45,7.4,7.41,7.41,0
"CAN","Canaan Inc. - American Depositary Shares","2021-07-06 07:00:00-04:00",7.41,7.42,7.32,7.38,7.38,0
"CAN","Canaan Inc. - American Depositary Shares","2021-07-06 08:00:00-04:00",7.36,7.42,7.34,7.39,7.39,0
"CAN","Canaan Inc. - American Depositary Shares","2021-07-06 09:00:00-04:00",7.36,7.5,7.36,7.41,7.41,0
"CAN","Canaan Inc. - American Depositary Shares","2021-07-06 09:30:00-04:00",7.389999866485596,7.574999809265137,7.179999828338623,7.53000020980835,7.53000020980835,1272353
"CAN","Canaan Inc. - American Depositary Shares","2021-07-06 10:30:00-04:00",7.525000095367432,7.78000020980835,7.525000095367432,7.610000133514404,7.610000133514404,1719164
"CAN","Canaan Inc. - American Depositary Shares","2021-07-06 11:30:00-04:00",7.614999771118164,7.679999828338623,7.429999828338623,7.519999980926514,7.519999980926514,438380
"CAN","Canaan Inc. - American Depositary Shares","2021-07-06 12:30:00-04:00",7.5,7.559999942779541,7.440000057220459,7.550000190734863,7.550000190734863,307662
"CAN","Canaan Inc. - American Depositary Shares","2021-07-06 13:30:00-04:00",7.545000076293945,7.619999885559082,7.519999980926514,7.539999961853027,7.539999961853027,328196
"CAN","Canaan Inc. - American Depositary Shares","2021-07-06 14:30:00-04:00",7.545000076293945,7.619999885559082,7.519999980926514,7.607800006866455,7.607800006866455,200630
"CAN","Canaan Inc. - American Depositary Shares","2021-07-06 15:30:00-04:00",7.605000019073486,7.60860013961792,7.539999961853027,7.579999923706055,7.579999923706055,321353
"CAN","Canaan Inc. - American Depositary Shares","2021-07-06 16:00:00-04:00",7.58,7.63,7.5,7.53,7.53,0
"CAN","Canaan Inc. - American Depositary Shares","2021-07-06 17:00:00-04:00",7.51,7.56,7.5,7.5,7.5,0
"CAN","Canaan Inc. - American Depositary Shares","2021-07-06 18:00:00-04:00",7.56,7.56,7.5,7.56,7.56,0
"CAN","Canaan Inc. - American Depositary Shares","2021-07-06 19:00:00-04:00",7.5,7.55,7.5,7.51,7.51,0
"CAN","Canaan Inc. - American Depositary Shares","2021-07-07 04:00:00-04:00",7.65,7.65,7.51,7.58,7.58,0
"CAN","Canaan Inc. - American Depositary Shares","2021-07-07 05:00:00-04:00",7.58,7.65,7.57,7.65,7.65,0
"CAN","Canaan Inc. - American Depositary Shares","2021-07-07 06:00:00-04:00",7.66,7.7,7.65,7.7,7.7,0
"CAN","Canaan Inc. - American Depositary Shares","2021-07-07 07:00:00-04:00",7.72,7.75,7.63,7.75,7.75,0
"CAN","Canaan Inc. - American Depositary Shares","2021-07-07 08:00:00-04:00",7.73,7.7799,7.63,7.75,7.75,0
"CAN","Canaan Inc. - American Depositary Shares","2021-07-07 09:00:00-04:00",7.7499,7.78,7.73,7.75,7.75,0
"CAN","Canaan Inc. - American Depositary Shares","2021-07-07 09:30:00-04:00",7.690000057220459,7.699999809265137,7.119999885559082,7.150000095367432,7.150000095367432,1367506
"CAN","Canaan Inc. - American Depositary Shares","2021-07-07 10:30:00-04:00",7.150000095367432,7.25,7.090000152587891,7.119999885559082,7.119999885559082,1004063
"CAN","Canaan Inc. - American Depositary Shares","2021-07-07 11:30:00-04:00",7.119999885559082,7.170000076293945,7.054999828338623,7.099999904632568,7.099999904632568,643075
"CAN","Canaan Inc. - American Depositary Shares","2021-07-07 12:30:00-04:00",7.090799808502197,7.150000095367432,7.045000076293945,7.061200141906738,7.061200141906738,518283
"CAN","Canaan Inc. - American Depositary Shares","2021-07-07 13:30:00-04:00",7.070000171661377,7.150000095367432,7.03000020980835,7.085000038146973,7.085000038146973,553141
"CAN","Canaan Inc. - American Depositary Shares","2021-07-07 14:30:00-04:00",7.079999923706055,7.130000114440918,7.019999980926514,7.118000030517578,7.118000030517578,432216
"CAN","Canaan Inc. - American Depositary Shares","2021-07-07 15:30:00-04:00",7.114999771118164,7.179999828338623,7.079999923706055,7.159999847412109,7.159999847412109,508360
"CAN","Canaan Inc. - American Depositary Shares","2021-07-07 16:00:00-04:00",7.18,7.18,7.06,7.15,7.15,0
"CAN","Canaan Inc. - American Depositary Shares","2021-07-07 17:00:00-04:00",7.16,7.2,7.13,7.16,7.16,0
"CAN","Canaan Inc. - American Depositary Shares","2021-07-07 18:00:00-04:00",7.16,7.2,7.16,7.2,7.2,0
"CAN","Canaan Inc. - American Depositary Shares","2021-07-07 19:00:00-04:00",7.2,7.2,7.15,7.15,7.15,0
"CAN","Canaan Inc. - American Depositary Shares","2021-07-08 04:00:00-04:00",7.1,7.1,6.78,6.78,6.78,0
"CAN","Canaan Inc. - American Depositary Shares","2021-07-08 05:00:00-04:00",6.78,6.88,6.7,6.74,6.74,0
"CAN","Canaan Inc. - American Depositary Shares","2021-07-08 06:00:00-04:00",6.74,6.88,6.7,6.84,6.84,0
"CAN","Canaan Inc. - American Depositary Shares","2021-07-08 07:00:00-04:00",6.8,6.84,6.75,6.81,6.81,0
"CAN","Canaan Inc. - American Depositary Shares","2021-07-08 08:00:00-04:00",6.82,6.84,6.75,6.76,6.76,0
"CAN","Canaan Inc. - American Depositary Shares","2021-07-08 09:00:00-04:00",6.76,6.8,6.7,6.78,6.78,0
"CAN","Canaan Inc. - American Depositary Shares","2021-07-08 09:30:00-04:00",6.739999771118164,6.820000171661377,6.400000095367432,6.800000190734863,6.800000190734863,2671268
"CAN","Canaan Inc. - American Depositary Shares","2021-07-08 10:30:00-04:00",6.80709981918335,6.840000152587891,6.579999923706055,6.596700191497803,6.596700191497803,1084117
"CAN","Canaan Inc. - American Depositary Shares","2021-07-08 11:30:00-04:00",6.595200061798096,6.650000095367432,6.510000228881836,6.559000015258789,6.559000015258789,975218
"CAN","Canaan Inc. - American Depositary Shares","2021-07-08 12:30:00-04:00",6.550000190734863,6.690000057220459,6.519999980926514,6.5518999099731445,6.5518999099731445,867593
"CAN","Canaan Inc. - American Depositary Shares","2021-07-08 13:30:00-04:00",6.550000190734863,6.630000114440918,6.534999847412109,6.599999904632568,6.599999904632568,599368
"CAN","Canaan Inc. - American Depositary Shares","2021-07-08 14:30:00-04:00",6.598400115966797,6.659999847412109,6.570000171661377,6.589200019836426,6.589200019836426,838685
"CAN","Canaan Inc. - American Depositary Shares","2021-07-08 15:30:00-04:00",6.585000038146973,6.649899959564209,6.579999923706055,6.585000038146973,6.585000038146973,810581
"CAN","Canaan Inc. - American Depositary Shares","2021-07-08 16:00:00-04:00",6.59,6.66,6.59,6.64,6.64,0
"CAN","Canaan Inc. - American Depositary Shares","2021-07-08 17:00:00-04:00",6.64,6.65,6.6,6.64,6.64,0
"CAN","Canaan Inc. - American Depositary Shares","2021-07-08 18:00:00-04:00",6.65,6.66,6.63,6.66,6.66,0
"CAN","Canaan Inc. - American Depositary Shares","2021-07-08 19:00:00-04:00",6.66,6.68,6.64,6.68,6.68,0
"CAN","Canaan Inc. - American Depositary Shares","2021-07-09 04:00:00-04:00",6.7,6.74,6.68,6.7,6.7,0
"CAN","Canaan Inc. - American Depositary Shares","2021-07-09 05:00:00-04:00",6.73,6.86,6.73,6.8,6.8,0
"CAN","Canaan Inc. - American Depositary Shares","2021-07-09 06:00:00-04:00",6.8,6.81,6.7,6.7,6.7,0
"CAN","Canaan Inc. - American Depositary Shares","2021-07-09 07:00:00-04:00",6.7,6.79,6.7,6.75,6.75,0
"CAN","Canaan Inc. - American Depositary Shares","2021-07-09 08:00:00-04:00",6.75,6.8,6.72,6.8,6.8,0
"CAN","Canaan Inc. - American Depositary Shares","2021-07-09 09:00:00-04:00",6.78,6.8,6.75,6.76,6.76,0
"CAN","Canaan Inc. - American Depositary Shares","2021-07-09 09:30:00-04:00",6.820000171661377,6.880000114440918,6.610000133514404,6.679999828338623,6.679999828338623,1015690
"CAN","Canaan Inc. - American Depositary Shares","2021-07-09 10:30:00-04:00",6.680099964141846,6.75,6.610000133514404,6.71999979019165,6.71999979019165,460832
"CAN","Canaan Inc. - American Depositary Shares","2021-07-09 11:30:00-04:00",6.710000038146973,6.849999904632568,6.639999866485596,6.820000171661377,6.820000171661377,370672
"CAN","Canaan Inc. - American Depositary Shares","2021-07-09 12:30:00-04:00",6.820099830627441,6.860000133514404,6.700099945068359,6.718999862670898,6.718999862670898,293697
"CAN","Canaan Inc. - American Depositary Shares","2021-07-09 13:30:00-04:00",6.71999979019165,6.75,6.670000076293945,6.730000019073486,6.730000019073486,330418
"CAN","Canaan Inc. - American Depositary Shares","2021-07-09 14:30:00-04:00",6.71999979019165,6.764999866485596,6.670000076293945,6.710100173950195,6.710100173950195,426099
"CAN","Canaan Inc. - American Depositary Shares","2021-07-09 15:30:00-04:00",6.715000152587891,6.755000114440918,6.699999809265137,6.731299877166748,6.731299877166748,351899
"CAN","Canaan Inc. - American Depositary Shares","2021-07-09 16:00:00-04:00",6.74,6.74,6.69,6.73,6.73,0
"CAN","Canaan Inc. - American Depositary Shares","2021-07-09 17:00:00-04:00",6.7,6.73,6.69,6.73,6.73,0
"CAN","Canaan Inc. - American Depositary Shares","2021-07-09 18:00:00-04:00",6.73,6.73,6.7,6.73,6.73,0
"CAN","Canaan Inc. - American Depositary Shares","2021-07-09 19:00:00-04:00",6.73,6.8,6.71,6.8,6.8,0
"CAN","Canaan Inc. - American Depositary Shares","2021-07-12 04:00:00-04:00",6.8,6.8,6.75,6.75,6.75,0
"CAN","Canaan Inc. - American Depositary Shares","2021-07-12 05:00:00-04:00",6.8,6.8,6.8,6.8,6.8,0
"CAN","Canaan Inc. - American Depositary Shares","2021-07-12 06:00:00-04:00",6.8,6.83,6.8,6.82,6.82,0
"CAN","Canaan Inc. - American Depositary Shares","2021-07-12 07:00:00-04:00",6.82,6.86,6.75,6.78,6.78,0
"CAN","Canaan Inc. - American Depositary Shares","2021-07-12 08:00:00-04:00",6.78,6.79,6.725,6.74,6.74,0
"CAN","Canaan Inc. - American Depositary Shares","2021-07-12 09:00:00-04:00",6.74,6.78,6.73,6.75,6.75,0
"CAN","Canaan Inc. - American Depositary Shares","2021-07-12 09:30:00-04:00",6.710000038146973,6.869999885559082,6.480000019073486,6.590000152587891,6.590000152587891,1327650
"CAN","Canaan Inc. - American Depositary Shares","2021-07-12 10:30:00-04:00",6.579999923706055,6.695000171661377,6.48799991607666,6.6834001541137695,6.6834001541137695,482307
"CAN","Canaan Inc. - American Depositary Shares","2021-07-12 11:30:00-04:00",6.690000057220459,6.724999904632568,6.619999885559082,6.644400119781494,6.644400119781494,436939
"CAN","Canaan Inc. - American Depositary Shares","2021-07-12 12:30:00-04:00",6.644999980926514,6.699999809265137,6.550000190734863,6.590000152587891,6.590000152587891,362329
"CAN","Canaan Inc. - American Depositary Shares","2021-07-12 13:30:00-04:00",6.599999904632568,6.684999942779541,6.59499979019165,6.675000190734863,6.675000190734863,286197
"CAN","Canaan Inc. - American Depositary Shares","2021-07-12 14:30:00-04:00",6.675000190734863,6.695000171661377,6.614999771118164,6.630000114440918,6.630000114440918,258603
"CAN","Canaan Inc. - American Depositary Shares","2021-07-12 15:30:00-04:00",6.625,6.670000076293945,6.610000133514404,6.670000076293945,6.670000076293945,362685
"CAN","Canaan Inc. - American Depositary Shares","2021-07-12 16:00:00-04:00",6.67,6.7,6.56,6.64,6.64,0
"CAN","Canaan Inc. - American Depositary Shares","2021-07-12 17:00:00-04:00",6.63,6.64,6.62,6.63,6.63,0
"CAN","Canaan Inc. - American Depositary Shares","2021-07-12 18:00:00-04:00",6.63,6.66,6.62,6.66,6.66,0
"CAN","Canaan Inc. - American Depositary Shares","2021-07-12 19:00:00-04:00",6.66,6.7,6.61,6.62,6.62,0
"CAN","Canaan Inc. - American Depositary Shares","2021-07-13 04:00:00-04:00",6.63,6.63,6.59,6.59,6.59,0
"CAN","Canaan Inc. - American Depositary Shares","2021-07-13 05:00:00-04:00",6.6,6.69,6.58,6.69,6.69,0
"CAN","Canaan Inc. - American Depositary Shares","2021-07-13 06:00:00-04:00",6.59,6.65,6.55,6.59,6.59,0
"CAN","Canaan Inc. - American Depositary Shares","2021-07-13 07:00:00-04:00",6.59,6.6,6.53,6.55,6.55,0
"CAN","Canaan Inc. - American Depositary Shares","2021-07-13 08:00:00-04:00",6.57,6.64,6.52,6.5901,6.5901,0
"CAN","Canaan Inc. - American Depositary Shares","2021-07-13 09:00:00-04:00",6.6,6.6,6.51,6.51,6.51,0
"CAN","Canaan Inc. - American Depositary Shares","2021-07-13 09:30:00-04:00",6.599999904632568,6.599999904632568,6.360000133514404,6.519999980926514,6.519999980926514,1473757
"CAN","Canaan Inc. - American Depositary Shares","2021-07-13 10:30:00-04:00",6.519999980926514,6.539999961853027,6.429999828338623,6.488399982452393,6.488399982452393,523515
"CAN","Canaan Inc. - American Depositary Shares","2021-07-13 11:30:00-04:00",6.480000019073486,6.570000171661377,6.440000057220459,6.510000228881836,6.510000228881836,413146
"CAN","Canaan Inc. - American Depositary Shares","2021-07-13 12:30:00-04:00",6.519999980926514,6.570000171661377,6.465000152587891,6.5,6.5,272024
"CAN","Canaan Inc. - American Depositary Shares","2021-07-13 13:30:00-04:00",6.5,6.510000228881836,6.425000190734863,6.46999979019165,6.46999979019165,256256
"CAN","Canaan Inc. - American Depositary Shares","2021-07-13 14:30:00-04:00",6.460000038146973,6.480000019073486,6.40500020980835,6.414999961853027,6.414999961853027,377819
"CAN","Canaan Inc. - American Depositary Shares","2021-07-13 15:30:00-04:00",6.409999847412109,6.414999961853027,6.349999904632568,6.349999904632568,6.349999904632568,589951
"CAN","Canaan Inc. - American Depositary Shares","2021-07-13 16:00:00-04:00",6.36,6.4,6.35,6.36,6.36,0
"CAN","Canaan Inc. - American Depositary Shares","2021-07-13 17:00:00-04:00",6.38,6.38,6.36,6.37,6.37,0
"CAN","Canaan Inc. - American Depositary Shares","2021-07-13 18:00:00-04:00",6.38,6.4,6.35,6.37,6.37,0
"CAN","Canaan Inc. - American Depositary Shares","2021-07-13 19:00:00-04:00",6.37,6.4,6.33,6.33,6.33,0
"CAN","Canaan Inc. - American Depositary Shares","2021-07-14 04:00:00-04:00",6.33,6.47,6.3,6.35,6.35,0
"CAN","Canaan Inc. - American Depositary Shares","2021-07-14 05:00:00-04:00",6.36,6.39,6.36,6.39,6.39,0
"CAN","Canaan Inc. - American Depositary Shares","2021-07-14 06:00:00-04:00",6.38,6.39,6.38,6.39,6.39,0
"CAN","Canaan Inc. - American Depositary Shares","2021-07-14 07:00:00-04:00",6.4,6.44,6.38,6.43,6.43,0
"CAN","Canaan Inc. - American Depositary Shares","2021-07-14 08:00:00-04:00",6.43,6.47,6.39,6.39,6.39,0
"CAN","Canaan Inc. - American Depositary Shares","2021-07-14 09:00:00-04:00",6.39,6.48,6.35,6.39,6.39,0
"CAN","Canaan Inc. - American Depositary Shares","2021-07-14 09:30:00-04:00",6.369999885559082,6.940000057220459,6.320000171661377,6.570000171661377,6.570000171661377,2400885
"CAN","Canaan Inc. - American Depositary Shares","2021-07-14 10:30:00-04:00",6.570000171661377,6.590000152587891,6.360099792480469,6.389999866485596,6.389999866485596,836683
"CAN","Canaan Inc. - American Depositary Shares","2021-07-14 11:30:00-04:00",6.400000095367432,6.440000057220459,6.300000190734863,6.360000133514404,6.360000133514404,428150
"CAN","Canaan Inc. - American Depositary Shares","2021-07-14 12:30:00-04:00",6.368000030517578,6.429999828338623,6.349999904632568,6.385000228881836,6.385000228881836,286085
"CAN","Canaan Inc. - American Depositary Shares","2021-07-14 13:30:00-04:00",6.389999866485596,6.420000076293945,6.320000171661377,6.334000110626221,6.334000110626221,347441
"CAN","Canaan Inc. - American Depositary Shares","2021-07-14 14:30:00-04:00",6.340000152587891,6.409999847412109,6.28000020980835,6.364999771118164,6.364999771118164,558584
"CAN","Canaan Inc. - American Depositary Shares","2021-07-14 15:30:00-04:00",6.369999885559082,6.539999961853027,6.360000133514404,6.519999980926514,6.519999980926514,1462331
"CAN","Canaan Inc. - American Depositary Shares","2021-07-14 16:00:00-04:00",6.51,6.51,6.42,6.49,6.49,0
"CAN","Canaan Inc. - American Depositary Shares","2021-07-14 17:00:00-04:00",6.49,6.49,6.45,6.49,6.49,0
"CAN","Canaan Inc. - American Depositary Shares","2021-07-14 18:00:00-04:00",6.49,6.49,6.48,6.49,6.49,0
"CAN","Canaan Inc. - American Depositary Shares","2021-07-14 19:00:00-04:00",6.49,6.51,6.45,6.48,6.48,0
"CAN","Canaan Inc. - American Depositary Shares","2021-07-15 04:00:00-04:00",6.51,6.51,6.48,6.51,6.51,0
"CAN","Canaan Inc. - American Depositary Shares","2021-07-15 05:00:00-04:00",6.51,6.67,6.51,6.6,6.6,0
"CAN","Canaan Inc. - American Depositary Shares","2021-07-15 06:00:00-04:00",6.57,6.6,6.48,6.48,6.48,0
"CAN","Canaan Inc. - American Depositary Shares","2021-07-15 07:00:00-04:00",6.45,6.5,6.35,6.37,6.37,0
"CAN","Canaan Inc. - American Depositary Shares","2021-07-15 08:00:00-04:00",6.37,6.5,6.3501,6.43,6.43,0
"CAN","Canaan Inc. - American Depositary Shares","2021-07-15 09:00:00-04:00",6.43,6.47,6.37,6.47,6.47,0
"CAN","Canaan Inc. - American Depositary Shares","2021-07-15 09:30:00-04:00",6.420000076293945,6.519999980926514,6.179999828338623,6.380000114440918,6.380000114440918,1387412
"CAN","Canaan Inc. - American Depositary Shares","2021-07-15 10:30:00-04:00",6.388500213623047,6.489999771118164,6.309999942779541,6.420000076293945,6.420000076293945,447390
"CAN","Canaan Inc. - American Depositary Shares","2021-07-15 11:30:00-04:00",6.420000076293945,6.489999771118164,6.199999809265137,6.239999771118164,6.239999771118164,648306
"CAN","Canaan Inc. - American Depositary Shares","2021-07-15 12:30:00-04:00",6.230000019073486,6.239999771118164,6.110000133514404,6.137499809265137,6.137499809265137,481827
"CAN","Canaan Inc. - American Depositary Shares","2021-07-15 13:30:00-04:00",6.114999771118164,6.159999847412109,6.039999961853027,6.159999847412109,6.159999847412109,530456
"CAN","Canaan Inc. - American Depositary Shares","2021-07-15 14:30:00-04:00",6.15500020980835,6.239999771118164,6.130000114440918,6.215000152587891,6.215000152587891,409860
"CAN","Canaan Inc. - American Depositary Shares","2021-07-15 15:30:00-04:00",6.21999979019165,6.309999942779541,6.210000038146973,6.295000076293945,6.295000076293945,587288
"CAN","Canaan Inc. - American Depositary Shares","2021-07-15 16:00:00-04:00",6.3,6.3,6.28,6.28,6.28,0
"CAN","Canaan Inc. - American Depositary Shares","2021-07-15 17:00:00-04:00",6.29,6.32,6.29,6.3,6.3,0
"CAN","Canaan Inc. - American Depositary Shares","2021-07-15 18:00:00-04:00",6.3,6.3,6.3,6.3,6.3,0
"CAN","Canaan Inc. - American Depositary Shares","2021-07-15 19:00:00-04:00",6.3,6.3,6.21,6.3,6.3,0
"CAN","Canaan Inc. - American Depositary Shares","2021-07-16 04:00:00-04:00",6.01,6.31,6.0,6.27,6.27,0
"CAN","Canaan Inc. - American Depositary Shares","2021-07-16 05:00:00-04:00",6.23,6.23,6.23,6.23,6.23,0
"CAN","Canaan Inc. - American Depositary Shares","2021-07-16 06:00:00-04:00",6.23,6.26,6.23,6.26,6.26,0
"CAN","Canaan Inc. - American Depositary Shares","2021-07-16 07:00:00-04:00",6.2,6.22,6.14,6.16,6.16,0
"CAN","Canaan Inc. - American Depositary Shares","2021-07-16 08:00:00-04:00",6.16,6.28,6.1,6.24,6.24,0
"CAN","Canaan Inc. - American Depositary Shares","2021-07-16 09:00:00-04:00",6.22,6.37,6.17,6.31,6.31,0
"CAN","Canaan Inc. - American Depositary Shares","2021-07-16 09:30:00-04:00",6.25,6.289899826049805,5.894999980926514,5.960000038146973,5.960000038146973,1492870
"CAN","Canaan Inc. - American Depositary Shares","2021-07-16 10:30:00-04:00",5.949999809265137,6.010000228881836,5.920000076293945,5.985000133514404,5.985000133514404,736524
"CAN","Canaan Inc. - American Depositary Shares","2021-07-16 11:30:00-04:00",5.985000133514404,6.0,5.849999904632568,5.92579984664917,5.92579984664917,625456
"CAN","Canaan Inc. - American Depositary Shares","2021-07-16 12:30:00-04:00",5.929999828338623,5.949999809265137,5.820000171661377,5.828700065612793,5.828700065612793,348259
"CAN","Canaan Inc. - American Depositary Shares","2021-07-16 13:30:00-04:00",5.824999809265137,5.840000152587891,5.758299827575684,5.804999828338623,5.804999828338623,442901
"CAN","Canaan Inc. - American Depositary Shares","2021-07-16 14:30:00-04:00",5.800000190734863,5.80019998550415,5.690000057220459,5.704999923706055,5.704999923706055,464769
"CAN","Canaan Inc. - American Depositary Shares","2021-07-16 15:30:00-04:00",5.710000038146973,5.809999942779541,5.699999809265137,5.769999980926514,5.769999980926514,781829
"CAN","Canaan Inc. - American Depositary Shares","2021-07-16 16:00:00-04:00",5.77,5.78,5.75,5.78,5.78,0
"CAN","Canaan Inc. - American Depositary Shares","2021-07-16 17:00:00-04:00",5.78,5.78,5.71,5.74,5.74,0
"CAN","Canaan Inc. - American Depositary Shares","2021-07-16 18:00:00-04:00",5.74,5.74,5.7,5.73,5.73,0
"CAN","Canaan Inc. - American Depositary Shares","2021-07-16 19:00:00-04:00",5.73,5.73,5.7,5.72,5.72,0
"CAN","Canaan Inc. - American Depositary Shares","2021-07-19 04:00:00-04:00",5.72,5.8,5.68,5.68,5.68,0
"CAN","Canaan Inc. - American Depositary Shares","2021-07-19 05:00:00-04:00",5.69,5.69,5.58,5.58,5.58,0
"CAN","Canaan Inc. - American Depositary Shares","2021-07-19 06:00:00-04:00",5.54,5.59,5.53,5.58,5.58,0
"CAN","Canaan Inc. - American Depositary Shares","2021-07-19 07:00:00-04:00",5.55,5.56,5.4,5.4,5.4,0
"CAN","Canaan Inc. - American Depositary Shares","2021-07-19 08:00:00-04:00",5.44,5.56,5.4,5.48,5.48,0
"CAN","Canaan Inc. - American Depositary Shares","2021-07-19 09:00:00-04:00",5.46,5.56,5.46,5.56,5.56,0
"CAN","Canaan Inc. - American Depositary Shares","2021-07-19 09:30:00-04:00",5.485000133514404,5.71999979019165,5.389999866485596,5.579999923706055,5.579999923706055,1810686
"CAN","Canaan Inc. - American Depositary Shares","2021-07-19 10:30:00-04:00",5.589900016784668,5.760000228881836,5.539999961853027,5.710000038146973,5.710000038146973,639260
"CAN","Canaan Inc. - American Depositary Shares","2021-07-19 11:30:00-04:00",5.710000038146973,5.849999904632568,5.710000038146973,5.71999979019165,5.71999979019165,548767
"CAN","Canaan Inc. - American Depositary Shares","2021-07-19 12:30:00-04:00",5.71999979019165,5.789999961853027,5.64109992980957,5.724999904632568,5.724999904632568,476204
"CAN","Canaan Inc. - American Depositary Shares","2021-07-19 13:30:00-04:00",5.71999979019165,5.855000019073486,5.699999809265137,5.824999809265137,5.824999809265137,355695
"CAN","Canaan Inc. - American Depositary Shares","2021-07-19 14:30:00-04:00",5.824999809265137,5.8282999992370605,5.715000152587891,5.739999771118164,5.739999771118164,313485
"CAN","Canaan Inc. - American Depositary Shares","2021-07-19 15:30:00-04:00",5.735000133514404,5.755000114440918,5.675000190734863,5.71999979019165,5.71999979019165,672471
"CAN","Canaan Inc. - American Depositary Shares","2021-07-19 16:00:00-04:00",5.72,5.72,5.66,5.72,5.72,0
"CAN","Canaan Inc. - American Depositary Shares","2021-07-19 17:00:00-04:00",5.71,5.72,5.7,5.72,5.72,0
"CAN","Canaan Inc. - American Depositary Shares","2021-07-19 18:00:00-04:00",5.72,5.75,5.7,5.7,5.7,0
"CAN","Canaan Inc. - American Depositary Shares","2021-07-19 19:00:00-04:00",5.72,5.8,5.72,5.8,5.8,0
"CAN","Canaan Inc. - American Depositary Shares","2021-07-20 04:00:00-04:00",5.8,5.8,5.61,5.62,5.62,0
"CAN","Canaan Inc. - American Depositary Shares","2021-07-20 05:00:00-04:00",5.62,5.66,5.61,5.66,5.66,0
"CAN","Canaan Inc. - American Depositary Shares","2021-07-20 06:00:00-04:00",5.66,5.69,5.66,5.67,5.67,0
"CAN","Canaan Inc. - American Depositary Shares","2021-07-20 07:00:00-04:00",5.66,5.66,5.6,5.6,5.6,0
"CAN","Canaan Inc. - American Depositary Shares","2021-07-20 08:00:00-04:00",5.58,5.65,5.58,5.63,5.63,0
"CAN","Canaan Inc. - American Depositary Shares","2021-07-20 09:00:00-04:00",5.64,5.67,5.62,5.63,5.63,0
"CAN","Canaan Inc. - American Depositary Shares","2021-07-20 09:30:00-04:00",5.579999923706055,5.630000114440918,5.320000171661377,5.418000221252441,5.418000221252441,1139299
"CAN","Canaan Inc. - American Depositary Shares","2021-07-20 10:30:00-04:00",5.420000076293945,5.5,5.360000133514404,5.494999885559082,5.494999885559082,576807
"CAN","Canaan Inc. - American Depositary Shares","2021-07-20 11:30:00-04:00",5.5,5.519999980926514,5.400000095367432,5.440000057220459,5.440000057220459,919295
"CAN","Canaan Inc. - American Depositary Shares","2021-07-20 12:30:00-04:00",5.429999828338623,5.489999771118164,5.400000095367432,5.434999942779541,5.434999942779541,331930
"CAN","Canaan Inc. - American Depositary Shares","2021-07-20 13:30:00-04:00",5.429999828338623,5.519999980926514,5.419899940490723,5.5,5.5,469571
"CAN","Canaan Inc. - American Depositary Shares","2021-07-20 14:30:00-04:00",5.494999885559082,5.679999828338623,5.480000019073486,5.679999828338623,5.679999828338623,576186
"CAN","Canaan Inc. - American Depositary Shares","2021-07-20 15:30:00-04:00",5.675000190734863,5.690000057220459,5.610000133514404,5.610000133514404,5.610000133514404,367810
"CAN","Canaan Inc. - American Depositary Shares","2021-07-20 16:00:00-04:00",5.62,5.64,5.61,5.63,5.63,0
"CAN","Canaan Inc. - American Depositary Shares","2021-07-20 17:00:00-04:00",5.61,5.63,5.61,5.63,5.63,0
"CAN","Canaan Inc. - American Depositary Shares","2021-07-20 18:00:00-04:00",5.63,5.63,5.61,5.61,5.61,0
"CAN","Canaan Inc. - American Depositary Shares","2021-07-20 19:00:00-04:00",5.63,5.6501,5.62,5.6501,5.6501,0
"CAN","Canaan Inc. - American Depositary Shares","2021-07-21 04:00:00-04:00",5.67,5.99,5.67,5.95,5.95,0
"CAN","Canaan Inc. - American Depositary Shares","2021-07-21 05:00:00-04:00",5.95,5.97,5.9,5.95,5.95,0
"CAN","Canaan Inc. - American Depositary Shares","2021-07-21 06:00:00-04:00",5.94,5.95,5.87,5.9,5.9,0
"CAN","Canaan Inc. - American Depositary Shares","2021-07-21 07:00:00-04:00",5.91,5.94,5.85,5.87,5.87,0
"CAN","Canaan Inc. - American Depositary Shares","2021-07-21 08:00:00-04:00",5.87,5.98,5.86,5.95,5.95,0
"CAN","Canaan Inc. - American Depositary Shares","2021-07-21 09:00:00-04:00",5.95,5.99,5.92,5.96,5.96,0
"CAN","Canaan Inc. - American Depositary Shares","2021-07-21 09:30:00-04:00",5.940000057220459,6.420000076293945,5.929999828338623,6.079999923706055,6.079999923706055,2990430
"CAN","Canaan Inc. - American Depositary Shares","2021-07-21 10:30:00-04:00",6.070000171661377,6.1682000160217285,5.949999809265137,6.139999866485596,6.139999866485596,714632
"CAN","Canaan Inc. - American Depositary Shares","2021-07-21 11:30:00-04:00",6.139999866485596,6.408199787139893,6.139999866485596,6.360000133514404,6.360000133514404,908336
"CAN","Canaan Inc. - American Depositary Shares","2021-07-21 12:30:00-04:00",6.360000133514404,6.494999885559082,6.309999942779541,6.460000038146973,6.460000038146973,880956
"CAN","Canaan Inc. - American Depositary Shares","2021-07-21 13:30:00-04:00",6.457300186157227,6.570000171661377,6.369999885559082,6.519999980926514,6.519999980926514,898287
"CAN","Canaan Inc. - American Depositary Shares","2021-07-21 14:30:00-04:00",6.520100116729736,6.550000190734863,6.389999866485596,6.440000057220459,6.440000057220459,567503
"CAN","Canaan Inc. - American Depositary Shares","2021-07-21 15:30:00-04:00",6.449100017547607,6.519999980926514,6.445000171661377,6.460000038146973,6.460000038146973,767783
"CAN","Canaan Inc. - American Depositary Shares","2021-07-21 16:00:00-04:00",6.47,6.5,6.42,6.46,6.46,0
"CAN","Canaan Inc. - American Depositary Shares","2021-07-21 17:00:00-04:00",6.46,6.5,6.45,6.5,6.5,0
"CAN","Canaan Inc. - American Depositary Shares","2021-07-21 18:00:00-04:00",6.45,6.6,6.43,6.58,6.58,0
"CAN","Canaan Inc. - American Depositary Shares","2021-07-21 19:00:00-04:00",6.56,6.66,6.55,6.63,6.63,0
"CAN","Canaan Inc. - American Depositary Shares","2021-07-22 04:00:00-04:00",6.63,6.75,6.6,6.73,6.73,0
"CAN","Canaan Inc. - American Depositary Shares","2021-07-22 05:00:00-04:00",6.73,6.73,6.66,6.66,6.66,0
"CAN","Canaan Inc. - American Depositary Shares","2021-07-22 06:00:00-04:00",6.69,6.69,6.63,6.67,6.67,0
"CAN","Canaan Inc. - American Depositary Shares","2021-07-22 07:00:00-04:00",6.67,6.69,6.6,6.65,6.65,0
"CAN","Canaan Inc. - American Depositary Shares","2021-07-22 08:00:00-04:00",6.65,6.7,6.52,6.58,6.58,0
"CAN","Canaan Inc. - American Depositary Shares","2021-07-22 09:00:00-04:00",6.59,6.67,6.56,6.59,6.59,0
"CAN","Canaan Inc. - American Depositary Shares","2021-07-22 09:30:00-04:00",6.590000152587891,6.630000114440918,6.110000133514404,6.21999979019165,6.21999979019165,1759388
"CAN","Canaan Inc. - American Depositary Shares","2021-07-22 10:30:00-04:00",6.2108001708984375,6.241000175476074,6.034999847412109,6.129899978637695,6.129899978637695,797405
"CAN","Canaan Inc. - American Depositary Shares","2021-07-22 11:30:00-04:00",6.130000114440918,6.269999980926514,6.130000114440918,6.199999809265137,6.199999809265137,418420
"CAN","Canaan Inc. - American Depositary Shares","2021-07-22 12:30:00-04:00",6.190000057220459,6.260000228881836,6.159999847412109,6.239999771118164,6.239999771118164,234139
"CAN","Canaan Inc. - American Depositary Shares","2021-07-22 13:30:00-04:00",6.241000175476074,6.25,6.170000076293945,6.209799766540527,6.209799766540527,178728
"CAN","Canaan Inc. - American Depositary Shares","2021-07-22 14:30:00-04:00",6.215000152587891,6.230000019073486,6.140900135040283,6.215000152587891,6.215000152587891,198226
"CAN","Canaan Inc. - American Depositary Shares","2021-07-22 15:30:00-04:00",6.21999979019165,6.21999979019165,6.150000095367432,6.179999828338623,6.179999828338623,285856
"CAN","Canaan Inc. - American Depositary Shares","2021-07-22 16:00:00-04:00",6.18,6.25,6.18,6.215,6.215,0
"CAN","Canaan Inc. - American Depositary Shares","2021-07-22 17:00:00-04:00",6.19,6.25,6.19,6.21,6.21,0
"CAN","Canaan Inc. - American Depositary Shares","2021-07-22 18:00:00-04:00",6.21,6.2599,6.21,6.2599,6.2599,0
"CAN","Canaan Inc. - American Depositary Shares","2021-07-22 19:00:00-04:00",6.25,6.3,6.22,6.3,6.3,0
"CAN","Canaan Inc. - American Depositary Shares","2021-07-23 04:00:00-04:00",6.29,6.29,6.0,6.0,6.0,0
"CAN","Canaan Inc. - American Depositary Shares","2021-07-23 05:00:00-04:00",6.07,6.07,6.0,6.0,6.0,0
"CAN","Canaan Inc. - American Depositary Shares","2021-07-23 06:00:00-04:00",6.01,6.05,5.96,6.01,6.01,0
"CAN","Canaan Inc. - American Depositary Shares","2021-07-23 07:00:00-04:00",6.04,6.06,5.97,6.0,6.0,0
"CAN","Canaan Inc. - American Depositary Shares","2021-07-23 08:00:00-04:00",5.98,6.01,5.83,5.92,5.92,0
"CAN","Canaan Inc. - American Depositary Shares","2021-07-23 09:00:00-04:00",5.9199,5.99,5.9199,5.93,5.93,0
"CAN","Canaan Inc. - American Depositary Shares","2021-07-23 09:30:00-04:00",5.949999809265137,6.076499938964844,5.769999980926514,5.921800136566162,5.921800136566162,1163325
"CAN","Canaan Inc. - American Depositary Shares","2021-07-23 10:30:00-04:00",5.920000076293945,5.929999828338623,5.75,5.869999885559082,5.869999885559082,671615
"CAN","Canaan Inc. - American Depositary Shares","2021-07-23 11:30:00-04:00",5.860000133514404,5.909999847412109,5.788000106811523,5.819900035858154,5.819900035858154,271780
"CAN","Canaan Inc. - American Depositary Shares","2021-07-23 12:30:00-04:00",5.813000202178955,5.880000114440918,5.800000190734863,5.820000171661377,5.820000171661377,249807
"CAN","Canaan Inc. - American Depositary Shares","2021-07-23 13:30:00-04:00",5.8119001388549805,5.8119001388549805,5.684999942779541,5.764999866485596,5.764999866485596,570111
"CAN","Canaan Inc. - American Depositary Shares","2021-07-23 14:30:00-04:00",5.760000228881836,5.809999942779541,5.739999771118164,5.769999980926514,5.769999980926514,339540
"CAN","Canaan Inc. - American Depositary Shares","2021-07-23 15:30:00-04:00",5.769999980926514,5.789999961853027,5.75,5.769999980926514,5.769999980926514,287487
"CAN","Canaan Inc. - American Depositary Shares","2021-07-23 16:00:00-04:00",5.76,5.85,5.76,5.82,5.82,0
"CAN","Canaan Inc. - American Depositary Shares","2021-07-23 17:00:00-04:00",5.8,5.85,5.76,5.8,5.8,0
"CAN","Canaan Inc. - American Depositary Shares","2021-07-23 18:00:00-04:00",5.84,5.9,5.75,5.9,5.9,0
"CAN","Canaan Inc. - American Depositary Shares","2021-07-23 19:00:00-04:00",5.9,5.95,5.75,5.95,5.95,0
"CAN","Canaan Inc. - American Depositary Shares","2021-07-26 04:00:00-04:00",6.11,6.55,6.11,6.31,6.31,0
"CAN","Canaan Inc. - American Depositary Shares","2021-07-26 05:00:00-04:00",6.31,6.46,6.3,6.46,6.46,0
"CAN","Canaan Inc. - American Depositary Shares","2021-07-26 06:00:00-04:00",6.46,6.57,6.4,6.49,6.49,0
"CAN","Canaan Inc. - American Depositary Shares","2021-07-26 07:00:00-04:00",6.49,6.49,6.4,6.42,6.42,0
"CAN","Canaan Inc. - American Depositary Shares","2021-07-26 08:00:00-04:00",6.43,6.48,6.4,6.45,6.45,0
"CAN","Canaan Inc. - American Depositary Shares","2021-07-26 09:00:00-04:00",6.47,6.49,6.25,6.37,6.37,0
"CAN","Canaan Inc. - American Depositary Shares","2021-07-26 09:30:00-04:00",6.349999904632568,6.7378997802734375,6.300000190734863,6.605000019073486,6.605000019073486,4401939
"CAN","Canaan Inc. - American Depositary Shares","2021-07-26 10:30:00-04:00",6.599999904632568,6.619900226593018,6.190000057220459,6.238800048828125,6.238800048828125,1325249
"CAN","Canaan Inc. - American Depositary Shares","2021-07-26 11:30:00-04:00",6.23199987411499,6.389999866485596,6.179999828338623,6.360000133514404,6.360000133514404,934501
"CAN","Canaan Inc. - American Depositary Shares","2021-07-26 12:30:00-04:00",6.360000133514404,6.440000057220459,6.199999809265137,6.439899921417236,6.439899921417236,963809
"CAN","Canaan Inc. - American Depositary Shares","2021-07-26 13:30:00-04:00",6.431399822235107,6.679999828338623,6.420000076293945,6.54010009765625,6.54010009765625,2814170
"CAN","Canaan Inc. - American Depositary Shares","2021-07-26 14:30:00-04:00",6.554999828338623,6.880000114440918,6.460000038146973,6.824999809265137,6.824999809265137,3153645
"CAN","Canaan Inc. - American Depositary Shares","2021-07-26 15:30:00-04:00",6.824999809265137,6.900000095367432,6.650000095367432,6.684999942779541,6.684999942779541,1687743
"CAN","Canaan Inc. - American Depositary Shares","2021-07-26 16:00:00-04:00",6.68,6.69,6.3,6.38,6.38,0
"CAN","Canaan Inc. - American Depositary Shares","2021-07-26 17:00:00-04:00",6.33,6.37,6.2,6.31,6.31,0
"CAN","Canaan Inc. - American Depositary Shares","2021-07-26 18:00:00-04:00",6.35,6.36,6.28,6.31,6.31,0
"CAN","Canaan Inc. - American Depositary Shares","2021-07-26 19:00:00-04:00",6.3,6.35,6.27,6.34,6.34,0
"CAN","Canaan Inc. - American Depositary Shares","2021-07-27 04:00:00-04:00",6.34,6.34,6.07,6.1,6.1,0
"CAN","Canaan Inc. - American Depositary Shares","2021-07-27 05:00:00-04:00",6.14,6.19,6.08,6.09,6.09,0
"CAN","Canaan Inc. - American Depositary Shares","2021-07-27 06:00:00-04:00",6.09,6.18,6.08,6.18,6.18,0
"CAN","Canaan Inc. - American Depositary Shares","2021-07-27 07:00:00-04:00",6.12,6.25,6.11,6.2,6.2,0
"CAN","Canaan Inc. - American Depositary Shares","2021-07-27 08:00:00-04:00",6.19,6.28,6.15,6.21,6.21,0
"CAN","Canaan Inc. - American Depositary Shares","2021-07-27 09:00:00-04:00",6.22,6.36,6.19,6.31,6.31,0
"CAN","Canaan Inc. - American Depositary Shares","2021-07-27 09:30:00-04:00",6.230000019073486,6.300000190734863,5.96999979019165,6.011600017547607,6.011600017547607,2801078
"CAN","Canaan Inc. - American Depositary Shares","2021-07-27 10:30:00-04:00",6.010000228881836,6.090000152587891,5.929999828338623,5.934999942779541,5.934999942779541,1179586
"CAN","Canaan Inc. - American Depositary Shares","2021-07-27 11:30:00-04:00",5.940000057220459,5.980000019073486,5.820000171661377,5.880000114440918,5.880000114440918,856730
"CAN","Canaan Inc. - American Depositary Shares","2021-07-27 12:30:00-04:00",5.880000114440918,5.889999866485596,5.769999980926514,5.809999942779541,5.809999942779541,612985
"CAN","Canaan Inc. - American Depositary Shares","2021-07-27 13:30:00-04:00",5.816999912261963,5.920000076293945,5.800000190734863,5.886799812316895,5.886799812316895,312438
"CAN","Canaan Inc. - American Depositary Shares","2021-07-27 14:30:00-04:00",5.880099773406982,5.960000038146973,5.880000114440918,5.949999809265137,5.949999809265137,335514
"CAN","Canaan Inc. - American Depositary Shares","2021-07-27 15:30:00-04:00",5.948699951171875,5.96999979019165,5.849999904632568,5.96999979019165,5.96999979019165,626996
"CAN","Canaan Inc. - American Depositary Shares","2021-07-27 16:00:00-04:00",5.97,5.98,5.9,5.9,5.9,0
"CAN","Canaan Inc. - American Depositary Shares","2021-07-27 17:00:00-04:00",5.9,5.95,5.9,5.95,5.95,0
"CAN","Canaan Inc. - American Depositary Shares","2021-07-27 18:00:00-04:00",5.95,6.11,5.95,6.11,6.11,0
"CAN","Canaan Inc. - American Depositary Shares","2021-07-27 19:00:00-04:00",6.1,6.16,6.05,6.16,6.16,0
"CAN","Canaan Inc. - American Depositary Shares","2021-07-28 04:00:00-04:00",6.2,6.34,6.16,6.28,6.28,0
"CAN","Canaan Inc. - American Depositary Shares","2021-07-28 05:00:00-04:00",6.33,6.34,6.25,6.34,6.34,0
"CAN","Canaan Inc. - American Depositary Shares","2021-07-28 06:00:00-04:00",6.31,6.4,6.31,6.36,6.36,0
"CAN","Canaan Inc. - American Depositary Shares","2021-07-28 07:00:00-04:00",6.35,6.49,6.33,6.35,6.35,0
"CAN","Canaan Inc. - American Depositary Shares","2021-07-28 08:00:00-04:00",6.35,6.53,6.33,6.5,6.5,0
"CAN","Canaan Inc. - American Depositary Shares","2021-07-28 09:00:00-04:00",6.48,6.53,6.38,6.48,6.48,0
"CAN","Canaan Inc. - American Depositary Shares","2021-07-28 09:30:00-04:00",6.502799987792969,6.829999923706055,6.210000038146973,6.614999771118164,6.614999771118164,3386317
"CAN","Canaan Inc. - American Depositary Shares","2021-07-28 10:30:00-04:00",6.610099792480469,6.960000038146973,6.610000133514404,6.840000152587891,6.840000152587891,1466182
"CAN","Canaan Inc. - American Depositary Shares","2021-07-28 11:30:00-04:00",6.849999904632568,7.338799953460693,6.820000171661377,7.25,7.25,2247731
"CAN","Canaan Inc. - American Depositary Shares","2021-07-28 12:30:00-04:00",7.239999771118164,7.289999961853027,7.070000171661377,7.110000133514404,7.110000133514404,1320814
"CAN","Canaan Inc. - American Depositary Shares","2021-07-28 13:30:00-04:00",7.110000133514404,7.110000133514404,6.900000095367432,6.940000057220459,6.940000057220459,967138
"CAN","Canaan Inc. - American Depositary Shares","2021-07-28 14:30:00-04:00",6.940000057220459,7.130000114440918,6.840000152587891,7.125,7.125,859173
"CAN","Canaan Inc. - American Depositary Shares","2021-07-28 15:30:00-04:00",7.119999885559082,7.190000057220459,7.039999961853027,7.054999828338623,7.054999828338623,1347071
"CAN","Canaan Inc. - American Depositary Shares","2021-07-28 16:00:00-04:00",7.07,7.07,6.86,7.0,7.0,0
"CAN","Canaan Inc. - American Depositary Shares","2021-07-28 17:00:00-04:00",7.0,7.07,6.96,7.01,7.01,0
"CAN","Canaan Inc. - American Depositary Shares","2021-07-28 18:00:00-04:00",7.01,7.04,6.86,6.88,6.88,0
"CAN","Canaan Inc. - American Depositary Shares","2021-07-28 19:00:00-04:00",6.88,6.92,6.82,6.82,6.82,0
"CAN","Canaan Inc. - American Depositary Shares","2021-07-29 04:00:00-04:00",6.76,7.03,6.76,7.02,7.02,0
"CAN","Canaan Inc. - American Depositary Shares","2021-07-29 05:00:00-04:00",7.05,7.13,7.05,7.12,7.12,0
"CAN","Canaan Inc. - American Depositary Shares","2021-07-29 06:00:00-04:00",7.12,7.32,7.12,7.25,7.25,0
"CAN","Canaan Inc. - American Depositary Shares","2021-07-29 07:00:00-04:00",7.25,7.28,7.16,7.22,7.22,0
"CAN","Canaan Inc. - American Depositary Shares","2021-07-29 08:00:00-04:00",7.22,7.23,7.06,7.06,7.06,0
"CAN","Canaan Inc. - American Depositary Shares","2021-07-29 09:00:00-04:00",7.08,7.18,7.05,7.15,7.15,0
"CAN","Canaan Inc. - American Depositary Shares","2021-07-29 09:30:00-04:00",7.070000171661377,7.210000038146973,6.75,7.130000114440918,7.130000114440918,1708653
"CAN","Canaan Inc. - American Depositary Shares","2021-07-29 10:30:00-04:00",7.130000114440918,7.21999979019165,6.96999979019165,7.090000152587891,7.090000152587891,1587887
"CAN","Canaan Inc. - American Depositary Shares","2021-07-29 11:30:00-04:00",7.099999904632568,7.110000133514404,7.005000114440918,7.020100116729736,7.020100116729736,902698
"CAN","Canaan Inc. - American Depositary Shares","2021-07-29 12:30:00-04:00",7.03000020980835,7.179999828338623,7.010000228881836,7.090000152587891,7.090000152587891,396860
"CAN","Canaan Inc. - American Depositary Shares","2021-07-29 13:30:00-04:00",7.099999904632568,7.110000133514404,6.96999979019165,6.989999771118164,6.989999771118164,328377
"CAN","Canaan Inc. - American Depositary Shares","2021-07-29 14:30:00-04:00",6.989999771118164,6.989999771118164,6.880000114440918,6.900000095367432,6.900000095367432,270018
"CAN","Canaan Inc. - American Depositary Shares","2021-07-29 15:30:00-04:00",6.900000095367432,6.914999961853027,6.800000190734863,6.829999923706055,6.829999923706055,268882
"CAN","Canaan Inc. - American Depositary Shares","2021-07-29 16:00:00-04:00",6.83,6.88,6.76,6.83,6.83,0
"CAN","Canaan Inc. - American Depositary Shares","2021-07-29 17:00:00-04:00",6.83,6.85,6.83,6.83,6.83,0
"CAN","Canaan Inc. - American Depositary Shares","2021-07-29 18:00:00-04:00",6.87,6.89,6.83,6.89,6.89,0
"CAN","Canaan Inc. - American Depositary Shares","2021-07-29 19:00:00-04:00",6.87,7.01,6.87,7.0,7.0,0
"CAN","Canaan Inc. - American Depositary Shares","2021-07-30 04:00:00-04:00",6.9,6.9,6.83,6.83,6.83,0
"CAN","Canaan Inc. - American Depositary Shares","2021-07-30 05:00:00-04:00",6.9,6.9,6.65,6.7,6.7,0
"CAN","Canaan Inc. - American Depositary Shares","2021-07-30 06:00:00-04:00",6.66,6.67,6.64,6.65,6.65,0
"CAN","Canaan Inc. - American Depositary Shares","2021-07-30 07:00:00-04:00",6.65,6.72,6.61,6.68,6.68,0
"CAN","Canaan Inc. - American Depositary Shares","2021-07-30 08:00:00-04:00",6.69,6.77,6.61,6.67,6.67,0
"CAN","Canaan Inc. - American Depositary Shares","2021-07-30 09:00:00-04:00",6.68,6.78,6.67,6.75,6.75,0
"CAN","Canaan Inc. - American Depositary Shares","2021-07-30 09:30:00-04:00",6.739999771118164,7.179999828338623,6.679999828338623,7.150000095367432,7.150000095367432,775062
"CAN","Canaan Inc. - American Depositary Shares","2021-07-30 10:30:00-04:00",7.150000095367432,7.230000019073486,7.019999980926514,7.029900074005127,7.029900074005127,678375
"CAN","Canaan Inc. - American Depositary Shares","2021-07-30 11:30:00-04:00",7.019999980926514,7.070000171661377,6.909999847412109,6.960000038146973,6.960000038146973,361482
"CAN","Canaan Inc. - American Depositary Shares","2021-07-30 12:30:00-04:00",6.950099945068359,6.989999771118164,6.892000198364258,6.960000038146973,6.960000038146973,171975
"CAN","Canaan Inc. - American Depositary Shares","2021-07-30 13:30:00-04:00",6.969900131225586,6.96999979019165,6.869999885559082,6.965000152587891,6.965000152587891,220612
"CAN","Canaan Inc. - American Depositary Shares","2021-07-30 14:30:00-04:00",6.965000152587891,6.980000019073486,6.869999885559082,6.960000038146973,6.960000038146973,407619
"CAN","Canaan Inc. - American Depositary Shares","2021-07-30 15:30:00-04:00",6.954999923706055,7.0,6.880000114440918,6.909999847412109,6.909999847412109,1690149
"CAN","Canaan Inc. - American Depositary Shares","2021-07-30 16:00:00-04:00",6.91,7.16,6.88,7.15,7.15,0
"CAN","Canaan Inc. - American Depositary Shares","2021-07-30 17:00:00-04:00",7.15,7.19,7.06,7.18,7.18,0
"CAN","Canaan Inc. - American Depositary Shares","2021-08-02 04:00:00-04:00",7.15,7.19,6.99,7.19,7.19,0
"CAN","Canaan Inc. - American Depositary Shares","2021-08-02 05:00:00-04:00",7.15,7.19,7.09,7.1,7.1,0
"CAN","Canaan Inc. - American Depositary Shares","2021-08-02 06:00:00-04:00",7.13,7.13,7.07,7.1,7.1,0
"CAN","Canaan Inc. - American Depositary Shares","2021-08-02 07:00:00-04:00",7.1,7.17,7.06,7.06,7.06,0
"CAN","Canaan Inc. - American Depositary Shares","2021-08-02 08:00:00-04:00",7.05,7.18,7.02,7.03,7.03,0
"CAN","Canaan Inc. - American Depositary Shares","2021-08-02 09:00:00-04:00",7.06,7.08,7.0,7.04,7.04,0
"CAN","Canaan Inc. - American Depositary Shares","2021-08-02 09:30:00-04:00",6.989999771118164,7.949999809265137,6.940000057220459,7.855000019073486,7.855000019073486,3760140
"CAN","Canaan Inc. - American Depositary Shares","2021-08-02 10:30:00-04:00",7.855000019073486,7.880000114440918,7.672599792480469,7.784999847412109,7.784999847412109,1732158
"CAN","Canaan Inc. - American Depositary Shares","2021-08-02 11:30:00-04:00",7.789999961853027,8.100000381469727,7.730000019073486,8.049300193786621,8.049300193786621,2710905
"CAN","Canaan Inc. - American Depositary Shares","2021-08-02 12:30:00-04:00",8.045999526977539,8.140000343322754,7.960000038146973,7.980000019073486,7.980000019073486,1051522
"CAN","Canaan Inc. - American Depositary Shares","2021-08-02 13:30:00-04:00",7.989999771118164,8.079999923706055,7.960000038146973,8.010000228881836,8.010000228881836,609827
"CAN","Canaan Inc. - American Depositary Shares","2021-08-02 14:30:00-04:00",8.005000114440918,8.04800033569336,7.864999771118164,7.864999771118164,7.864999771118164,818931
"CAN","Canaan Inc. - American Depositary Shares","2021-08-02 15:30:00-04:00",7.864999771118164,7.880000114440918,7.739999771118164,7.739999771118164,7.739999771118164,622749
"CAN","Canaan Inc. - American Depositary Shares","2021-08-02 16:00:00-04:00",7.74,7.84,7.74,7.82,7.82,0
"CAN","Canaan Inc. - American Depositary Shares","2021-08-02 17:00:00-04:00",7.84,7.87,7.79,7.8,7.8,0
"CAN","Canaan Inc. - American Depositary Shares","2021-08-02 18:00:00-04:00",7.82,7.86,7.8,7.86,7.86,0
"CAN","Canaan Inc. - American Depositary Shares","2021-08-02 19:00:00-04:00",7.86,7.87,7.79,7.87,7.87,0
"CAN","Canaan Inc. - American Depositary Shares","2021-08-03 04:00:00-04:00",7.87,7.94,7.51,7.6,7.6,0
"CAN","Canaan Inc. - American Depositary Shares","2021-08-03 05:00:00-04:00",7.61,7.65,7.6,7.6,7.6,0
"CAN","Canaan Inc. - American Depositary Shares","2021-08-03 06:00:00-04:00",7.59,7.62,7.57,7.58,7.58,0
"CAN","Canaan Inc. - American Depositary Shares","2021-08-03 07:00:00-04:00",7.59,7.86,7.59,7.84,7.84,0
"CAN","Canaan Inc. - American Depositary Shares","2021-08-03 08:00:00-04:00",7.85,7.86,7.62,7.6501,7.6501,0
"CAN","Canaan Inc. - American Depositary Shares","2021-08-03 09:00:00-04:00",7.7194,7.78,7.63,7.64,7.64,0
"CAN","Canaan Inc. - American Depositary Shares","2021-08-03 09:30:00-04:00",7.650000095367432,7.690199851989746,7.239999771118164,7.489999771118164,7.489999771118164,1413126
"CAN","Canaan Inc. - American Depositary Shares","2021-08-03 10:30:00-04:00",7.497399806976318,7.497399806976318,7.289999961853027,7.369999885559082,7.369999885559082,489862
"CAN","Canaan Inc. - American Depositary Shares","2021-08-03 11:30:00-04:00",7.369699954986572,7.659999847412109,7.360000133514404,7.600100040435791,7.600100040435791,470459
"CAN","Canaan Inc. - American Depositary Shares","2021-08-03 12:30:00-04:00",7.614999771118164,7.715000152587891,7.53000020980835,7.550000190734863,7.550000190734863,457638
"CAN","Canaan Inc. - American Depositary Shares","2021-08-03 13:30:00-04:00",7.559999942779541,7.739999771118164,7.5040998458862305,7.734399795532227,7.734399795532227,332312
"CAN","Canaan Inc. - American Depositary Shares","2021-08-03 14:30:00-04:00",7.735000133514404,7.860000133514404,7.720099925994873,7.809999942779541,7.809999942779541,536570
"CAN","Canaan Inc. - American Depositary Shares","2021-08-03 15:30:00-04:00",7.809999942779541,7.820000171661377,7.769999980926514,7.820000171661377,7.820000171661377,283008
"CAN","Canaan Inc. - American Depositary Shares","2021-08-03 16:00:00-04:00",7.82,7.82,7.69,7.71,7.71,0
"CAN","Canaan Inc. - American Depositary Shares","2021-08-03 17:00:00-04:00",7.75,7.8,7.66,7.67,7.67,0
"CAN","Canaan Inc. - American Depositary Shares","2021-08-03 18:00:00-04:00",7.67,7.75,7.65,7.74,7.74,0
"CAN","Canaan Inc. - American Depositary Shares","2021-08-03 19:00:00-04:00",7.73,7.74,7.68,7.74,7.74,0
"CAN","Canaan Inc. - American Depositary Shares","2021-08-04 04:00:00-04:00",7.74,7.79,7.72,7.72,7.72,0
"CAN","Canaan Inc. - American Depositary Shares","2021-08-04 05:00:00-04:00",7.72,7.72,7.52,7.62,7.62,0
"CAN","Canaan Inc. - American Depositary Shares","2021-08-04 06:00:00-04:00",7.62,7.69,7.62,7.68,7.68,0
"CAN","Canaan Inc. - American Depositary Shares","2021-08-04 07:00:00-04:00",7.67,7.71,7.64,7.7,7.7,0
"CAN","Canaan Inc. - American Depositary Shares","2021-08-04 08:00:00-04:00",7.71,7.8999,7.6,7.89,7.89,0
"CAN","Canaan Inc. - American Depositary Shares","2021-08-04 09:00:00-04:00",7.88,8.0,7.87,8.0,8.0,0
"CAN","Canaan Inc. - American Depositary Shares","2021-08-04 09:30:00-04:00",7.989999771118164,8.350000381469727,7.92519998550415,8.34000015258789,8.34000015258789,3071130
"CAN","Canaan Inc. - American Depositary Shares","2021-08-04 10:30:00-04:00",8.329999923706055,8.420000076293945,8.0600004196167,8.146900177001953,8.146900177001953,1491649
"CAN","Canaan Inc. - American Depositary Shares","2021-08-04 11:30:00-04:00",8.140000343322754,8.15999984741211,7.960000038146973,8.145000457763672,8.145000457763672,748402
"CAN","Canaan Inc. - American Depositary Shares","2021-08-04 12:30:00-04:00",8.142000198364258,8.149999618530273,7.889999866485596,7.909999847412109,7.909999847412109,468141
"CAN","Canaan Inc. - American Depositary Shares","2021-08-04 13:30:00-04:00",7.909999847412109,7.974999904632568,7.75,7.909999847412109,7.909999847412109,945890
"CAN","Canaan Inc. - American Depositary Shares","2021-08-04 14:30:00-04:00",7.901800155639648,8.039999961853027,7.875,8.024999618530273,8.024999618530273,507031
"CAN","Canaan Inc. - American Depositary Shares","2021-08-04 15:30:00-04:00",8.024999618530273,8.055000305175781,7.949999809265137,7.949999809265137,7.949999809265137,509158
"CAN","Canaan Inc. - American Depositary Shares","2021-08-04 16:00:00-04:00",7.95,8.02,7.94,7.96,7.96,0
"CAN","Canaan Inc. - American Depositary Shares","2021-08-04 17:00:00-04:00",7.95,8.06,7.95,8.01,8.01,0
"CAN","Canaan Inc. - American Depositary Shares","2021-08-04 18:00:00-04:00",8.01,8.1,8.01,8.02,8.02,0
"CAN","Canaan Inc. - American Depositary Shares","2021-08-04 19:00:00-04:00",8.02,8.05,7.98,7.99,7.99,0
"CAN","Canaan Inc. - American Depositary Shares","2021-08-05 04:00:00-04:00",7.98,8.0,7.94,7.96,7.96,0
"CAN","Canaan Inc. - American Depositary Shares","2021-08-05 05:00:00-04:00",7.95,7.96,7.89,7.91,7.91,0
"CAN","Canaan Inc. - American Depositary Shares","2021-08-05 06:00:00-04:00",7.88,7.88,7.8,7.84,7.84,0
"CAN","Canaan Inc. - American Depositary Shares","2021-08-05 07:00:00-04:00",7.84,7.95,7.84,7.9,7.9,0
"CAN","Canaan Inc. - American Depositary Shares","2021-08-05 08:00:00-04:00",7.9,7.95,7.8,7.86,7.86,0
"CAN","Canaan Inc. - American Depositary Shares","2021-08-05 09:00:00-04:00",7.84,7.9,7.79,7.84,7.84,0
"CAN","Canaan Inc. - American Depositary Shares","2021-08-05 09:30:00-04:00",7.829999923706055,8.470000267028809,7.559999942779541,8.458000183105469,8.458000183105469,2230516
"CAN","Canaan Inc. - American Depositary Shares","2021-08-05 10:30:00-04:00",8.4399995803833,8.48009967803955,8.260100364685059,8.3149995803833,8.3149995803833,1190806
"CAN","Canaan Inc. - American Depositary Shares","2021-08-05 11:30:00-04:00",8.3149995803833,8.35830020904541,8.175000190734863,8.221599578857422,8.221599578857422,463434
"CAN","Canaan Inc. - American Depositary Shares","2021-08-05 12:30:00-04:00",8.229999542236328,8.460000038146973,8.199999809265137,8.444999694824219,8.444999694824219,432702
"CAN","Canaan Inc. - American Depositary Shares","2021-08-05 13:30:00-04:00",8.449999809265137,8.515000343322754,8.220000267028809,8.310099601745605,8.310099601745605,1057752
"CAN","Canaan Inc. - American Depositary Shares","2021-08-05 14:30:00-04:00",8.319999694824219,8.399999618530273,8.229999542236328,8.274999618530273,8.274999618530273,475928
"CAN","Canaan Inc. - American Depositary Shares","2021-08-05 15:30:00-04:00",8.279999732971191,8.279999732971191,8.15999984741211,8.239999771118164,8.239999771118164,406281
"CAN","Canaan Inc. - American Depositary Shares","2021-08-05 16:00:00-04:00",8.24,8.29,8.15,8.2,8.2,0
"CAN","Canaan Inc. - American Depositary Shares","2021-08-05 17:00:00-04:00",8.2,8.28,8.18,8.19,8.19,0
"CAN","Canaan Inc. - American Depositary Shares","2021-08-05 18:00:00-04:00",8.29,8.36,8.24,8.31,8.31,0
"CAN","Canaan Inc. - American Depositary Shares","2021-08-05 19:00:00-04:00",8.31,8.39,8.3,8.35,8.35,0
"CAN","Canaan Inc. - American Depositary Shares","2021-08-06 04:00:00-04:00",8.34,8.43,8.34,8.39,8.39,0
"CAN","Canaan Inc. - American Depositary Shares","2021-08-06 05:00:00-04:00",8.4,8.44,8.39,8.39,8.39,0
"CAN","Canaan Inc. - American Depositary Shares","2021-08-06 06:00:00-04:00",8.39,8.43,8.34,8.34,8.34,0
"CAN","Canaan Inc. - American Depositary Shares","2021-08-06 07:00:00-04:00",8.35,8.4,8.33,8.36,8.36,0
"CAN","Canaan Inc. - American Depositary Shares","2021-08-06 08:00:00-04:00",8.36,8.5,8.3,8.5,8.5,0
"CAN","Canaan Inc. - American Depositary Shares","2021-08-06 09:00:00-04:00",8.5,8.5196,8.39,8.41,8.41,0
"CAN","Canaan Inc. - American Depositary Shares","2021-08-06 09:30:00-04:00",8.399999618530273,8.640000343322754,8.130000114440918,8.295000076293945,8.295000076293945,1581889
"CAN","Canaan Inc. - American Depositary Shares","2021-08-06 10:30:00-04:00",8.300000190734863,8.989999771118164,8.29990005493164,8.988800048828125,8.988800048828125,1840755
"CAN","Canaan Inc. - American Depositary Shares","2021-08-06 11:30:00-04:00",8.9891996383667,9.390000343322754,8.890000343322754,9.114999771118164,9.114999771118164,3518714
"CAN","Canaan Inc. - American Depositary Shares","2021-08-06 12:30:00-04:00",9.114999771118164,9.199999809265137,8.930000305175781,9.050000190734863,9.050000190734863,1185918
"CAN","Canaan Inc. - American Depositary Shares","2021-08-06 13:30:00-04:00",9.0600004196167,9.279500007629396,8.979999542236328,9.04170036315918,9.04170036315918,1220081
"CAN","Canaan Inc. - American Depositary Shares","2021-08-06 14:30:00-04:00",9.039999961853027,9.09000015258789,8.90999984741211,9.005000114440918,9.005000114440918,924748
"CAN","Canaan Inc. - American Depositary Shares","2021-08-06 15:30:00-04:00",9.0,9.08899974822998,8.960000038146973,9.0,9.0,809674
"CAN","Canaan Inc. - American Depositary Shares","2021-08-06 16:00:00-04:00",9.0,9.09,8.97,9.09,9.09,0
"CAN","Canaan Inc. - American Depositary Shares","2021-08-06 17:00:00-04:00",9.08,9.15,9.06,9.13,9.13,0
"CAN","Canaan Inc. - American Depositary Shares","2021-08-06 18:00:00-04:00",9.14,9.15,9.01,9.06,9.06,0
"CAN","Canaan Inc. - American Depositary Shares","2021-08-06 19:00:00-04:00",9.03,9.16,9.03,9.11,9.11,0
"CAN","Canaan Inc. - American Depositary Shares","2021-08-09 04:00:00-04:00",9.37,9.43,9.24,9.39,9.39,0
"CAN","Canaan Inc. - American Depositary Shares","2021-08-09 05:00:00-04:00",9.39,9.54,9.37,9.54,9.54,0
"CAN","Canaan Inc. - American Depositary Shares","2021-08-09 06:00:00-04:00",9.54,9.75,9.45,9.68,9.68,0
"CAN","Canaan Inc. - American Depositary Shares","2021-08-09 07:00:00-04:00",9.67,9.99,9.62,9.97,9.97,0
"CAN","Canaan Inc. - American Depositary Shares","2021-08-09 08:00:00-04:00",9.97,10.44,9.65,10.14,10.14,0
"CAN","Canaan Inc. - American Depositary Shares","2021-08-09 09:00:00-04:00",10.15,10.2,10.0,10.09,10.09,0
"CAN","Canaan Inc. - American Depositary Shares","2021-08-09 09:30:00-04:00",10.170000076293944,10.699999809265137,9.710000038146973,9.779999732971191,9.779999732971191,9935426
"CAN","Canaan Inc. - American Depositary Shares","2021-08-09 10:30:00-04:00",9.781399726867676,10.239999771118164,9.59000015258789,9.975000381469728,9.975000381469728,3952100
"CAN","Canaan Inc. - American Depositary Shares","2021-08-09 11:30:00-04:00",9.975000381469728,10.15999984741211,9.81999969482422,9.81999969482422,9.81999969482422,1708145
"CAN","Canaan Inc. - American Depositary Shares","2021-08-09 12:30:00-04:00",9.829999923706056,10.039999961853027,9.732000350952148,10.020099639892578,10.020099639892578,1536014
"CAN","Canaan Inc. - American Depositary Shares","2021-08-09 13:30:00-04:00",10.039999961853027,10.100000381469728,9.869999885559082,10.020000457763672,10.020000457763672,945648
"CAN","Canaan Inc. - American Depositary Shares","2021-08-09 14:30:00-04:00",10.020000457763672,10.229999542236328,10.0,10.0600004196167,10.0600004196167,968525
"CAN","Canaan Inc. - American Depositary Shares","2021-08-09 15:30:00-04:00",10.0649995803833,10.149999618530272,9.869999885559082,9.960000038146973,9.960000038146973,1090524
"CAN","Canaan Inc. - American Depositary Shares","2021-08-09 16:00:00-04:00",9.98,10.1,9.95,10.07,10.07,0
"CAN","Canaan Inc. - American Depositary Shares","2021-08-09 17:00:00-04:00",9.95,10.08,9.81,10.02,10.02,0
"CAN","Canaan Inc. - American Depositary Shares","2021-08-09 18:00:00-04:00",10.03,10.1,9.99,10.05,10.05,0
"CAN","Canaan Inc. - American Depositary Shares","2021-08-09 19:00:00-04:00",10.05,10.19,10.04,10.19,10.19,0
"CAN","Canaan Inc. - American Depositary Shares","2021-08-10 04:00:00-04:00",10.13,10.32,10.01,10.29,10.29,0
"CAN","Canaan Inc. - American Depositary Shares","2021-08-10 05:00:00-04:00",10.3,10.39,10.25,10.34,10.34,0
"CAN","Canaan Inc. - American Depositary Shares","2021-08-10 06:00:00-04:00",10.34,10.34,10.3,10.31,10.31,0
"CAN","Canaan Inc. - American Depositary Shares","2021-08-10 07:00:00-04:00",10.31,10.31,9.91,10.02,10.02,0
"CAN","Canaan Inc. - American Depositary Shares","2021-08-10 08:00:00-04:00",10.02,10.19,9.9001,10.14,10.14,0
"CAN","Canaan Inc. - American Depositary Shares","2021-08-10 09:00:00-04:00",10.19,10.2,10.11,10.19,10.19,0
"CAN","Canaan Inc. - American Depositary Shares","2021-08-10 09:30:00-04:00",9.979999542236328,10.140000343322754,9.369999885559082,9.720000267028809,9.720000267028809,3096610
"CAN","Canaan Inc. - American Depositary Shares","2021-08-10 10:30:00-04:00",9.729999542236328,9.779999732971191,9.3100004196167,9.571999549865724,9.571999549865724,1497233
"CAN","Canaan Inc. - American Depositary Shares","2021-08-10 11:30:00-04:00",9.56999969482422,9.649999618530272,9.4399995803833,9.475000381469728,9.475000381469728,705341
"CAN","Canaan Inc. - American Depositary Shares","2021-08-10 12:30:00-04:00",9.475000381469728,9.640000343322754,9.345000267028809,9.590100288391112,9.590100288391112,666020
"CAN","Canaan Inc. - American Depositary Shares","2021-08-10 13:30:00-04:00",9.59000015258789,9.59570026397705,9.369999885559082,9.380000114440918,9.380000114440918,386475
"CAN","Canaan Inc. - American Depositary Shares","2021-08-10 14:30:00-04:00",9.390000343322754,9.510000228881836,9.390000343322754,9.470000267028809,9.470000267028809,301921
"CAN","Canaan Inc. - American Depositary Shares","2021-08-10 15:30:00-04:00",9.470000267028809,9.489999771118164,9.359999656677246,9.43000030517578,9.43000030517578,489119
"CAN","Canaan Inc. - American Depositary Shares","2021-08-10 16:00:00-04:00",9.42,9.48,9.37,9.43,9.43,0
"CAN","Canaan Inc. - American Depositary Shares","2021-08-10 17:00:00-04:00",9.43,9.59,9.42,9.58,9.58,0
"CAN","Canaan Inc. - American Depositary Shares","2021-08-10 18:00:00-04:00",9.57,9.57,9.51,9.51,9.51,0
"CAN","Canaan Inc. - American Depositary Shares","2021-08-10 19:00:00-04:00",9.5,9.57,9.46,9.51,9.51,0
"CAN","Canaan Inc. - American Depositary Shares","2021-08-11 04:00:00-04:00",9.52,10.0,9.5,9.79,9.79,0
"CAN","Canaan Inc. - American Depositary Shares","2021-08-11 05:00:00-04:00",9.8,9.81,9.63,9.77,9.77,0
"CAN","Canaan Inc. - American Depositary Shares","2021-08-11 06:00:00-04:00",9.77,9.8,9.67,9.77,9.77,0
"CAN","Canaan Inc. - American Depositary Shares","2021-08-11 07:00:00-04:00",9.75,9.89,9.63,9.86,9.86,0
"CAN","Canaan Inc. - American Depositary Shares","2021-08-11 08:00:00-04:00",9.86,9.88,9.65,9.73,9.73,0
"CAN","Canaan Inc. - American Depositary Shares","2021-08-11 09:00:00-04:00",9.73,9.87,9.72,9.83,9.83,0
"CAN","Canaan Inc. - American Depositary Shares","2021-08-11 09:30:00-04:00",9.90999984741211,10.449999809265137,9.760000228881836,10.010000228881836,10.010000228881836,3879580
"CAN","Canaan Inc. - American Depositary Shares","2021-08-11 10:30:00-04:00",10.0,10.220000267028809,9.899999618530272,10.039999961853027,10.039999961853027,1115091
"CAN","Canaan Inc. - American Depositary Shares","2021-08-11 11:30:00-04:00",10.032400131225586,10.032400131225586,9.619999885559082,9.622699737548828,9.622699737548828,1021947
"CAN","Canaan Inc. - American Depositary Shares","2021-08-11 12:30:00-04:00",9.630999565124512,9.829999923706056,9.609999656677246,9.789899826049805,9.789899826049805,532830
"CAN","Canaan Inc. - American Depositary Shares","2021-08-11 13:30:00-04:00",9.789999961853027,9.800399780273438,9.600000381469728,9.649999618530272,9.649999618530272,577137
"CAN","Canaan Inc. - American Depositary Shares","2021-08-11 14:30:00-04:00",9.649499893188477,9.68000030517578,9.534899711608888,9.635000228881836,9.635000228881836,549344
"CAN","Canaan Inc. - American Depositary Shares","2021-08-11 15:30:00-04:00",9.635000228881836,9.800000190734863,9.600000381469728,9.770000457763672,9.770000457763672,499542
"CAN","Canaan Inc. - American Depositary Shares","2021-08-11 16:00:00-04:00",9.75,9.79,9.56,9.72,9.72,0
"CAN","Canaan Inc. - American Depositary Shares","2021-08-11 17:00:00-04:00",9.7,9.75,9.62,9.7,9.7,0
"CAN","Canaan Inc. - American Depositary Shares","2021-08-11 18:00:00-04:00",9.7,9.7,9.56,9.56,9.56,0
"CAN","Canaan Inc. - American Depositary Shares","2021-08-11 19:00:00-04:00",9.62,9.64,9.5,9.5,9.5,0
"CAN","Canaan Inc. - American Depositary Shares","2021-08-12 04:00:00-04:00",9.5,9.53,9.15,9.52,9.52,0
"CAN","Canaan Inc. - American Depositary Shares","2021-08-12 05:00:00-04:00",9.48,9.5,9.42,9.45,9.45,0
"CAN","Canaan Inc. - American Depositary Shares","2021-08-12 06:00:00-04:00",9.47,9.59,9.47,9.53,9.53,0
"CAN","Canaan Inc. - American Depositary Shares","2021-08-12 07:00:00-04:00",9.53,9.61,9.44,9.5,9.5,0
"CAN","Canaan Inc. - American Depositary Shares","2021-08-12 08:00:00-04:00",9.56,9.59,9.37,9.37,9.37,0
"CAN","Canaan Inc. - American Depositary Shares","2021-08-12 09:00:00-04:00",9.38,9.58,9.36,9.37,9.37,0
"CAN","Canaan Inc. - American Depositary Shares","2021-08-12 09:30:00-04:00",9.386799812316896,9.43000030517578,8.829999923706055,9.119999885559082,9.119999885559082,2693245
"CAN","Canaan Inc. - American Depositary Shares","2021-08-12 10:30:00-04:00",9.118000030517578,9.149999618530272,8.90999984741211,9.029999732971191,9.029999732971191,522446
"CAN","Canaan Inc. - American Depositary Shares","2021-08-12 11:30:00-04:00",9.029999732971191,9.09000015258789,8.9399995803833,8.9399995803833,8.9399995803833,333622
"CAN","Canaan Inc. - American Depositary Shares","2021-08-12 12:30:00-04:00",8.9399995803833,8.979999542236328,8.830100059509277,8.909099578857422,8.909099578857422,377780
"CAN","Canaan Inc. - American Depositary Shares","2021-08-12 13:30:00-04:00",8.90999984741211,9.199999809265137,8.904999732971191,9.17609977722168,9.17609977722168,488802
"CAN","Canaan Inc. - American Depositary Shares","2021-08-12 14:30:00-04:00",9.18000030517578,9.196100234985352,9.119999885559082,9.154999732971191,9.154999732971191,279505
"CAN","Canaan Inc. - American Depositary Shares","2021-08-12 15:30:00-04:00",9.154999732971191,9.260000228881836,9.150099754333496,9.229999542236328,9.229999542236328,407509
"CAN","Canaan Inc. - American Depositary Shares","2021-08-12 16:00:00-04:00",9.22,9.23,9.09,9.16,9.16,0
"CAN","Canaan Inc. - American Depositary Shares","2021-08-12 17:00:00-04:00",9.15,9.22,9.08,9.15,9.15,0
"CAN","Canaan Inc. - American Depositary Shares","2021-08-12 18:00:00-04:00",9.15,9.15,8.93,8.93,8.93,0
"CAN","Canaan Inc. - American Depositary Shares","2021-08-12 19:00:00-04:00",9.0,9.14,8.93,9.08,9.08,0
"CAN","Canaan Inc. - American Depositary Shares","2021-08-13 04:00:00-04:00",9.42,9.75,9.31,9.6,9.6,0
"CAN","Canaan Inc. - American Depositary Shares","2021-08-13 05:00:00-04:00",9.69,9.69,9.61,9.69,9.69,0
"CAN","Canaan Inc. - American Depositary Shares","2021-08-13 06:00:00-04:00",9.69,9.77,9.58,9.58,9.58,0
"CAN","Canaan Inc. - American Depositary Shares","2021-08-13 07:00:00-04:00",9.6,9.73,9.46,9.56,9.56,0
"CAN","Canaan Inc. - American Depositary Shares","2021-08-13 08:00:00-04:00",9.56,9.7,9.41,9.57,9.57,0
"CAN","Canaan Inc. - American Depositary Shares","2021-08-13 09:00:00-04:00",9.595,9.65,9.57,9.57,9.57,0
"CAN","Canaan Inc. - American Depositary Shares","2021-08-13 09:30:00-04:00",9.619999885559082,10.0600004196167,9.329999923706056,9.359999656677246,9.359999656677246,2101862
"CAN","Canaan Inc. - American Depositary Shares","2021-08-13 10:30:00-04:00",9.358699798583984,9.399999618530272,9.18000030517578,9.25,9.25,765650
"CAN","Canaan Inc. - American Depositary Shares","2021-08-13 11:30:00-04:00",9.25,9.300000190734863,9.176199913024902,9.25,9.25,264215
"CAN","Canaan Inc. - American Depositary Shares","2021-08-13 12:30:00-04:00",9.239999771118164,9.8100004196167,9.239999771118164,9.56999969482422,9.56999969482422,1483068
"CAN","Canaan Inc. - American Depositary Shares","2021-08-13 13:30:00-04:00",9.574999809265137,9.59000015258789,9.381600379943848,9.404999732971191,9.404999732971191,366345
"CAN","Canaan Inc. - American Depositary Shares","2021-08-13 14:30:00-04:00",9.40999984741211,9.40999984741211,9.239999771118164,9.25,9.25,318409
"CAN","Canaan Inc. - American Depositary Shares","2021-08-13 15:30:00-04:00",9.25,9.279999732971191,9.182100296020508,9.260000228881836,9.260000228881836,419498
"CAN","Canaan Inc. - American Depositary Shares","2021-08-13 16:00:00-04:00",9.26,9.62,9.24,9.62,9.62,0
"CAN","Canaan Inc. - American Depositary Shares","2021-08-13 17:00:00-04:00",9.61,9.85,9.45,9.58,9.58,0
"CAN","Canaan Inc. - American Depositary Shares","2021-08-13 18:00:00-04:00",9.62,9.75,9.5,9.75,9.75,0
"CAN","Canaan Inc. - American Depositary Shares","2021-08-13 19:00:00-04:00",9.75,9.75,9.55,9.58,9.58,0
"CAN","Canaan Inc. - American Depositary Shares","2021-08-16 04:00:00-04:00",9.58,9.64,9.27,9.54,9.54,0
"CAN","Canaan Inc. - American Depositary Shares","2021-08-16 05:00:00-04:00",9.52,9.59,9.28,9.49,9.49,0
"CAN","Canaan Inc. - American Depositary Shares","2021-08-16 06:00:00-04:00",9.48,9.49,9.42,9.46,9.46,0
"CAN","Canaan Inc. - American Depositary Shares","2021-08-16 07:00:00-04:00",9.46,9.46,9.37,9.44,9.44,0
"CAN","Canaan Inc. - American Depositary Shares","2021-08-16 08:00:00-04:00",9.46,9.5,9.38,9.43,9.43,0
"CAN","Canaan Inc. - American Depositary Shares","2021-08-16 09:00:00-04:00",9.44,9.47,9.36,9.44,9.44,0
"CAN","Canaan Inc. - American Depositary Shares","2021-08-16 09:30:00-04:00",9.43000030517578,9.43000030517578,8.609999656677246,8.788000106811523,8.788000106811523,1654902
"CAN","Canaan Inc. - American Depositary Shares","2021-08-16 10:30:00-04:00",8.770000457763672,8.979999542236328,8.680100440979004,8.710000038146973,8.710000038146973,416583
"CAN","Canaan Inc. - American Depositary Shares","2021-08-16 11:30:00-04:00",8.729999542236328,8.819999694824219,8.694999694824219,8.760000228881836,8.760000228881836,416215
"CAN","Canaan Inc. - American Depositary Shares","2021-08-16 12:30:00-04:00",8.750200271606445,8.819999694824219,8.733799934387207,8.782899856567383,8.782899856567383,192342
"CAN","Canaan Inc. - American Depositary Shares","2021-08-16 13:30:00-04:00",8.779999732971191,8.829999923706055,8.739999771118164,8.779999732971191,8.779999732971191,228126
"CAN","Canaan Inc. - American Depositary Shares","2021-08-16 14:30:00-04:00",8.779999732971191,8.779999732971191,8.649999618530273,8.675000190734863,8.675000190734863,471968
"CAN","Canaan Inc. - American Depositary Shares","2021-08-16 15:30:00-04:00",8.675000190734863,8.680000305175781,8.550000190734863,8.5600004196167,8.5600004196167,624853
"CAN","Canaan Inc. - American Depositary Shares","2021-08-16 16:00:00-04:00",8.55,8.62,8.5,8.51,8.51,0
"CAN","Canaan Inc. - American Depositary Shares","2021-08-16 17:00:00-04:00",8.55,8.56,8.43,8.45,8.45,0
"CAN","Canaan Inc. - American Depositary Shares","2021-08-16 18:00:00-04:00",8.53,8.53,8.42,8.42,8.42,0
"CAN","Canaan Inc. - American Depositary Shares","2021-08-16 19:00:00-04:00",8.44,8.45,8.3,8.33,8.33,0
"CAN","Canaan Inc. - American Depositary Shares","2021-08-17 04:00:00-04:00",8.24,8.38,8.24,8.38,8.38,0
"CAN","Canaan Inc. - American Depositary Shares","2021-08-17 05:00:00-04:00",8.37,8.38,8.27,8.38,8.38,0
"CAN","Canaan Inc. - American Depositary Shares","2021-08-17 06:00:00-04:00",8.38,8.55,8.37,8.55,8.55,0
"CAN","Canaan Inc. - American Depositary Shares","2021-08-17 07:00:00-04:00",8.49,8.5,8.36,8.41,8.41,0
"CAN","Canaan Inc. - American Depositary Shares","2021-08-17 08:00:00-04:00",8.41,8.49,8.4,8.41,8.41,0
"CAN","Canaan Inc. - American Depositary Shares","2021-08-17 09:00:00-04:00",8.46,8.47,8.26,8.3299,8.3299,0
"CAN","Canaan Inc. - American Depositary Shares","2021-08-17 09:30:00-04:00",8.220000267028809,8.460000038146973,8.050000190734863,8.390000343322754,8.390000343322754,1151631
"CAN","Canaan Inc. - American Depositary Shares","2021-08-17 10:30:00-04:00",8.399999618530273,8.479999542236328,8.149999618530273,8.150199890136719,8.150199890136719,525615
"CAN","Canaan Inc. - American Depositary Shares","2021-08-17 11:30:00-04:00",8.154999732971191,8.159899711608887,7.769999980926514,7.920000076293945,7.920000076293945,1252719
"CAN","Canaan Inc. - American Depositary Shares","2021-08-17 12:30:00-04:00",7.935400009155273,8.029999732971191,7.820000171661377,8.008000373840332,8.008000373840332,453820
"CAN","Canaan Inc. - American Depositary Shares","2021-08-17 13:30:00-04:00",8.010000228881836,8.079999923706055,7.960899829864502,8.0600004196167,8.0600004196167,281626
"CAN","Canaan Inc. - American Depositary Shares","2021-08-17 14:30:00-04:00",8.0600004196167,8.229999542236328,8.050000190734863,8.145000457763672,8.145000457763672,662528
"CAN","Canaan Inc. - American Depositary Shares","2021-08-17 15:30:00-04:00",8.145000457763672,8.210000038146973,8.100000381469727,8.180000305175781,8.180000305175781,495759
"CAN","Canaan Inc. - American Depositary Shares","2021-08-17 16:00:00-04:00",8.18,8.21,8.01,8.12,8.12,0
"CAN","Canaan Inc. - American Depositary Shares","2021-08-17 17:00:00-04:00",8.09,8.1582,8.06,8.15,8.15,0
"CAN","Canaan Inc. - American Depositary Shares","2021-08-17 18:00:00-04:00",8.06,8.06,7.81,7.96,7.96,0
"CAN","Canaan Inc. - American Depositary Shares","2021-08-17 19:00:00-04:00",7.96,7.96,7.84,7.84,7.84,0
"CAN","Canaan Inc. - American Depositary Shares","2021-08-18 04:00:00-04:00",7.8,7.99,7.8,7.95,7.95,0
"CAN","Canaan Inc. - American Depositary Shares","2021-08-18 05:00:00-04:00",7.95,8.25,7.95,8.22,8.22,0
"CAN","Canaan Inc. - American Depositary Shares","2021-08-18 06:00:00-04:00",8.22,8.34,8.22,8.26,8.26,0
"CAN","Canaan Inc. - American Depositary Shares","2021-08-18 07:00:00-04:00",8.26,8.3,8.08,8.1,8.1,0
"CAN","Canaan Inc. - American Depositary Shares","2021-08-18 08:00:00-04:00",8.1,8.22,7.98,8.0,8.0,0
"CAN","Canaan Inc. - American Depositary Shares","2021-08-18 09:00:00-04:00",8.0,8.02,7.97,7.9701,7.9701,0
"CAN","Canaan Inc. - American Depositary Shares","2021-08-18 09:30:00-04:00",8.15999984741211,8.260000228881836,7.820000171661377,7.843200206756592,7.843200206756592,915579
"CAN","Canaan Inc. - American Depositary Shares","2021-08-18 10:30:00-04:00",7.860000133514404,8.25,7.849999904632568,8.170000076293945,8.170000076293945,568519
"CAN","Canaan Inc. - American Depositary Shares","2021-08-18 11:30:00-04:00",8.149999618530273,8.288000106811523,8.081500053405762,8.191499710083008,8.191499710083008,487057
"CAN","Canaan Inc. - American Depositary Shares","2021-08-18 12:30:00-04:00",8.194999694824219,8.380000114440918,8.1850004196167,8.279999732971191,8.279999732971191,440855
"CAN","Canaan Inc. - American Depositary Shares","2021-08-18 13:30:00-04:00",8.271400451660156,8.319999694824219,8.149999618530273,8.239999771118164,8.239999771118164,310033
"CAN","Canaan Inc. - American Depositary Shares","2021-08-18 14:30:00-04:00",8.25,8.289999961853027,8.104999542236328,8.109999656677246,8.109999656677246,295892
"CAN","Canaan Inc. - American Depositary Shares","2021-08-18 15:30:00-04:00",8.109999656677246,8.116700172424316,7.925000190734863,7.980000019073486,7.980000019073486,485244
"CAN","Canaan Inc. - American Depositary Shares","2021-08-18 16:00:00-04:00",7.98,8.18,7.9,7.9,7.9,0
"CAN","Canaan Inc. - American Depositary Shares","2021-08-18 17:00:00-04:00",7.98,7.98,7.83,7.9,7.9,0
"CAN","Canaan Inc. - American Depositary Shares","2021-08-18 18:00:00-04:00",7.9,7.9,7.85,7.9,7.9,0
"CAN","Canaan Inc. - American Depositary Shares","2021-08-18 19:00:00-04:00",7.9,7.98,7.9,7.97,7.97,0
"CAN","Canaan Inc. - American Depositary Shares","2021-08-19 04:00:00-04:00",7.95,7.96,7.77,7.77,7.77,0
"CAN","Canaan Inc. - American Depositary Shares","2021-08-19 05:00:00-04:00",7.76,7.79,7.61,7.69,7.69,0
"CAN","Canaan Inc. - American Depositary Shares","2021-08-19 06:00:00-04:00",7.66,7.8,7.66,7.8,7.8,0
"CAN","Canaan Inc. - American Depositary Shares","2021-08-19 07:00:00-04:00",7.79,7.8,7.66,7.7,7.7,0
"CAN","Canaan Inc. - American Depositary Shares","2021-08-19 08:00:00-04:00",7.68,7.8,7.61,7.72,7.72,0
"CAN","Canaan Inc. - American Depositary Shares","2021-08-19 09:00:00-04:00",7.76,7.78,7.69,7.71,7.71,0
"CAN","Canaan Inc. - American Depositary Shares","2021-08-19 09:30:00-04:00",7.75,7.949999809265137,7.610000133514404,7.769999980926514,7.769999980926514,1363814
"CAN","Canaan Inc. - American Depositary Shares","2021-08-19 10:30:00-04:00",7.78000020980835,7.869999885559082,7.610000133514404,7.639999866485596,7.639999866485596,532087
"CAN","Canaan Inc. - American Depositary Shares","2021-08-19 11:30:00-04:00",7.6479997634887695,7.78000020980835,7.630000114440918,7.724999904632568,7.724999904632568,353717
"CAN","Canaan Inc. - American Depositary Shares","2021-08-19 12:30:00-04:00",7.724999904632568,7.769999980926514,7.639999866485596,7.646900177001953,7.646900177001953,345109
"CAN","Canaan Inc. - American Depositary Shares","2021-08-19 13:30:00-04:00",7.639999866485596,7.670000076293945,7.480000019073486,7.554999828338623,7.554999828338623,531765
"CAN","Canaan Inc. - American Depositary Shares","2021-08-19 14:30:00-04:00",7.550000190734863,7.809999942779541,7.53000020980835,7.809999942779541,7.809999942779541,592348
"CAN","Canaan Inc. - American Depositary Shares","2021-08-19 15:30:00-04:00",7.809999942779541,7.840000152587891,7.71999979019165,7.769999980926514,7.769999980926514,709756
"CAN","Canaan Inc. - American Depositary Shares","2021-08-19 16:00:00-04:00",7.76,7.8,7.73,7.73,7.73,0
"CAN","Canaan Inc. - American Depositary Shares","2021-08-19 17:00:00-04:00",7.73,7.78,7.71,7.71,7.71,0
"CAN","Canaan Inc. - American Depositary Shares","2021-08-19 18:00:00-04:00",7.77,7.8,7.74,7.75,7.75,0
"CAN","Canaan Inc. - American Depositary Shares","2021-08-19 19:00:00-04:00",7.78,7.83,7.73,7.83,7.83,0
"CAN","Canaan Inc. - American Depositary Shares","2021-08-20 04:00:00-04:00",7.9,8.0,7.9,7.99,7.99,0
"CAN","Canaan Inc. - American Depositary Shares","2021-08-20 05:00:00-04:00",7.98,7.99,7.95,7.95,7.95,0
"CAN","Canaan Inc. - American Depositary Shares","2021-08-20 06:00:00-04:00",7.95,7.99,7.95,7.98,7.98,0
"CAN","Canaan Inc. - American Depositary Shares","2021-08-20 07:00:00-04:00",7.98,7.99,7.92,7.98,7.98,0
"CAN","Canaan Inc. - American Depositary Shares","2021-08-20 08:00:00-04:00",7.97,7.99,7.91,7.96,7.96,0
"CAN","Canaan Inc. - American Depositary Shares","2021-08-20 09:00:00-04:00",7.96,7.97,7.94,7.97,7.97,0
"CAN","Canaan Inc. - American Depositary Shares","2021-08-20 09:30:00-04:00",8.029999732971191,8.479999542236328,7.96999979019165,8.359999656677246,8.359999656677246,2256332
"CAN","Canaan Inc. - American Depositary Shares","2021-08-20 10:30:00-04:00",8.369999885559082,8.600000381469727,8.180000305175781,8.25,8.25,1338958
"CAN","Canaan Inc. - American Depositary Shares","2021-08-20 11:30:00-04:00",8.244999885559082,8.5,8.140000343322754,8.359999656677246,8.359999656677246,724725
"CAN","Canaan Inc. - American Depositary Shares","2021-08-20 12:30:00-04:00",8.369000434875488,8.376799583435059,8.100000381469727,8.145000457763672,8.145000457763672,632101
"CAN","Canaan Inc. - American Depositary Shares","2021-08-20 13:30:00-04:00",8.149999618530273,8.220000267028809,8.079999923706055,8.14009952545166,8.14009952545166,356071
"CAN","Canaan Inc. - American Depositary Shares","2021-08-20 14:30:00-04:00",8.149999618530273,8.15999984741211,8.024999618530273,8.029999732971191,8.029999732971191,351794
"CAN","Canaan Inc. - American Depositary Shares","2021-08-20 15:30:00-04:00",8.029899597167969,8.069999694824219,7.96999979019165,8.055000305175781,8.055000305175781,597554
"CAN","Canaan Inc. - American Depositary Shares","2021-08-20 16:00:00-04:00",8.06,8.2,8.06,8.12,8.12,0
"CAN","Canaan Inc. - American Depositary Shares","2021-08-20 17:00:00-04:00",8.15,8.28,8.06,8.27,8.27,0
"CAN","Canaan Inc. - American Depositary Shares","2021-08-20 18:00:00-04:00",8.27,8.28,8.23,8.28,8.28,0
"CAN","Canaan Inc. - American Depositary Shares","2021-08-20 19:00:00-04:00",8.25,8.32,8.2,8.26,8.26,0
"CAN","Canaan Inc. - American Depositary Shares","2021-08-23 04:00:00-04:00",8.5,8.75,8.49,8.72,8.72,0
"CAN","Canaan Inc. - American Depositary Shares","2021-08-23 05:00:00-04:00",8.67,8.74,8.66,8.73,8.73,0
"CAN","Canaan Inc. - American Depositary Shares","2021-08-23 06:00:00-04:00",8.73,8.74,8.55,8.6,8.6,0
"CAN","Canaan Inc. - American Depositary Shares","2021-08-23 07:00:00-04:00",8.6,8.69,8.53,8.65,8.65,0
"CAN","Canaan Inc. - American Depositary Shares","2021-08-23 08:00:00-04:00",8.66,8.74,8.6,8.72,8.72,0
"CAN","Canaan Inc. - American Depositary Shares","2021-08-23 09:00:00-04:00",8.73,8.74,8.66,8.69,8.69,0
"CAN","Canaan Inc. - American Depositary Shares","2021-08-23 09:30:00-04:00",8.708000183105469,8.930000305175781,8.40999984741211,8.411999702453613,8.411999702453613,2665876
"CAN","Canaan Inc. - American Depositary Shares","2021-08-23 10:30:00-04:00",8.430000305175781,9.029999732971191,8.263999938964844,8.800000190734863,8.800000190734863,2310777
"CAN","Canaan Inc. - American Depositary Shares","2021-08-23 11:30:00-04:00",8.800000190734863,9.06999969482422,8.717300415039062,8.9399995803833,8.9399995803833,1054824
"CAN","Canaan Inc. - American Depositary Shares","2021-08-23 12:30:00-04:00",8.937999725341797,9.199999809265137,8.890000343322754,9.11110019683838,9.11110019683838,955294
"CAN","Canaan Inc. - American Depositary Shares","2021-08-23 13:30:00-04:00",9.109999656677246,9.19499969482422,9.0600004196167,9.140000343322754,9.140000343322754,277742
"CAN","Canaan Inc. - American Depositary Shares","2021-08-23 14:30:00-04:00",9.148900032043455,9.164999961853027,8.90999984741211,9.015000343322754,9.015000343322754,510214
"CAN","Canaan Inc. - American Depositary Shares","2021-08-23 15:30:00-04:00",9.020000457763672,9.18000030517578,9.010000228881836,9.170000076293944,9.170000076293944,587225
"CAN","Canaan Inc. - American Depositary Shares","2021-08-23 16:00:00-04:00",9.18,9.19,9.01,9.1069,9.1069,0
"CAN","Canaan Inc. - American Depositary Shares","2021-08-23 17:00:00-04:00",9.06,9.17,9.06,9.11,9.11,0
"CAN","Canaan Inc. - American Depositary Shares","2021-08-23 18:00:00-04:00",9.12,9.12,9.07,9.1,9.1,0
"CAN","Canaan Inc. - American Depositary Shares","2021-08-23 19:00:00-04:00",9.1,9.12,9.05,9.12,9.12,0
"CAN","Canaan Inc. - American Depositary Shares","2021-08-24 04:00:00-04:00",9.15,9.5,9.15,9.44,9.44,0
"CAN","Canaan Inc. - American Depositary Shares","2021-08-24 05:00:00-04:00",9.45,9.52,9.43,9.45,9.45,0
"CAN","Canaan Inc. - American Depositary Shares","2021-08-24 06:00:00-04:00",9.38,9.41,9.33,9.37,9.37,0
"CAN","Canaan Inc. - American Depositary Shares","2021-08-24 07:00:00-04:00",9.35,9.38,9.22,9.22,9.22,0
"CAN","Canaan Inc. - American Depositary Shares","2021-08-24 08:00:00-04:00",9.23,9.32,9.22,9.27,9.27,0
"CAN","Canaan Inc. - American Depositary Shares","2021-08-24 09:00:00-04:00",9.27,9.35,9.23,9.33,9.33,0
"CAN","Canaan Inc. - American Depositary Shares","2021-08-24 09:30:00-04:00",9.149999618530272,9.260000228881836,8.641200065612793,9.152099609375,9.152099609375,1964674
"CAN","Canaan Inc. - American Depositary Shares","2021-08-24 10:30:00-04:00",9.150099754333496,9.31999969482422,8.9399995803833,9.01990032196045,9.01990032196045,755018
"CAN","Canaan Inc. - American Depositary Shares","2021-08-24 11:30:00-04:00",9.010000228881836,9.09000015258789,8.90999984741211,9.079999923706056,9.079999923706056,446254
"CAN","Canaan Inc. - American Depositary Shares","2021-08-24 12:30:00-04:00",9.071000099182127,9.210000038146973,9.015000343322754,9.1850004196167,9.1850004196167,458671
"CAN","Canaan Inc. - American Depositary Shares","2021-08-24 13:30:00-04:00",9.18000030517578,9.210000038146973,9.095000267028809,9.18000030517578,9.18000030517578,256882
"CAN","Canaan Inc. - American Depositary Shares","2021-08-24 14:30:00-04:00",9.178199768066406,9.225000381469728,9.09000015258789,9.189900398254396,9.189900398254396,483280
"CAN","Canaan Inc. - American Depositary Shares","2021-08-24 15:30:00-04:00",9.1899995803833,9.25,9.15999984741211,9.199999809265137,9.199999809265137,352874
"CAN","Canaan Inc. - American Depositary Shares","2021-08-24 16:00:00-04:00",9.18,9.25,9.11,9.18,9.18,0
"CAN","Canaan Inc. - American Depositary Shares","2021-08-24 17:00:00-04:00",9.18,9.2,9.16,9.19,9.19,0
"CAN","Canaan Inc. - American Depositary Shares","2021-08-24 18:00:00-04:00",9.18,9.2,9.17,9.19,9.19,0
"CAN","Canaan Inc. - American Depositary Shares","2021-08-24 19:00:00-04:00",9.18,9.2,9.13,9.15,9.15,0
"CAN","Canaan Inc. - American Depositary Shares","2021-08-25 04:00:00-04:00",9.2,9.2,8.97,9.06,9.06,0
"CAN","Canaan Inc. - American Depositary Shares","2021-08-25 05:00:00-04:00",9.06,9.07,8.96,9.01,9.01,0
"CAN","Canaan Inc. - American Depositary Shares","2021-08-25 06:00:00-04:00",9.0,9.0,8.97,8.99,8.99,0
"CAN","Canaan Inc. - American Depositary Shares","2021-08-25 07:00:00-04:00",9.0,9.04,8.97,8.98,8.98,0
"CAN","Canaan Inc. - American Depositary Shares","2021-08-25 08:00:00-04:00",8.98,9.02,8.91,8.94,8.94,0
"CAN","Canaan Inc. - American Depositary Shares","2021-08-25 09:00:00-04:00",8.94,9.08,8.94,9.05,9.05,0
"CAN","Canaan Inc. - American Depositary Shares","2021-08-25 09:30:00-04:00",9.0,9.453900337219238,8.75,9.453900337219238,9.453900337219238,1328672
"CAN","Canaan Inc. - American Depositary Shares","2021-08-25 10:30:00-04:00",9.45009994506836,9.5,9.302000045776367,9.425000190734863,9.425000190734863,615002
"CAN","Canaan Inc. - American Depositary Shares","2021-08-25 11:30:00-04:00",9.43000030517578,9.917099952697754,9.399999618530272,9.711600303649902,9.711600303649902,1210596
"CAN","Canaan Inc. - American Depositary Shares","2021-08-25 12:30:00-04:00",9.719300270080566,9.739999771118164,9.609999656677246,9.640000343322754,9.640000343322754,432763
"CAN","Canaan Inc. - American Depositary Shares","2021-08-25 13:30:00-04:00",9.645000457763672,9.920000076293944,9.620100021362305,9.849900245666504,9.849900245666504,516453
"CAN","Canaan Inc. - American Depositary Shares","2021-08-25 14:30:00-04:00",9.845000267028809,9.8503999710083,9.510000228881836,9.609999656677246,9.609999656677246,659783
"CAN","Canaan Inc. - American Depositary Shares","2021-08-25 15:30:00-04:00",9.609999656677246,9.720000267028809,9.604999542236328,9.68000030517578,9.68000030517578,457311
"CAN","Canaan Inc. - American Depositary Shares","2021-08-25 16:00:00-04:00",9.69,9.8,9.68,9.74,9.74,0
"CAN","Canaan Inc. - American Depositary Shares","2021-08-25 17:00:00-04:00",9.77,9.84,9.76,9.83,9.83,0
"CAN","Canaan Inc. - American Depositary Shares","2021-08-25 18:00:00-04:00",9.83,9.92,9.8,9.89,9.89,0
"CAN","Canaan Inc. - American Depositary Shares","2021-08-25 19:00:00-04:00",9.84,9.9,9.82,9.9,9.9,0
"CAN","Canaan Inc. - American Depositary Shares","2021-08-26 04:00:00-04:00",9.85,9.86,9.2,9.31,9.31,0
"CAN","Canaan Inc. - American Depositary Shares","2021-08-26 05:00:00-04:00",9.3,9.35,9.25,9.34,9.34,0
"CAN","Canaan Inc. - American Depositary Shares","2021-08-26 06:00:00-04:00",9.35,9.4,9.28,9.34,9.34,0
"CAN","Canaan Inc. - American Depositary Shares","2021-08-26 07:00:00-04:00",9.37,9.48,9.32,9.44,9.44,0
"CAN","Canaan Inc. - American Depositary Shares","2021-08-26 08:00:00-04:00",9.42,9.4547,9.3,9.35,9.35,0
"CAN","Canaan Inc. - American Depositary Shares","2021-08-26 09:00:00-04:00",9.41,9.42,9.32,9.36,9.36,0
"CAN","Canaan Inc. - American Depositary Shares","2021-08-26 09:30:00-04:00",9.359999656677246,9.699999809265137,9.18000030517578,9.479999542236328,9.479999542236328,1090276
"CAN","Canaan Inc. - American Depositary Shares","2021-08-26 10:30:00-04:00",9.484999656677246,9.56999969482422,9.220000267028809,9.329999923706056,9.329999923706056,801248
"CAN","Canaan Inc. - American Depositary Shares","2021-08-26 11:30:00-04:00",9.34000015258789,9.399999618530272,9.199999809265137,9.270000457763672,9.270000457763672,253765
"CAN","Canaan Inc. - American Depositary Shares","2021-08-26 12:30:00-04:00",9.270000457763672,9.358699798583984,9.18000030517578,9.1899995803833,9.1899995803833,327900
"CAN","Canaan Inc. - American Depositary Shares","2021-08-26 13:30:00-04:00",9.199999809265137,9.31999969482422,9.1899995803833,9.220000267028809,9.220000267028809,148065
"CAN","Canaan Inc. - American Depositary Shares","2021-08-26 14:30:00-04:00",9.21500015258789,9.270000457763672,9.101799964904783,9.18000030517578,9.18000030517578,217741
"CAN","Canaan Inc. - American Depositary Shares","2021-08-26 15:30:00-04:00",9.18000030517578,9.270000457763672,9.170000076293944,9.229999542236328,9.229999542236328,279599
"CAN","Canaan Inc. - American Depositary Shares","2021-08-26 16:00:00-04:00",9.24,9.31,9.19,9.25,9.25,0
"CAN","Canaan Inc. - American Depositary Shares","2021-08-26 17:00:00-04:00",9.25,9.32,9.25,9.32,9.32,0
"CAN","Canaan Inc. - American Depositary Shares","2021-08-26 18:00:00-04:00",9.32,9.32,9.3,9.3,9.3,0
"CAN","Canaan Inc. - American Depositary Shares","2021-08-26 19:00:00-04:00",9.28,9.38,9.25,9.25,9.25,0
"CAN","Canaan Inc. - American Depositary Shares","2021-08-27 04:00:00-04:00",9.25,9.41,9.25,9.39,9.39,0
"CAN","Canaan Inc. - American Depositary Shares","2021-08-27 06:00:00-04:00",9.35,9.39,9.35,9.37,9.37,0
"CAN","Canaan Inc. - American Depositary Shares","2021-08-27 07:00:00-04:00",9.36,9.52,9.36,9.51,9.51,0
"CAN","Canaan Inc. - American Depositary Shares","2021-08-27 08:00:00-04:00",9.5,9.55,9.31,9.5,9.5,0
"CAN","Canaan Inc. - American Depositary Shares","2021-08-27 09:00:00-04:00",9.4699,9.509,9.39,9.45,9.45,0
"CAN","Canaan Inc. - American Depositary Shares","2021-08-27 09:30:00-04:00",9.420000076293944,9.949999809265137,9.390000343322754,9.859999656677246,9.859999656677246,1641908
"CAN","Canaan Inc. - American Depositary Shares","2021-08-27 10:30:00-04:00",9.880000114440918,10.010000228881836,9.760000228881836,9.765000343322754,9.765000343322754,1073513
"CAN","Canaan Inc. - American Depositary Shares","2021-08-27 11:30:00-04:00",9.765000343322754,9.835000038146973,9.699999809265137,9.699999809265137,9.699999809265137,588777
"CAN","Canaan Inc. - American Depositary Shares","2021-08-27 12:30:00-04:00",9.710000038146973,9.899999618530272,9.670599937438965,9.81999969482422,9.81999969482422,398324
"CAN","Canaan Inc. - American Depositary Shares","2021-08-27 13:30:00-04:00",9.822400093078612,9.920000076293944,9.800000190734863,9.880000114440918,9.880000114440918,348608
"CAN","Canaan Inc. - American Depositary Shares","2021-08-27 14:30:00-04:00",9.880000114440918,9.960000038146973,9.829999923706056,9.89739990234375,9.89739990234375,444036
"CAN","Canaan Inc. - American Depositary Shares","2021-08-27 15:30:00-04:00",9.899900436401367,9.919300079345703,9.829999923706056,9.850000381469728,9.850000381469728,347933
"CAN","Canaan Inc. - American Depositary Shares","2021-08-27 16:00:00-04:00",9.87,9.96,9.8,9.95,9.95,0
"CAN","Canaan Inc. - American Depositary Shares","2021-08-27 17:00:00-04:00",9.95,9.96,9.9,9.93,9.93,0
"CAN","Canaan Inc. - American Depositary Shares","2021-08-27 18:00:00-04:00",9.9201,9.98,9.9,9.92,9.92,0
"CAN","Canaan Inc. - American Depositary Shares","2021-08-27 19:00:00-04:00",9.95,10.0,9.93,10.0,10.0,0
"CAN","Canaan Inc. - American Depositary Shares","2021-08-30 04:00:00-04:00",10.0,10.0,9.61,9.71,9.71,0
"CAN","Canaan Inc. - American Depositary Shares","2021-08-30 05:00:00-04:00",9.72,10.0,9.72,9.89,9.89,0
"CAN","Canaan Inc. - American Depositary Shares","2021-08-30 06:00:00-04:00",9.99,10.05,9.91,10.0,10.0,0
"CAN","Canaan Inc. - American Depositary Shares","2021-08-30 07:00:00-04:00",10.0,10.0,9.9,9.95,9.95,0
"CAN","Canaan Inc. - American Depositary Shares","2021-08-30 08:00:00-04:00",9.96,9.98,9.73,9.73,9.73,0
"CAN","Canaan Inc. - American Depositary Shares","2021-08-30 09:00:00-04:00",9.75,9.82,9.7,9.75,9.75,0
"CAN","Canaan Inc. - American Depositary Shares","2021-08-30 09:30:00-04:00",9.732999801635742,9.79990005493164,9.1899995803833,9.619999885559082,9.619999885559082,3226889
"CAN","Canaan Inc. - American Depositary Shares","2021-08-30 10:30:00-04:00",9.628499984741213,9.630000114440918,9.300000190734863,9.399999618530272,9.399999618530272,911917
"CAN","Canaan Inc. - American Depositary Shares","2021-08-30 11:30:00-04:00",9.399999618530272,9.550000190734863,9.389699935913086,9.494999885559082,9.494999885559082,529838
"CAN","Canaan Inc. - American Depositary Shares","2021-08-30 12:30:00-04:00",9.494999885559082,9.510000228881836,9.40999984741211,9.46500015258789,9.46500015258789,442162
"CAN","Canaan Inc. - American Depositary Shares","2021-08-30 13:30:00-04:00",9.470000267028809,9.5,9.335000038146973,9.385000228881836,9.385000228881836,458611
"CAN","Canaan Inc. - American Depositary Shares","2021-08-30 14:30:00-04:00",9.369999885559082,9.550000190734863,9.365599632263184,9.5,9.5,590144
"CAN","Canaan Inc. - American Depositary Shares","2021-08-30 15:30:00-04:00",9.494999885559082,9.529999732971191,9.4399995803833,9.4399995803833,9.4399995803833,597458
"CAN","Canaan Inc. - American Depositary Shares","2021-08-30 16:00:00-04:00",9.44,9.54,9.42,9.5,9.5,0
"CAN","Canaan Inc. - American Depositary Shares","2021-08-30 17:00:00-04:00",9.51,9.52,9.48,9.52,9.52,0
"CAN","Canaan Inc. - American Depositary Shares","2021-08-31 18:00:00-04:00",9.4,9.41,9.35,9.39,9.39,0
"CAN","Canaan Inc. - American Depositary Shares","2021-08-31 19:00:00-04:00",9.39,9.45,9.36,9.4,9.4,0
"CAN","Canaan Inc. - American Depositary Shares","2021-09-01 04:00:00-04:00",9.4,9.46,9.4,9.46,9.46,0
"CAN","Canaan Inc. - American Depositary Shares","2021-09-01 05:00:00-04:00",9.42,9.54,9.42,9.54,9.54,0
"CAN","Canaan Inc. - American Depositary Shares","2021-09-01 06:00:00-04:00",9.52,9.6,9.52,9.59,9.59,0
"CAN","Canaan Inc. - American Depositary Shares","2021-09-01 07:00:00-04:00",9.6,9.63,9.55,9.55,9.55,0
"CAN","Canaan Inc. - American Depositary Shares","2021-09-01 08:00:00-04:00",9.55,9.62,9.5,9.51,9.51,0
"CAN","Canaan Inc. - American Depositary Shares","2021-09-01 09:00:00-04:00",9.5299,9.59,9.39,9.43,9.43,0
"CAN","Canaan Inc. - American Depositary Shares","2021-09-01 09:30:00-04:00",9.470000267028809,9.510000228881836,8.944999694824219,9.030099868774414,9.030099868774414,2226435
"CAN","Canaan Inc. - American Depositary Shares","2021-09-01 10:30:00-04:00",9.039999961853027,9.170000076293944,8.930000305175781,8.952699661254883,8.952699661254883,1113227
"CAN","Canaan Inc. - American Depositary Shares","2021-09-01 11:30:00-04:00",8.954999923706055,9.050000190734863,8.890000343322754,8.977100372314453,8.977100372314453,738539
"CAN","Canaan Inc. - American Depositary Shares","2021-09-01 12:30:00-04:00",8.979999542236328,9.350000381469728,8.979900360107422,9.289999961853027,9.289999961853027,1783235
"CAN","Canaan Inc. - American Depositary Shares","2021-09-01 13:30:00-04:00",9.300000190734863,9.300000190734863,9.079999923706056,9.149999618530272,9.149999618530272,848330
"CAN","Canaan Inc. - American Depositary Shares","2021-09-01 14:30:00-04:00",9.15779972076416,9.229999542236328,9.010000228881836,9.125,9.125,851346
"CAN","Canaan Inc. - American Depositary Shares","2021-09-01 15:30:00-04:00",9.130000114440918,9.170000076293944,9.109999656677246,9.149999618530272,9.149999618530272,554461
"CAN","Canaan Inc. - American Depositary Shares","2021-09-01 16:00:00-04:00",9.15,9.18,9.03,9.13,9.13,0
"CAN","Canaan Inc. - American Depositary Shares","2021-09-01 17:00:00-04:00",9.15,9.19,9.11,9.17,9.17,0
"CAN","Canaan Inc. - American Depositary Shares","2021-09-01 18:00:00-04:00",9.16,9.2,9.13,9.15,9.15,0
"CAN","Canaan Inc. - American Depositary Shares","2021-09-01 19:00:00-04:00",9.15,9.21,9.15,9.21,9.21,0
"CAN","Canaan Inc. - American Depositary Shares","2021-09-02 04:00:00-04:00",9.55,9.7,9.38,9.68,9.68,0
"CAN","Canaan Inc. - American Depositary Shares","2021-09-02 05:00:00-04:00",9.69,9.7,9.56,9.57,9.57,0
"CAN","Canaan Inc. - American Depositary Shares","2021-09-02 06:00:00-04:00",9.59,9.65,9.56,9.57,9.57,0
"CAN","Canaan Inc. - American Depositary Shares","2021-09-02 07:00:00-04:00",9.55,9.58,9.42,9.47,9.47,0
"CAN","Canaan Inc. - American Depositary Shares","2021-09-02 08:00:00-04:00",9.47,9.55,9.42,9.45,9.45,0
"CAN","Canaan Inc. - American Depositary Shares","2021-09-02 09:00:00-04:00",9.46,9.51,9.35,9.45,9.45,0
"CAN","Canaan Inc. - American Depositary Shares","2021-09-02 09:30:00-04:00",9.43000030517578,9.899999618530272,9.380399703979492,9.798700332641602,9.798700332641602,3129542
"CAN","Canaan Inc. - American Depositary Shares","2021-09-02 10:30:00-04:00",9.800000190734863,9.869999885559082,9.479999542236328,9.529999732971191,9.529999732971191,1151822
"CAN","Canaan Inc. - American Depositary Shares","2021-09-02 11:30:00-04:00",9.521400451660156,9.5600004196167,9.4399995803833,9.524999618530272,9.524999618530272,524897
"CAN","Canaan Inc. - American Depositary Shares","2021-09-02 12:30:00-04:00",9.524999618530272,9.53499984741211,9.380000114440918,9.390000343322754,9.390000343322754,289663
"CAN","Canaan Inc. - American Depositary Shares","2021-09-02 13:30:00-04:00",9.399999618530272,9.44509983062744,9.270000457763672,9.30500030517578,9.30500030517578,562323
"CAN","Canaan Inc. - American Depositary Shares","2021-09-02 14:30:00-04:00",9.300000190734863,9.369999885559082,9.289999961853027,9.354100227355955,9.354100227355955,431111
"CAN","Canaan Inc. - American Depositary Shares","2021-09-02 15:30:00-04:00",9.354999542236328,9.380000114440918,9.279999732971191,9.300000190734863,9.300000190734863,322315
"CAN","Canaan Inc. - American Depositary Shares","2021-09-02 16:00:00-04:00",9.3,9.38,9.29,9.31,9.31,0
"CAN","Canaan Inc. - American Depositary Shares","2021-09-02 17:00:00-04:00",9.33,9.35,9.3,9.32,9.32,0
"CAN","Canaan Inc. - American Depositary Shares","2021-09-02 18:00:00-04:00",9.34,9.35,9.3,9.33,9.33,0
"CAN","Canaan Inc. - American Depositary Shares","2021-09-02 19:00:00-04:00",9.31,9.33,9.29,9.33,9.33,0
"CAN","Canaan Inc. - American Depositary Shares","2021-09-03 04:00:00-04:00",9.4,9.4,9.4,9.4,9.4,0
"CAN","Canaan Inc. - American Depositary Shares","2021-09-03 05:00:00-04:00",9.38,9.58,9.38,9.56,9.56,0
"CAN","Canaan Inc. - American Depositary Shares","2021-09-03 06:00:00-04:00",9.58,9.58,9.48,9.54,9.54,0
"CAN","Canaan Inc. - American Depositary Shares","2021-09-03 07:00:00-04:00",9.55,9.58,9.43,9.46,9.46,0
"CAN","Canaan Inc. - American Depositary Shares","2021-09-03 08:00:00-04:00",9.47,9.58,9.43,9.5201,9.5201,0
"CAN","Canaan Inc. - American Depositary Shares","2021-09-03 09:00:00-04:00",9.52,9.6,9.2,9.25,9.25,0
"CAN","Canaan Inc. - American Depositary Shares","2021-09-03 09:30:00-04:00",9.25,9.800000190734863,9.25,9.789999961853027,9.789999961853027,2462283
"CAN","Canaan Inc. - American Depositary Shares","2021-09-03 10:30:00-04:00",9.789999961853027,9.890000343322754,9.530099868774414,9.552000045776367,9.552000045776367,1380969
"CAN","Canaan Inc. - American Depositary Shares","2021-09-03 11:30:00-04:00",9.550000190734863,9.850000381469728,9.449999809265137,9.840700149536133,9.840700149536133,1106960
"CAN","Canaan Inc. - American Depositary Shares","2021-09-03 12:30:00-04:00",9.848899841308594,9.9399995803833,9.725000381469728,9.8100004196167,9.8100004196167,1452245
"CAN","Canaan Inc. - American Depositary Shares","2021-09-03 13:30:00-04:00",9.80500030517578,9.869999885559082,9.670000076293944,9.68019962310791,9.68019962310791,396249
"CAN","Canaan Inc. - American Depositary Shares","2021-09-03 14:30:00-04:00",9.67990016937256,9.703900337219238,9.579999923706056,9.609999656677246,9.609999656677246,349135
"CAN","Canaan Inc. - American Depositary Shares","2021-09-03 15:30:00-04:00",9.59000015258789,9.619999885559082,9.479999542236328,9.50819969177246,9.50819969177246,408876
"CAN","Canaan Inc. - American Depositary Shares","2021-09-03 16:00:00-04:00",9.52,9.5642,9.47,9.4816,9.4816,0
"CAN","Canaan Inc. - American Depositary Shares","2021-09-03 17:00:00-04:00",9.4803,9.55,9.48,9.55,9.55,0
"CAN","Canaan Inc. - American Depositary Shares","2021-09-03 18:00:00-04:00",9.55,9.55,9.45,9.55,9.55,0
"CAN","Canaan Inc. - American Depositary Shares","2021-09-03 19:00:00-04:00",9.52,9.6,9.51,9.57,9.57,0
"CAN","Canaan Inc. - American Depositary Shares","2021-09-07 04:00:00-04:00",9.53,10.0,9.53,9.92,9.92,0
"CAN","Canaan Inc. - American Depositary Shares","2021-09-07 05:00:00-04:00",9.93,9.93,9.85,9.88,9.88,0
"CAN","Canaan Inc. - American Depositary Shares","2021-09-07 06:00:00-04:00",9.9,9.9,9.76,9.81,9.81,0
"CAN","Canaan Inc. - American Depositary Shares","2021-09-07 07:00:00-04:00",9.79,9.9,9.76,9.82,9.82,0
"CAN","Canaan Inc. - American Depositary Shares","2021-09-07 08:00:00-04:00",9.82,9.89,9.76,9.8,9.8,0
"CAN","Canaan Inc. - American Depositary Shares","2021-09-07 09:00:00-04:00",9.7801,9.81,9.73,9.76,9.76,0
"CAN","Canaan Inc. - American Depositary Shares","2021-09-07 09:30:00-04:00",9.8100004196167,10.229999542236328,9.654999732971191,9.720100402832031,9.720100402832031,2780818
"CAN","Canaan Inc. - American Depositary Shares","2021-09-07 10:30:00-04:00",9.739999771118164,9.78499984741211,9.329999923706056,9.390000343322754,9.390000343322754,2319403
"CAN","Canaan Inc. - American Depositary Shares","2021-09-07 11:30:00-04:00",9.399999618530272,9.619999885559082,9.369999885559082,9.510899543762209,9.510899543762209,731864
"CAN","Canaan Inc. - American Depositary Shares","2021-09-07 12:30:00-04:00",9.517900466918944,9.629899978637695,9.510000228881836,9.529999732971191,9.529999732971191,368509
"CAN","Canaan Inc. - American Depositary Shares","2021-09-07 13:30:00-04:00",9.524999618530272,9.539999961853027,9.4399995803833,9.520000457763672,9.520000457763672,283649
"CAN","Canaan Inc. - American Depositary Shares","2021-09-07 14:30:00-04:00",9.529999732971191,9.53499984741211,9.479999542236328,9.510000228881836,9.510000228881836,284433
"CAN","Canaan Inc. - American Depositary Shares","2021-09-07 15:30:00-04:00",9.515000343322754,9.579999923706056,9.5,9.574999809265137,9.574999809265137,370819
"CAN","Canaan Inc. - American Depositary Shares","2021-09-07 16:00:00-04:00",9.58,9.61,9.55,9.55,9.55,0
"CAN","Canaan Inc. - American Depositary Shares","2021-09-07 17:00:00-04:00",9.55,9.61,9.55,9.6,9.6,0
"CAN","Canaan Inc. - American Depositary Shares","2021-09-07 18:00:00-04:00",9.61,9.62,9.56,9.62,9.62,0
"CAN","Canaan Inc. - American Depositary Shares","2021-09-07 19:00:00-04:00",9.6,9.66,9.6,9.64,9.64,0
"CAN","Canaan Inc. - American Depositary Shares","2021-09-08 04:00:00-04:00",9.63,9.63,9.2,9.25,9.25,0
"CAN","Canaan Inc. - American Depositary Shares","2021-09-08 05:00:00-04:00",9.25,9.32,9.25,9.32,9.32,0
"CAN","Canaan Inc. - American Depositary Shares","2021-09-08 06:00:00-04:00",9.32,9.5,9.31,9.32,9.32,0
"CAN","Canaan Inc. - American Depositary Shares","2021-09-08 07:00:00-04:00",9.36,9.53,9.36,9.53,9.53,0
"CAN","Canaan Inc. - American Depositary Shares","2021-09-08 08:00:00-04:00",9.53,9.55,9.43,9.52,9.52,0
"CAN","Canaan Inc. - American Depositary Shares","2021-09-08 09:00:00-04:00",9.51,9.54,9.3,9.49,9.49,0
"CAN","Canaan Inc. - American Depositary Shares","2021-09-08 09:30:00-04:00",9.479999542236328,9.5,8.619999885559082,8.649999618530273,8.649999618530273,2364447
"CAN","Canaan Inc. - American Depositary Shares","2021-09-08 10:30:00-04:00",8.645000457763672,8.758999824523926,8.600000381469727,8.75,8.75,972178
"CAN","Canaan Inc. - American Depositary Shares","2021-09-08 11:30:00-04:00",8.739999771118164,8.800000190734863,8.65999984741211,8.697699546813965,8.697699546813965,582319
"CAN","Canaan Inc. - American Depositary Shares","2021-09-08 12:30:00-04:00",8.698200225830078,8.699999809265137,8.619999885559082,8.619999885559082,8.619999885559082,380410
"CAN","Canaan Inc. - American Depositary Shares","2021-09-08 13:30:00-04:00",8.619999885559082,8.640000343322754,8.510000228881836,8.515000343322754,8.515000343322754,592171
"CAN","Canaan Inc. - American Depositary Shares","2021-09-08 14:30:00-04:00",8.51990032196045,8.569999694824219,8.454999923706055,8.479999542236328,8.479999542236328,916505
"CAN","Canaan Inc. - American Depositary Shares","2021-09-08 15:30:00-04:00",8.484999656677246,8.48859977722168,8.399999618530273,8.430000305175781,8.430000305175781,762268
"CAN","Canaan Inc. - American Depositary Shares","2021-09-08 16:00:00-04:00",8.46,8.6899,8.45,8.58,8.58,0
"CAN","Canaan Inc. - American Depositary Shares","2021-09-08 17:00:00-04:00",8.57,8.65,8.57,8.62,8.62,0
"CAN","Canaan Inc. - American Depositary Shares","2021-09-08 18:00:00-04:00",8.64,8.65,8.62,8.65,8.65,0
"CAN","Canaan Inc. - American Depositary Shares","2021-09-08 19:00:00-04:00",8.65,8.67,8.6,8.6,8.6,0
"CAN","Canaan Inc. - American Depositary Shares","2021-09-09 04:00:00-04:00",8.65,8.66,8.59,8.65,8.65,0
"CAN","Canaan Inc. - American Depositary Shares","2021-09-09 05:00:00-04:00",8.66,8.9,8.66,8.71,8.71,0
"CAN","Canaan Inc. - American Depositary Shares","2021-09-09 06:00:00-04:00",8.71,8.71,8.67,8.69,8.69,0
"CAN","Canaan Inc. - American Depositary Shares","2021-09-09 07:00:00-04:00",8.67,8.67,8.51,8.6,8.6,0
"CAN","Canaan Inc. - American Depositary Shares","2021-09-09 08:00:00-04:00",8.59,8.6,8.52,8.56,8.56,0
"CAN","Canaan Inc. - American Depositary Shares","2021-09-09 09:00:00-04:00",8.54,8.78,8.45,8.74,8.74,0
"CAN","Canaan Inc. - American Depositary Shares","2021-09-09 09:30:00-04:00",8.75,8.989999771118164,8.5,8.869999885559082,8.869999885559082,1407835
"CAN","Canaan Inc. - American Depositary Shares","2021-09-09 10:30:00-04:00",8.859999656677246,8.949999809265137,8.75,8.875,8.875,471871
"CAN","Canaan Inc. - American Depositary Shares","2021-09-09 11:30:00-04:00",8.875,8.979999542236328,8.824999809265137,8.888199806213379,8.888199806213379,473111
"CAN","Canaan Inc. - American Depositary Shares","2021-09-09 12:30:00-04:00",8.887800216674805,8.949999809265137,8.829999923706055,8.850000381469727,8.850000381469727,304840
"CAN","Canaan Inc. - American Depositary Shares","2021-09-09 13:30:00-04:00",8.845000267028809,8.898599624633789,8.800000190734863,8.8149995803833,8.8149995803833,276051
"CAN","Canaan Inc. - American Depositary Shares","2021-09-09 14:30:00-04:00",8.8100004196167,8.880000114440918,8.8100004196167,8.824999809265137,8.824999809265137,208814
"CAN","Canaan Inc. - American Depositary Shares","2021-09-09 15:30:00-04:00",8.824999809265137,8.920000076293945,8.819999694824219,8.820099830627441,8.820099830627441,276582
"CAN","Canaan Inc. - American Depositary Shares","2021-09-09 16:00:00-04:00",8.83,8.9,8.83,8.89,8.89,0
"CAN","Canaan Inc. - American Depositary Shares","2021-09-09 17:00:00-04:00",8.84,8.88,8.84,8.88,8.88,0
"CAN","Canaan Inc. - American Depositary Shares","2021-09-09 18:00:00-04:00",8.85,8.88,8.84,8.84,8.84,0
"CAN","Canaan Inc. - American Depositary Shares","2021-09-09 19:00:00-04:00",8.86,8.89,8.84,8.85,8.85,0
"CAN","Canaan Inc. - American Depositary Shares","2021-09-10 04:00:00-04:00",8.89,8.9,8.75,8.81,8.81,0
"CAN","Canaan Inc. - American Depositary Shares","2021-09-10 05:00:00-04:00",8.78,8.82,8.75,8.77,8.77,0
"CAN","Canaan Inc. - American Depositary Shares","2021-09-10 06:00:00-04:00",8.77,8.8,8.74,8.76,8.76,0
"CAN","Canaan Inc. - American Depositary Shares","2021-09-10 07:00:00-04:00",8.8,8.86,8.78,8.86,8.86,0
"CAN","Canaan Inc. - American Depositary Shares","2021-09-10 08:00:00-04:00",8.82,8.93,8.81,8.93,8.93,0
"CAN","Canaan Inc. - American Depositary Shares","2021-09-10 09:00:00-04:00",8.88,8.96,8.78,8.79,8.79,0
"CAN","Canaan Inc. - American Depositary Shares","2021-09-10 09:30:00-04:00",8.75,9.020000457763672,8.749899864196777,8.8100004196167,8.8100004196167,942270
"CAN","Canaan Inc. - American Depositary Shares","2021-09-10 10:30:00-04:00",8.800800323486328,8.800800323486328,8.611000061035156,8.65999984741211,8.65999984741211,600490
"CAN","Canaan Inc. - American Depositary Shares","2021-09-10 11:30:00-04:00",8.649999618530273,8.760000228881836,8.635000228881836,8.704999923706055,8.704999923706055,254867
"CAN","Canaan Inc. - American Depositary Shares","2021-09-10 12:30:00-04:00",8.70989990234375,8.725000381469727,8.649999618530273,8.65999984741211,8.65999984741211,218764
"CAN","Canaan Inc. - American Depositary Shares","2021-09-10 13:30:00-04:00",8.664999961853027,8.664999961853027,8.569999694824219,8.569999694824219,8.569999694824219,258764
"CAN","Canaan Inc. - American Depositary Shares","2021-09-10 14:30:00-04:00",8.579999923706055,8.595000267028809,8.46500015258789,8.46500015258789,8.46500015258789,240142
"CAN","Canaan Inc. - American Depositary Shares","2021-09-10 15:30:00-04:00",8.46500015258789,8.484999656677246,8.40999984741211,8.420000076293945,8.420000076293945,386751
"CAN","Canaan Inc. - American Depositary Shares","2021-09-10 16:00:00-04:00",8.42,8.45,8.4,8.44,8.44,0
"CAN","Canaan Inc. - American Depositary Shares","2021-09-10 17:00:00-04:00",8.45,8.46,8.4,8.4,8.4,0
"CAN","Canaan Inc. - American Depositary Shares","2021-09-10 18:00:00-04:00",8.44,8.45,8.42,8.42,8.42,0
"CAN","Canaan Inc. - American Depositary Shares","2021-09-10 19:00:00-04:00",8.45,8.59,8.42,8.59,8.59,0
"CAN","Canaan Inc. - American Depositary Shares","2021-09-13 04:00:00-04:00",8.58,8.59,8.26,8.29,8.29,0
"CAN","Canaan Inc. - American Depositary Shares","2021-09-13 05:00:00-04:00",8.29,8.35,8.27,8.27,8.27,0
"CAN","Canaan Inc. - American Depositary Shares","2021-09-13 06:00:00-04:00",8.27,8.3,8.27,8.3,8.3,0
"CAN","Canaan Inc. - American Depositary Shares","2021-09-13 07:00:00-04:00",8.3,8.34,8.27,8.32,8.32,0
"CAN","Canaan Inc. - American Depositary Shares","2021-09-13 08:00:00-04:00",8.31,8.33,8.271,8.28,8.28,0
"CAN","Canaan Inc. - American Depositary Shares","2021-09-13 09:00:00-04:00",8.29,8.32,8.27,8.29,8.29,0
"CAN","Canaan Inc. - American Depositary Shares","2021-09-13 09:30:00-04:00",8.289999961853027,8.579999923706055,8.119999885559082,8.529999732971191,8.529999732971191,2048881
"CAN","Canaan Inc. - American Depositary Shares","2021-09-13 10:30:00-04:00",8.520000457763672,8.821399688720703,8.460000038146973,8.821399688720703,8.821399688720703,1021581
"CAN","Canaan Inc. - American Depositary Shares","2021-09-13 11:30:00-04:00",8.829999923706055,8.937399864196777,8.770000457763672,8.850000381469727,8.850000381469727,520657
"CAN","Canaan Inc. - American Depositary Shares","2021-09-13 12:30:00-04:00",8.859999656677246,8.925000190734863,8.704999923706055,8.71500015258789,8.71500015258789,407225
"CAN","Canaan Inc. - American Depositary Shares","2021-09-13 13:30:00-04:00",8.71500015258789,8.789999961853027,8.699999809265137,8.720000267028809,8.720000267028809,301506
"CAN","Canaan Inc. - American Depositary Shares","2021-09-13 14:30:00-04:00",8.720000267028809,8.78499984741211,8.6899995803833,8.760100364685059,8.760100364685059,266339
"CAN","Canaan Inc. - American Depositary Shares","2021-09-13 15:30:00-04:00",8.765000343322754,8.765000343322754,8.651000022888184,8.670000076293945,8.670000076293945,312013
"CAN","Canaan Inc. - American Depositary Shares","2021-09-13 16:00:00-04:00",8.67,8.7,8.66,8.67,8.67,0
"CAN","Canaan Inc. - American Depositary Shares","2021-09-13 17:00:00-04:00",8.7,8.7,8.65,8.67,8.67,0
"CAN","Canaan Inc. - American Depositary Shares","2021-09-13 18:00:00-04:00",8.66,8.7,8.66,8.7,8.7,0
"CAN","Canaan Inc. - American Depositary Shares","2021-09-13 19:00:00-04:00",8.69,8.72,8.67,8.7,8.7,0
"CAN","Canaan Inc. - American Depositary Shares","2021-09-14 04:00:00-04:00",8.71,8.92,8.71,8.89,8.89,0
"CAN","Canaan Inc. - American Depositary Shares","2021-09-14 05:00:00-04:00",8.88,9.1,8.88,9.09,9.09,0
"CAN","Canaan Inc. - American Depositary Shares","2021-09-14 06:00:00-04:00",9.05,9.06,8.94,8.94,8.94,0
"CAN","Canaan Inc. - American Depositary Shares","2021-09-14 07:00:00-04:00",9.04,9.06,8.94,8.95,8.95,0
"CAN","Canaan Inc. - American Depositary Shares","2021-09-14 08:00:00-04:00",8.95,8.99,8.86,8.9,8.9,0
"CAN","Canaan Inc. - American Depositary Shares","2021-09-14 09:00:00-04:00",8.9,8.99,8.9,8.97,8.97,0
"CAN","Canaan Inc. - American Depositary Shares","2021-09-14 09:30:00-04:00",8.84000015258789,9.229999542236328,8.824999809265137,9.079899787902832,9.079899787902832,1762706
"CAN","Canaan Inc. - American Depositary Shares","2021-09-14 10:30:00-04:00",9.06999969482422,9.41860008239746,8.983400344848633,9.395000457763672,9.395000457763672,1298498
"CAN","Canaan Inc. - American Depositary Shares","2021-09-14 11:30:00-04:00",9.380000114440918,9.68000030517578,9.380000114440918,9.505000114440918,9.505000114440918,1385645
"CAN","Canaan Inc. - American Depositary Shares","2021-09-14 12:30:00-04:00",9.5,9.524999618530272,9.350000381469728,9.414999961853027,9.414999961853027,696302
"CAN","Canaan Inc. - American Depositary Shares","2021-09-14 13:30:00-04:00",9.404999732971191,9.510000228881836,9.31999969482422,9.335000038146973,9.335000038146973,440695
"CAN","Canaan Inc. - American Depositary Shares","2021-09-14 14:30:00-04:00",9.335000038146973,9.395000457763672,9.119999885559082,9.145000457763672,9.145000457763672,584191
"CAN","Canaan Inc. - American Depositary Shares","2021-09-14 15:30:00-04:00",9.145000457763672,9.199999809265137,9.09000015258789,9.199999809265137,9.199999809265137,599087
"CAN","Canaan Inc. - American Depositary Shares","2021-09-14 16:00:00-04:00",9.18,9.23,9.1,9.18,9.18,0
"CAN","Canaan Inc. - American Depositary Shares","2021-09-14 17:00:00-04:00",9.21,9.34,9.19,9.22,9.22,0
"CAN","Canaan Inc. - American Depositary Shares","2021-09-14 18:00:00-04:00",9.22,9.37,9.22,9.35,9.35,0
"CAN","Canaan Inc. - American Depositary Shares","2021-09-14 19:00:00-04:00",9.34,9.49,9.32,9.48,9.48,0
"CAN","Canaan Inc. - American Depositary Shares","2021-09-15 04:00:00-04:00",9.48,9.64,9.46,9.5,9.5,0
"CAN","Canaan Inc. - American Depositary Shares","2021-09-15 05:00:00-04:00",9.5,9.63,9.49,9.49,9.49,0
"CAN","Canaan Inc. - American Depositary Shares","2021-09-15 06:00:00-04:00",9.5,9.63,9.5,9.62,9.62,0
"CAN","Canaan Inc. - American Depositary Shares","2021-09-15 07:00:00-04:00",9.62,9.75,9.6,9.69,9.69,0
"CAN","Canaan Inc. - American Depositary Shares","2021-09-15 08:00:00-04:00",9.7,9.77,9.55,9.6,9.6,0
"CAN","Canaan Inc. - American Depositary Shares","2021-09-15 09:00:00-04:00",9.61,9.71,9.58,9.68,9.68,0
"CAN","Canaan Inc. - American Depositary Shares","2021-09-15 09:30:00-04:00",9.630000114440918,9.739999771118164,8.260000228881836,8.270000457763672,8.270000457763672,7786034
"CAN","Canaan Inc. - American Depositary Shares","2021-09-15 10:30:00-04:00",8.260000228881836,8.329999923706055,7.911399841308594,8.135000228881836,8.135000228881836,4114009
"CAN","Canaan Inc. - American Depositary Shares","2021-09-15 11:30:00-04:00",8.13599967956543,8.149999618530273,7.962200164794922,8.010000228881836,8.010000228881836,1564532
"CAN","Canaan Inc. - American Depositary Shares","2021-09-15 12:30:00-04:00",8.005000114440918,8.039999961853027,7.920000076293945,7.940000057220459,7.940000057220459,1244631
"CAN","Canaan Inc. - American Depositary Shares","2021-09-15 13:30:00-04:00",7.940000057220459,8.099900245666504,7.909999847412109,8.008399963378906,8.008399963378906,972441
"CAN","Canaan Inc. - American Depositary Shares","2021-09-15 14:30:00-04:00",8.010000228881836,8.100000381469727,8.0,8.029999732971191,8.029999732971191,831265
"CAN","Canaan Inc. - American Depositary Shares","2021-09-15 15:30:00-04:00",8.022700309753418,8.25,8.020000457763672,8.197699546813965,8.197699546813965,1723080
"CAN","Canaan Inc. - American Depositary Shares","2021-09-15 16:00:00-04:00",8.21,8.26,8.15,8.19,8.19,0
"CAN","Canaan Inc. - American Depositary Shares","2021-09-15 17:00:00-04:00",8.2,8.24,8.19,8.24,8.24,0
"CAN","Canaan Inc. - American Depositary Shares","2021-09-15 18:00:00-04:00",8.24,8.25,8.23,8.25,8.25,0
"CAN","Canaan Inc. - American Depositary Shares","2021-09-15 19:00:00-04:00",8.25,8.28,8.2,8.25,8.25,0
"CAN","Canaan Inc. - American Depositary Shares","2021-09-16 04:00:00-04:00",8.3,8.3,8.06,8.06,8.06,0
"CAN","Canaan Inc. - American Depositary Shares","2021-09-16 05:00:00-04:00",8.07,8.13,8.02,8.13,8.13,0
"CAN","Canaan Inc. - American Depositary Shares","2021-09-16 06:00:00-04:00",8.1,8.12,8.09,8.09,8.09,0
"CAN","Canaan Inc. - American Depositary Shares","2021-09-16 07:00:00-04:00",8.09,8.15,8.03,8.08,8.08,0
"CAN","Canaan Inc. - American Depositary Shares","2021-09-16 08:00:00-04:00",8.05,8.15,7.97,8.0,8.0,0
"CAN","Canaan Inc. - American Depositary Shares","2021-09-16 09:00:00-04:00",8.04,8.13,8.0,8.09,8.09,0
"CAN","Canaan Inc. - American Depositary Shares","2021-09-16 09:30:00-04:00",8.09000015258789,8.295000076293945,7.519999980926514,7.605000019073486,7.605000019073486,4459612
"CAN","Canaan Inc. - American Depositary Shares","2021-09-16 10:30:00-04:00",7.599999904632568,7.610000133514404,7.420000076293945,7.518300056457519,7.518300056457519,1904312
"CAN","Canaan Inc. - American Depositary Shares","2021-09-16 11:30:00-04:00",7.510000228881836,7.679999828338623,7.510000228881836,7.664999961853027,7.664999961853027,921636
"CAN","Canaan Inc. - American Depositary Shares","2021-09-16 12:30:00-04:00",7.664999961853027,7.889999866485596,7.662499904632568,7.84499979019165,7.84499979019165,1412752
"CAN","Canaan Inc. - American Depositary Shares","2021-09-16 13:30:00-04:00",7.840000152587891,7.929900169372559,7.800000190734863,7.918900012969971,7.918900012969971,582139
"CAN","Canaan Inc. - American Depositary Shares","2021-09-16 14:30:00-04:00",7.914999961853027,7.940000057220459,7.780099868774414,7.784999847412109,7.784999847412109,622049
"CAN","Canaan Inc. - American Depositary Shares","2021-09-16 15:30:00-04:00",7.789999961853027,7.829999923706055,7.730000019073486,7.75,7.75,744350
"CAN","Canaan Inc. - American Depositary Shares","2021-09-16 16:00:00-04:00",7.76,7.89,7.68,7.7,7.7,0
"CAN","Canaan Inc. - American Depositary Shares","2021-09-16 17:00:00-04:00",7.7,7.7,7.65,7.67,7.67,0
"CAN","Canaan Inc. - American Depositary Shares","2021-09-16 18:00:00-04:00",7.69,7.7,7.68,7.7,7.7,0
"CAN","Canaan Inc. - American Depositary Shares","2021-09-16 19:00:00-04:00",7.7,7.82,7.7,7.78,7.78,0
"CAN","Canaan Inc. - American Depositary Shares","2021-09-17 04:00:00-04:00",7.78,8.05,7.78,8.05,8.05,0
"CAN","Canaan Inc. - American Depositary Shares","2021-09-17 05:00:00-04:00",8.02,8.02,7.92,7.92,7.92,0
"CAN","Canaan Inc. - American Depositary Shares","2021-09-17 06:00:00-04:00",7.97,7.97,7.85,7.85,7.85,0
"CAN","Canaan Inc. - American Depositary Shares","2021-09-17 07:00:00-04:00",7.85,7.85,7.71,7.79,7.79,0
"CAN","Canaan Inc. - American Depositary Shares","2021-09-17 08:00:00-04:00",7.8,7.83,7.69,7.7999,7.7999,0
"CAN","Canaan Inc. - American Depositary Shares","2021-09-17 09:00:00-04:00",7.79,7.81,7.71,7.71,7.71,0
"CAN","Canaan Inc. - American Depositary Shares","2021-09-17 09:30:00-04:00",7.699999809265137,7.940999984741211,7.619999885559082,7.880000114440918,7.880000114440918,1909204
"CAN","Canaan Inc. - American Depositary Shares","2021-09-17 10:30:00-04:00",7.880000114440918,8.02910041809082,7.789999961853027,7.960000038146973,7.960000038146973,916980
"CAN","Canaan Inc. - American Depositary Shares","2021-09-17 11:30:00-04:00",7.96999979019165,7.96999979019165,7.860000133514404,7.861299991607666,7.861299991607666,441090
"CAN","Canaan Inc. - American Depositary Shares","2021-09-17 12:30:00-04:00",7.860000133514404,8.050000190734863,7.860000133514404,8.045000076293945,8.045000076293945,496926
"CAN","Canaan Inc. - American Depositary Shares","2021-09-17 13:30:00-04:00",8.040399551391602,8.16670036315918,8.024999618530273,8.135000228881836,8.135000228881836,778848
"CAN","Canaan Inc. - American Depositary Shares","2021-09-17 14:30:00-04:00",8.130499839782715,8.194999694824219,7.96999979019165,8.005000114440918,8.005000114440918,929927
"CAN","Canaan Inc. - American Depositary Shares","2021-09-17 15:30:00-04:00",8.005000114440918,8.050000190734863,7.940000057220459,7.980000019073486,7.980000019073486,1239783
"CAN","Canaan Inc. - American Depositary Shares","2021-09-17 16:00:00-04:00",8.01,8.04,7.95,8.0,8.0,0
"CAN","Canaan Inc. - American Depositary Shares","2021-09-17 17:00:00-04:00",8.0,8.01,7.94,7.96,7.96,0
"CAN","Canaan Inc. - American Depositary Shares","2021-09-17 18:00:00-04:00",7.92,7.99,7.92,7.97,7.97,0
"CAN","Canaan Inc. - American Depositary Shares","2021-09-17 19:00:00-04:00",7.96,7.97,7.88,7.97,7.97,0
"CAN","Canaan Inc. - American Depositary Shares","2021-09-20 04:00:00-04:00",8.0,8.0,7.61,7.75,7.75,0
"CAN","Canaan Inc. - American Depositary Shares","2021-09-20 05:00:00-04:00",7.75,7.9,7.74,7.77,7.77,0
"CAN","Canaan Inc. - American Depositary Shares","2021-09-20 06:00:00-04:00",7.81,7.86,7.72,7.74,7.74,0
"CAN","Canaan Inc. - American Depositary Shares","2021-09-20 07:00:00-04:00",7.75,7.9,7.63,7.68,7.68,0
"CAN","Canaan Inc. - American Depositary Shares","2021-09-20 08:00:00-04:00",7.68,7.8,7.42,7.55,7.55,0
"CAN","Canaan Inc. - American Depositary Shares","2021-09-20 09:00:00-04:00",7.55,7.55,7.36,7.38,7.38,0
"CAN","Canaan Inc. - American Depositary Shares","2021-09-20 09:30:00-04:00",7.480000019073486,7.630000114440918,7.059999942779541,7.289999961853027,7.289999961853027,3318249
"CAN","Canaan Inc. - American Depositary Shares","2021-09-20 10:30:00-04:00",7.289999961853027,7.389999866485596,7.230000019073486,7.360000133514404,7.360000133514404,1134147
"CAN","Canaan Inc. - American Depositary Shares","2021-09-20 11:30:00-04:00",7.355000019073486,7.375,7.2600998878479,7.275000095367432,7.275000095367432,515344
"CAN","Canaan Inc. - American Depositary Shares","2021-09-20 12:30:00-04:00",7.28000020980835,7.329999923706055,7.25,7.28000020980835,7.28000020980835,403649
"CAN","Canaan Inc. - American Depositary Shares","2021-09-20 13:30:00-04:00",7.28000020980835,7.340000152587891,7.25,7.255000114440918,7.255000114440918,583860
"CAN","Canaan Inc. - American Depositary Shares","2021-09-20 14:30:00-04:00",7.251999855041504,7.269999980926514,7.139999866485596,7.269999980926514,7.269999980926514,1096694
"CAN","Canaan Inc. - American Depositary Shares","2021-09-20 15:30:00-04:00",7.269999980926514,7.320000171661377,7.21999979019165,7.284999847412109,7.284999847412109,1200490
"CAN","Canaan Inc. - American Depositary Shares","2021-09-20 16:00:00-04:00",7.29,7.29,7.22,7.28,7.28,0
"CAN","Canaan Inc. - American Depositary Shares","2021-09-20 17:00:00-04:00",7.26,7.29,7.24,7.24,7.24,0
"CAN","Canaan Inc. - American Depositary Shares","2021-09-20 18:00:00-04:00",7.28,7.36,7.28,7.36,7.36,0
"CAN","Canaan Inc. - American Depositary Shares","2021-09-20 19:00:00-04:00",7.37,7.37,7.16,7.28,7.28,0
"CAN","Canaan Inc. - American Depositary Shares","2021-09-21 04:00:00-04:00",7.4,7.53,7.21,7.47,7.47,0
"CAN","Canaan Inc. - American Depositary Shares","2021-09-21 05:00:00-04:00",7.46,7.46,7.36,7.38,7.38,0
"CAN","Canaan Inc. - American Depositary Shares","2021-09-21 06:00:00-04:00",7.37,7.45,7.37,7.45,7.45,0
"CAN","Canaan Inc. - American Depositary Shares","2021-09-21 07:00:00-04:00",7.45,7.5,7.31,7.37,7.37,0
"CAN","Canaan Inc. - American Depositary Shares","2021-09-21 08:00:00-04:00",7.37,7.5,7.36,7.42,7.42,0
"CAN","Canaan Inc. - American Depositary Shares","2021-09-21 09:00:00-04:00",7.42,7.44,7.27,7.36,7.36,0
"CAN","Canaan Inc. - American Depositary Shares","2021-09-21 09:30:00-04:00",7.369999885559082,7.400000095367432,7.21999979019165,7.260000228881836,7.260000228881836,1041593
"CAN","Canaan Inc. - American Depositary Shares","2021-09-21 10:30:00-04:00",7.264999866485596,7.289999961853027,7.150000095367432,7.187099933624268,7.187099933624268,876060
"CAN","Canaan Inc. - American Depositary Shares","2021-09-21 11:30:00-04:00",7.190000057220459,7.320000171661377,7.181099891662598,7.297900199890137,7.297900199890137,355912
"CAN","Canaan Inc. - American Depositary Shares","2021-09-21 12:30:00-04:00",7.300000190734863,7.304999828338623,7.170000076293945,7.21999979019165,7.21999979019165,440309
"CAN","Canaan Inc. - American Depositary Shares","2021-09-21 13:30:00-04:00",7.210000038146973,7.340000152587891,7.190000057220459,7.255000114440918,7.255000114440918,380161
"CAN","Canaan Inc. - American Depositary Shares","2021-09-21 14:30:00-04:00",7.255000114440918,7.320000171661377,7.230000019073486,7.264999866485596,7.264999866485596,296510
"CAN","Canaan Inc. - American Depositary Shares","2021-09-21 15:30:00-04:00",7.264999866485596,7.349999904632568,7.260000228881836,7.264999866485596,7.264999866485596,310046
"CAN","Canaan Inc. - American Depositary Shares","2021-09-21 16:00:00-04:00",7.27,7.27,7.2,7.21,7.21,0
"CAN","Canaan Inc. - American Depositary Shares","2021-09-21 17:00:00-04:00",7.21,7.25,7.15,7.24,7.24,0
"CAN","Canaan Inc. - American Depositary Shares","2021-09-21 18:00:00-04:00",7.23,7.23,7.2299,7.2299,7.2299,0
"CAN","Canaan Inc. - American Depositary Shares","2021-09-21 19:00:00-04:00",7.22,7.24,7.18,7.22,7.22,0
"CAN","Canaan Inc. - American Depositary Shares","2021-09-22 04:00:00-04:00",7.2,7.44,7.2,7.3,7.3,0
"CAN","Canaan Inc. - American Depositary Shares","2021-09-22 05:00:00-04:00",7.3,7.35,7.28,7.34,7.34,0
"CAN","Canaan Inc. - American Depositary Shares","2021-09-22 06:00:00-04:00",7.34,7.35,7.32,7.34,7.34,0
"CAN","Canaan Inc. - American Depositary Shares","2021-09-22 07:00:00-04:00",7.35,7.35,7.25,7.28,7.28,0
"CAN","Canaan Inc. - American Depositary Shares","2021-09-22 08:00:00-04:00",7.27,7.29,7.25,7.28,7.28,0
"CAN","Canaan Inc. - American Depositary Shares","2021-09-22 09:00:00-04:00",7.29,7.45,7.29,7.31,7.31,0
"CAN","Canaan Inc. - American Depositary Shares","2021-09-22 09:30:00-04:00",7.329999923706055,7.489999771118164,7.170000076293945,7.340000152587891,7.340000152587891,1245434
"CAN","Canaan Inc. - American Depositary Shares","2021-09-22 10:30:00-04:00",7.337299823760986,7.53000020980835,7.27400016784668,7.480000019073486,7.480000019073486,885655
"CAN","Canaan Inc. - American Depositary Shares","2021-09-22 11:30:00-04:00",7.480000019073486,7.570000171661377,7.449999809265137,7.485000133514404,7.485000133514404,402332
"CAN","Canaan Inc. - American Depositary Shares","2021-09-22 12:30:00-04:00",7.485000133514404,7.550000190734863,7.440100193023682,7.505000114440918,7.505000114440918,303217
"CAN","Canaan Inc. - American Depositary Shares","2021-09-22 13:30:00-04:00",7.510000228881836,7.658400058746338,7.5,7.639999866485596,7.639999866485596,417876
"CAN","Canaan Inc. - American Depositary Shares","2021-09-22 14:30:00-04:00",7.635000228881836,7.677999973297119,7.519999980926514,7.644999980926514,7.644999980926514,393576
"CAN","Canaan Inc. - American Depositary Shares","2021-09-22 15:30:00-04:00",7.639999866485596,7.710000038146973,7.59499979019165,7.619999885559082,7.619999885559082,513607
"CAN","Canaan Inc. - American Depositary Shares","2021-09-22 16:00:00-04:00",7.62,7.6982,7.6,7.65,7.65,0
"CAN","Canaan Inc. - American Depositary Shares","2021-09-22 17:00:00-04:00",7.63,7.66,7.59,7.59,7.59,0
"CAN","Canaan Inc. - American Depositary Shares","2021-09-22 18:00:00-04:00",7.64,7.65,7.59,7.65,7.65,0
"CAN","Canaan Inc. - American Depositary Shares","2021-09-22 19:00:00-04:00",7.67,7.71,7.61,7.62,7.62,0
"CAN","Canaan Inc. - American Depositary Shares","2021-09-23 04:00:00-04:00",7.82,7.95,7.77,7.84,7.84,0
"CAN","Canaan Inc. - American Depositary Shares","2021-09-23 05:00:00-04:00",7.84,7.9,7.77,7.9,7.9,0
"CAN","Canaan Inc. - American Depositary Shares","2021-09-23 06:00:00-04:00",7.88,7.88,7.77,7.79,7.79,0
"CAN","Canaan Inc. - American Depositary Shares","2021-09-23 07:00:00-04:00",7.77,7.79,7.71,7.73,7.73,0
"CAN","Canaan Inc. - American Depositary Shares","2021-09-23 08:00:00-04:00",7.73,7.77,7.7,7.7599,7.7599,0
"CAN","Canaan Inc. - American Depositary Shares","2021-09-23 09:00:00-04:00",7.75,7.76,7.6,7.65,7.65,0
"CAN","Canaan Inc. - American Depositary Shares","2021-09-23 09:30:00-04:00",7.599999904632568,7.659999847412109,7.429999828338623,7.590000152587891,7.590000152587891,1084314
"CAN","Canaan Inc. - American Depositary Shares","2021-09-23 10:30:00-04:00",7.599999904632568,7.630000114440918,7.485000133514404,7.514999866485596,7.514999866485596,598301
"CAN","Canaan Inc. - American Depositary Shares","2021-09-23 11:30:00-04:00",7.514999866485596,7.514999866485596,7.429999828338623,7.46999979019165,7.46999979019165,548062
"CAN","Canaan Inc. - American Depositary Shares","2021-09-23 12:30:00-04:00",7.474999904632568,7.610000133514404,7.440000057220459,7.583899974822998,7.583899974822998,493153
"CAN","Canaan Inc. - American Depositary Shares","2021-09-23 13:30:00-04:00",7.585000038146973,7.679999828338623,7.570000171661377,7.635000228881836,7.635000228881836,339875
"CAN","Canaan Inc. - American Depositary Shares","2021-09-23 14:30:00-04:00",7.638999938964844,7.690000057220459,7.610000133514404,7.690000057220459,7.690000057220459,379512
"CAN","Canaan Inc. - American Depositary Shares","2021-09-23 15:30:00-04:00",7.684999942779541,7.75,7.679999828338623,7.739999771118164,7.739999771118164,387668
"CAN","Canaan Inc. - American Depositary Shares","2021-09-23 16:00:00-04:00",7.75,7.76,7.65,7.7,7.7,0
"CAN","Canaan Inc. - American Depositary Shares","2021-09-23 17:00:00-04:00",7.7,7.75,7.66,7.66,7.66,0
"CAN","Canaan Inc. - American Depositary Shares","2021-09-23 18:00:00-04:00",7.73,7.74,7.68,7.68,7.68,0
"CAN","Canaan Inc. - American Depositary Shares","2021-09-23 19:00:00-04:00",7.7,7.73,7.66,7.7299,7.7299,0
"CAN","Canaan Inc. - American Depositary Shares","2021-09-24 04:00:00-04:00",7.77,7.83,7.75,7.75,7.75,0
"CAN","Canaan Inc. - American Depositary Shares","2021-09-24 05:00:00-04:00",7.79,7.79,7.16,7.26,7.26,0
"CAN","Canaan Inc. - American Depositary Shares","2021-09-24 06:00:00-04:00",7.3,7.34,7.22,7.29,7.29,0
"CAN","Canaan Inc. - American Depositary Shares","2021-09-24 07:00:00-04:00",7.24,7.25,6.97,7.05,7.05,0
"CAN","Canaan Inc. - American Depositary Shares","2021-09-24 08:00:00-04:00",7.05,7.15,6.93,6.98,6.98,0
"CAN","Canaan Inc. - American Depositary Shares","2021-09-24 09:00:00-04:00",6.98,7.07,6.98,7.05,7.05,0
"CAN","Canaan Inc. - American Depositary Shares","2021-09-24 09:30:00-04:00",6.980000019073486,7.059999942779541,6.300000190734863,6.335000038146973,6.335000038146973,8485517
"CAN","Canaan Inc. - American Depositary Shares","2021-09-24 10:30:00-04:00",6.338699817657471,6.380000114440918,5.940000057220459,6.119400024414063,6.119400024414063,8626403
"CAN","Canaan Inc. - American Depositary Shares","2021-09-24 11:30:00-04:00",6.114999771118164,6.340000152587891,6.110000133514404,6.219900131225586,6.219900131225586,2720004
"CAN","Canaan Inc. - American Depositary Shares","2021-09-24 12:30:00-04:00",6.215000152587891,6.21999979019165,6.0,6.019999980926514,6.019999980926514,1882312
"CAN","Canaan Inc. - American Depositary Shares","2021-09-24 13:30:00-04:00",6.017000198364258,6.150000095367432,5.974999904632568,5.985000133514404,5.985000133514404,2024629
"CAN","Canaan Inc. - American Depositary Shares","2021-09-24 14:30:00-04:00",5.988800048828125,6.050000190734863,5.920000076293945,6.017000198364258,6.017000198364258,2082083
"CAN","Canaan Inc. - American Depositary Shares","2021-09-24 15:30:00-04:00",6.014999866485596,6.179999828338623,6.0,6.105000019073486,6.105000019073486,2188866
"CAN","Canaan Inc. - American Depositary Shares","2021-09-24 16:00:00-04:00",6.11,6.18,6.11,6.15,6.15,0
"CAN","Canaan Inc. - American Depositary Shares","2021-09-24 17:00:00-04:00",6.15,6.16,6.11,6.15,6.15,0
"CAN","Canaan Inc. - American Depositary Shares","2021-09-24 18:00:00-04:00",6.15,6.16,6.11,6.13,6.13,0
"CAN","Canaan Inc. - American Depositary Shares","2021-09-24 19:00:00-04:00",6.14,6.14,6.03,6.11,6.11,0
"CAN","Canaan Inc. - American Depositary Shares","2021-09-27 04:00:00-04:00",6.11,6.2,6.03,6.12,6.12,0
"CAN","Canaan Inc. - American Depositary Shares","2021-09-27 05:00:00-04:00",6.12,6.17,6.12,6.15,6.15,0
"CAN","Canaan Inc. - American Depositary Shares","2021-09-27 06:00:00-04:00",6.18,6.21,6.11,6.21,6.21,0
"CAN","Canaan Inc. - American Depositary Shares","2021-09-27 07:00:00-04:00",6.17,6.22,6.11,6.12,6.12,0
"CAN","Canaan Inc. - American Depositary Shares","2021-09-27 08:00:00-04:00",6.13,6.2,6.11,6.15,6.15,0
"CAN","Canaan Inc. - American Depositary Shares","2021-09-27 09:00:00-04:00",6.16,6.16,6.09,6.1,6.1,0
"CAN","Canaan Inc. - American Depositary Shares","2021-09-27 09:30:00-04:00",6.090000152587891,6.320000171661377,5.860000133514404,6.268700122833252,6.268700122833252,3698785
"CAN","Canaan Inc. - American Depositary Shares","2021-09-27 10:30:00-04:00",6.26039981842041,6.340000152587891,6.210000038146973,6.21999979019165,6.21999979019165,1014895
"CAN","Canaan Inc. - American Depositary Shares","2021-09-27 11:30:00-04:00",6.2230000495910645,6.264999866485596,6.139999866485596,6.189099788665772,6.189099788665772,688691
"CAN","Canaan Inc. - American Depositary Shares","2021-09-27 12:30:00-04:00",6.188399791717529,6.210000038146973,6.090000152587891,6.101500034332275,6.101500034332275,499849
"CAN","Canaan Inc. - American Depositary Shares","2021-09-27 13:30:00-04:00",6.100100040435791,6.130000114440918,6.039999961853027,6.059999942779541,6.059999942779541,735601
"CAN","Canaan Inc. - American Depositary Shares","2021-09-27 14:30:00-04:00",6.054999828338623,6.059999942779541,5.949999809265137,5.980000019073486,5.980000019073486,1160767
"CAN","Canaan Inc. - American Depositary Shares","2021-09-27 15:30:00-04:00",5.985000133514404,6.070000171661377,5.954999923706055,6.010000228881836,6.010000228881836,887766
"CAN","Canaan Inc. - American Depositary Shares","2021-09-27 16:00:00-04:00",6.02,6.06,5.995,6.01,6.01,0
"CAN","Canaan Inc. - American Depositary Shares","2021-09-27 17:00:00-04:00",6.01,6.06,6.01,6.05,6.05,0
"CAN","Canaan Inc. - American Depositary Shares","2021-09-27 18:00:00-04:00",6.05,6.05,6.02,6.02,6.02,0
"CAN","Canaan Inc. - American Depositary Shares","2021-09-27 19:00:00-04:00",6.02,6.03,6.01,6.03,6.03,0
"CAN","Canaan Inc. - American Depositary Shares","2021-09-28 04:00:00-04:00",6.05,6.05,5.87,5.9,5.9,0
"CAN","Canaan Inc. - American Depositary Shares","2021-09-28 05:00:00-04:00",5.93,5.95,5.91,5.94,5.94,0
"CAN","Canaan Inc. - American Depositary Shares","2021-09-28 06:00:00-04:00",5.95,5.96,5.87,5.9,5.9,0
"CAN","Canaan Inc. - American Depositary Shares","2021-09-28 07:00:00-04:00",5.87,5.92,5.83,5.84,5.84,0
"CAN","Canaan Inc. - American Depositary Shares","2021-09-28 08:00:00-04:00",5.85,5.9,5.83,5.88,5.88,0
"CAN","Canaan Inc. - American Depositary Shares","2021-09-28 09:00:00-04:00",5.88,5.9,5.811,5.89,5.89,0
"CAN","Canaan Inc. - American Depositary Shares","2021-09-28 09:30:00-04:00",5.949999809265137,5.949999809265137,5.659999847412109,5.684999942779541,5.684999942779541,2833566
"CAN","Canaan Inc. - American Depositary Shares","2021-09-28 10:30:00-04:00",5.684999942779541,5.75,5.644999980926514,5.701000213623047,5.701000213623047,1248049
"CAN","Canaan Inc. - American Depositary Shares","2021-09-28 11:30:00-04:00",5.704999923706055,5.800000190734863,5.659999847412109,5.730000019073486,5.730000019073486,727179
"CAN","Canaan Inc. - American Depositary Shares","2021-09-28 12:30:00-04:00",5.735000133514404,5.829999923706055,5.710000038146973,5.775000095367432,5.775000095367432,857964
"CAN","Canaan Inc. - American Depositary Shares","2021-09-28 13:30:00-04:00",5.769999980926514,5.800000190734863,5.71999979019165,5.784999847412109,5.784999847412109,443726
"CAN","Canaan Inc. - American Depositary Shares","2021-09-28 14:30:00-04:00",5.784999847412109,5.849999904632568,5.739999771118164,5.760000228881836,5.760000228881836,672776
"CAN","Canaan Inc. - American Depositary Shares","2021-09-28 15:30:00-04:00",5.760000228881836,5.769999980926514,5.659999847412109,5.679999828338623,5.679999828338623,990102
"CAN","Canaan Inc. - American Depositary Shares","2021-09-28 16:00:00-04:00",5.67,5.92,5.67,5.74,5.74,0
"CAN","Canaan Inc. - American Depositary Shares","2021-09-28 17:00:00-04:00",5.76,5.85,5.74,5.78,5.78,0
"CAN","Canaan Inc. - American Depositary Shares","2021-09-28 18:00:00-04:00",5.76,5.78,5.74,5.78,5.78,0
"CAN","Canaan Inc. - American Depositary Shares","2021-09-28 19:00:00-04:00",5.75,5.84,5.7,5.84,5.84,0
"CAN","Canaan Inc. - American Depositary Shares","2021-09-29 04:00:00-04:00",5.84,6.07,5.8,5.9,5.9,0
"CAN","Canaan Inc. - American Depositary Shares","2021-09-29 05:00:00-04:00",5.9,5.98,5.85,5.86,5.86,0
"CAN","Canaan Inc. - American Depositary Shares","2021-09-29 06:00:00-04:00",5.88,5.9,5.87,5.89,5.89,0
"CAN","Canaan Inc. - American Depositary Shares","2021-09-29 07:00:00-04:00",5.89,5.9,5.8,5.81,5.81,0
"CAN","Canaan Inc. - American Depositary Shares","2021-09-29 08:00:00-04:00",5.8,5.89,5.77,5.8,5.8,0
"CAN","Canaan Inc. - American Depositary Shares","2021-09-29 09:00:00-04:00",5.8,5.8,5.75,5.78,5.78,0
"CAN","Canaan Inc. - American Depositary Shares","2021-09-29 09:30:00-04:00",5.764999866485596,5.820000171661377,5.639999866485596,5.689899921417236,5.689899921417236,1358223
"CAN","Canaan Inc. - American Depositary Shares","2021-09-29 10:30:00-04:00",5.688399791717529,5.71999979019165,5.612800121307373,5.628399848937988,5.628399848937988,522939
"CAN","Canaan Inc. - American Depositary Shares","2021-09-29 11:30:00-04:00",5.625,5.639999866485596,5.460000038146973,5.539999961853027,5.539999961853027,954980
"CAN","Canaan Inc. - American Depositary Shares","2021-09-29 12:30:00-04:00",5.53000020980835,5.639999866485596,5.489999771118164,5.629899978637695,5.629899978637695,440673
"CAN","Canaan Inc. - American Depositary Shares","2021-09-29 13:30:00-04:00",5.630000114440918,5.670000076293945,5.579999923706055,5.649199962615967,5.649199962615967,299600
"CAN","Canaan Inc. - American Depositary Shares","2021-09-29 14:30:00-04:00",5.644999980926514,5.664999961853027,5.559999942779541,5.559999942779541,5.559999942779541,327732
"CAN","Canaan Inc. - American Depositary Shares","2021-09-29 15:30:00-04:00",5.565000057220459,5.570000171661377,5.525000095367432,5.539999961853027,5.539999961853027,621640
"CAN","Canaan Inc. - American Depositary Shares","2021-09-29 16:00:00-04:00",5.54,5.54,5.5,5.52,5.52,0
"CAN","Canaan Inc. - American Depositary Shares","2021-09-29 17:00:00-04:00",5.52,5.54,5.5,5.52,5.52,0
"CAN","Canaan Inc. - American Depositary Shares","2021-09-30 18:00:00-04:00",6.14,6.15,6.11,6.14,6.14,0
"CAN","Canaan Inc. - American Depositary Shares","2021-09-30 19:00:00-04:00",6.14,6.15,6.06,6.15,6.15,0
"CAN","Canaan Inc. - American Depositary Shares","2021-10-01 04:00:00-04:00",6.12,6.35,6.12,6.35,6.35,0
"CAN","Canaan Inc. - American Depositary Shares","2021-10-01 05:00:00-04:00",6.34,6.35,6.25,6.28,6.28,0
"CAN","Canaan Inc. - American Depositary Shares","2021-10-01 06:00:00-04:00",6.28,6.45,6.25,6.45,6.45,0
"CAN","Canaan Inc. - American Depositary Shares","2021-10-01 07:00:00-04:00",6.45,6.63,6.45,6.54,6.54,0
"CAN","Canaan Inc. - American Depositary Shares","2021-10-01 08:00:00-04:00",6.55,6.65,6.5,6.64,6.64,0
"CAN","Canaan Inc. - American Depositary Shares","2021-10-01 09:00:00-04:00",6.62,6.63,6.4,6.4,6.4,0
"CAN","Canaan Inc. - American Depositary Shares","2021-10-01 09:30:00-04:00",6.400000095367432,6.550000190734863,6.079999923706055,6.170000076293945,6.170000076293945,2227970
"CAN","Canaan Inc. - American Depositary Shares","2021-10-01 10:30:00-04:00",6.170000076293945,6.369999885559082,6.110000133514404,6.215000152587891,6.215000152587891,900052
"CAN","Canaan Inc. - American Depositary Shares","2021-10-01 11:30:00-04:00",6.2108001708984375,6.289999961853027,6.184999942779541,6.284999847412109,6.284999847412109,415348
"CAN","Canaan Inc. - American Depositary Shares","2021-10-01 12:30:00-04:00",6.288700103759766,6.480000019073486,6.28000020980835,6.400000095367432,6.400000095367432,1109216
"CAN","Canaan Inc. - American Depositary Shares","2021-10-01 13:30:00-04:00",6.40500020980835,6.409999847412109,6.320000171661377,6.403800010681152,6.403800010681152,336307
"CAN","Canaan Inc. - American Depositary Shares","2021-10-01 14:30:00-04:00",6.400000095367432,6.420000076293945,6.364999771118164,6.389999866485596,6.389999866485596,333113
"CAN","Canaan Inc. - American Depositary Shares","2021-10-01 15:30:00-04:00",6.389999866485596,6.420000076293945,6.360000133514404,6.420000076293945,6.420000076293945,750536
"CAN","Canaan Inc. - American Depositary Shares","2021-10-01 16:00:00-04:00",6.41,6.45,6.41,6.45,6.45,0
"CAN","Canaan Inc. - American Depositary Shares","2021-10-01 17:00:00-04:00",6.43,6.45,6.42,6.45,6.45,0
"CAN","Canaan Inc. - American Depositary Shares","2021-10-01 18:00:00-04:00",6.4301,6.47,6.43,6.45,6.45,0
"CAN","Canaan Inc. - American Depositary Shares","2021-10-01 19:00:00-04:00",6.46,6.46,6.42,6.43,6.43,0
"CAN","Canaan Inc. - American Depositary Shares","2021-10-04 04:00:00-04:00",6.45,6.45,6.4,6.4,6.4,0
"CAN","Canaan Inc. - American Depositary Shares","2021-10-04 05:00:00-04:00",6.37,6.39,6.32,6.36,6.36,0
"CAN","Canaan Inc. - American Depositary Shares","2021-10-04 06:00:00-04:00",6.33,6.36,6.3,6.32,6.32,0
"CAN","Canaan Inc. - American Depositary Shares","2021-10-04 07:00:00-04:00",6.32,6.35,6.24,6.25,6.25,0
"CAN","Canaan Inc. - American Depositary Shares","2021-10-04 08:00:00-04:00",6.24,6.3001,6.2,6.27,6.27,0
"CAN","Canaan Inc. - American Depositary Shares","2021-10-04 09:00:00-04:00",6.32,6.38,6.28,6.38,6.38,0
"CAN","Canaan Inc. - American Depositary Shares","2021-10-04 09:30:00-04:00",6.260000228881836,6.360000133514404,6.130000114440918,6.239999771118164,6.239999771118164,1045369
"CAN","Canaan Inc. - American Depositary Shares","2021-10-04 10:30:00-04:00",6.235000133514404,6.269999980926514,6.150000095367432,6.235000133514404,6.235000133514404,576813
"CAN","Canaan Inc. - American Depositary Shares","2021-10-04 11:30:00-04:00",6.239999771118164,6.295000076293945,6.170000076293945,6.290800094604492,6.290800094604492,298062
"CAN","Canaan Inc. - American Depositary Shares","2021-10-04 12:30:00-04:00",6.289999961853027,6.378900051116943,6.269999980926514,6.349999904632568,6.349999904632568,349740
"CAN","Canaan Inc. - American Depositary Shares","2021-10-04 13:30:00-04:00",6.355000019073486,6.400000095367432,6.309999942779541,6.340000152587891,6.340000152587891,288965
"CAN","Canaan Inc. - American Depositary Shares","2021-10-04 14:30:00-04:00",6.34499979019165,6.420000076293945,6.289999961853027,6.309999942779541,6.309999942779541,474662
"CAN","Canaan Inc. - American Depositary Shares","2021-10-04 15:30:00-04:00",6.311399936676025,6.329999923706055,6.230000019073486,6.28000020980835,6.28000020980835,376173
"CAN","Canaan Inc. - American Depositary Shares","2021-10-04 16:00:00-04:00",6.28,6.3,6.21,6.27,6.27,0
"CAN","Canaan Inc. - American Depositary Shares","2021-10-04 17:00:00-04:00",6.25,6.25,6.2286,6.23,6.23,0
"CAN","Canaan Inc. - American Depositary Shares","2021-10-04 18:00:00-04:00",6.27,6.32,6.23,6.32,6.32,0
"CAN","Canaan Inc. - American Depositary Shares","2021-10-04 19:00:00-04:00",6.32,6.32,6.24,6.24,6.24,0
"CAN","Canaan Inc. - American Depositary Shares","2021-10-05 04:00:00-04:00",6.3,6.46,6.3,6.43,6.43,0
"CAN","Canaan Inc. - American Depositary Shares","2021-10-05 05:00:00-04:00",6.43,6.5,6.43,6.45,6.45,0
"CAN","Canaan Inc. - American Depositary Shares","2021-10-05 06:00:00-04:00",6.45,6.52,6.45,6.52,6.52,0
"CAN","Canaan Inc. - American Depositary Shares","2021-10-05 07:00:00-04:00",6.5,6.55,6.5,6.52,6.52,0
"CAN","Canaan Inc. - American Depositary Shares","2021-10-05 08:00:00-04:00",6.52,6.55,6.46,6.47,6.47,0
"CAN","Canaan Inc. - American Depositary Shares","2021-10-05 09:00:00-04:00",6.48,6.48,6.39,6.39,6.39,0
"CAN","Canaan Inc. - American Depositary Shares","2021-10-05 09:30:00-04:00",6.440000057220459,6.679999828338623,6.369999885559082,6.460000038146973,6.460000038146973,1836902
"CAN","Canaan Inc. - American Depositary Shares","2021-10-05 10:30:00-04:00",6.46999979019165,6.590000152587891,6.420000076293945,6.570000171661377,6.570000171661377,451507
"CAN","Canaan Inc. - American Depositary Shares","2021-10-05 11:30:00-04:00",6.559999942779541,6.590000152587891,6.418600082397461,6.454999923706055,6.454999923706055,374846
"CAN","Canaan Inc. - American Depositary Shares","2021-10-05 12:30:00-04:00",6.4679999351501465,6.505000114440918,6.380000114440918,6.489999771118164,6.489999771118164,421410
"CAN","Canaan Inc. - American Depositary Shares","2021-10-05 13:30:00-04:00",6.480000019073486,6.539999961853027,6.449999809265137,6.520599842071533,6.520599842071533,514809
"CAN","Canaan Inc. - American Depositary Shares","2021-10-05 14:30:00-04:00",6.525000095367432,6.590000152587891,6.500100135803223,6.539999961853027,6.539999961853027,386245
"CAN","Canaan Inc. - American Depositary Shares","2021-10-05 15:30:00-04:00",6.539999961853027,6.579999923706055,6.510000228881836,6.570000171661377,6.570000171661377,477680
"CAN","Canaan Inc. - American Depositary Shares","2021-10-05 16:00:00-04:00",6.58,6.67,6.56,6.62,6.62,0
"CAN","Canaan Inc. - American Depositary Shares","2021-10-05 17:00:00-04:00",6.62,6.81,6.58,6.72,6.72,0
"CAN","Canaan Inc. - American Depositary Shares","2021-10-05 18:00:00-04:00",6.72,6.75,6.65,6.65,6.65,0
"CAN","Canaan Inc. - American Depositary Shares","2021-10-05 19:00:00-04:00",6.67,6.74,6.65,6.65,6.65,0
"CAN","Canaan Inc. - American Depositary Shares","2021-10-06 04:00:00-04:00",6.55,6.65,6.32,6.38,6.38,0
"CAN","Canaan Inc. - American Depositary Shares","2021-10-06 05:00:00-04:00",6.37,6.44,6.37,6.38,6.38,0
"CAN","Canaan Inc. - American Depositary Shares","2021-10-06 06:00:00-04:00",6.36,6.44,6.31,6.4,6.4,0
"CAN","Canaan Inc. - American Depositary Shares","2021-10-06 07:00:00-04:00",6.4,6.47,6.38,6.41,6.41,0
"CAN","Canaan Inc. - American Depositary Shares","2021-10-06 08:00:00-04:00",6.41,6.6315,6.38,6.56,6.56,0
"CAN","Canaan Inc. - American Depositary Shares","2021-10-06 09:00:00-04:00",6.56,6.85,6.5,6.81,6.81,0
"CAN","Canaan Inc. - American Depositary Shares","2021-10-06 09:30:00-04:00",6.770500183105469,6.929999828338623,6.6072998046875,6.675000190734863,6.675000190734863,2935329
"CAN","Canaan Inc. - American Depositary Shares","2021-10-06 10:30:00-04:00",6.670700073242188,6.750100135803223,6.579999923706055,6.610000133514404,6.610000133514404,671945
"CAN","Canaan Inc. - American Depositary Shares","2021-10-06 11:30:00-04:00",6.610000133514404,6.869999885559082,6.599999904632568,6.7718000411987305,6.7718000411987305,661366
"CAN","Canaan Inc. - American Depositary Shares","2021-10-06 12:30:00-04:00",6.78000020980835,6.789999961853027,6.690000057220459,6.715000152587891,6.715000152587891,347032
"CAN","Canaan Inc. - American Depositary Shares","2021-10-06 13:30:00-04:00",6.710100173950195,6.849999904632568,6.710100173950195,6.840000152587891,6.840000152587891,675703
"CAN","Canaan Inc. - American Depositary Shares","2021-10-06 14:30:00-04:00",6.840400218963623,6.875,6.710000038146973,6.7221999168396,6.7221999168396,551364
"CAN","Canaan Inc. - American Depositary Shares","2021-10-06 15:30:00-04:00",6.71999979019165,6.730000019073486,6.619999885559082,6.650199890136719,6.650199890136719,495039
"CAN","Canaan Inc. - American Depositary Shares","2021-10-06 16:00:00-04:00",6.65,6.66,6.63,6.64,6.64,0
"CAN","Canaan Inc. - American Depositary Shares","2021-10-06 17:00:00-04:00",6.64,6.68,6.64,6.64,6.64,0
"CAN","Canaan Inc. - American Depositary Shares","2021-10-06 18:00:00-04:00",6.67,6.75,6.66,6.73,6.73,0
"CAN","Canaan Inc. - American Depositary Shares","2021-10-06 19:00:00-04:00",6.69,6.8,6.67,6.67,6.67,0
"CAN","Canaan Inc. - American Depositary Shares","2021-10-07 04:00:00-04:00",6.78,6.86,6.66,6.86,6.86,0
"CAN","Canaan Inc. - American Depositary Shares","2021-10-07 05:00:00-04:00",6.84,6.86,6.81,6.81,6.81,0
"CAN","Canaan Inc. - American Depositary Shares","2021-10-07 06:00:00-04:00",6.8,6.83,6.77,6.83,6.83,0
"CAN","Canaan Inc. - American Depositary Shares","2021-10-07 07:00:00-04:00",6.81,6.81,6.74,6.75,6.75,0
"CAN","Canaan Inc. - American Depositary Shares","2021-10-07 08:00:00-04:00",6.72,6.78,6.69,6.7,6.7,0
"CAN","Canaan Inc. - American Depositary Shares","2021-10-07 09:00:00-04:00",6.72,6.82,6.72,6.8,6.8,0
"CAN","Canaan Inc. - American Depositary Shares","2021-10-07 09:30:00-04:00",6.760000228881836,6.813399791717529,6.5,6.630000114440918,6.630000114440918,1267453
"CAN","Canaan Inc. - American Depositary Shares","2021-10-07 10:30:00-04:00",6.630000114440918,6.650000095367432,6.420000076293945,6.479300022125244,6.479300022125244,1339160
"CAN","Canaan Inc. - American Depositary Shares","2021-10-07 11:30:00-04:00",6.480000019073486,6.519999980926514,6.449999809265137,6.509200096130371,6.509200096130371,654367
"CAN","Canaan Inc. - American Depositary Shares","2021-10-07 12:30:00-04:00",6.5,6.570000171661377,6.491300106048584,6.541100025177002,6.541100025177002,332290
"CAN","Canaan Inc. - American Depositary Shares","2021-10-07 13:30:00-04:00",6.550000190734863,6.619999885559082,6.540900230407715,6.599999904632568,6.599999904632568,260035
"CAN","Canaan Inc. - American Depositary Shares","2021-10-07 14:30:00-04:00",6.605000019073486,6.650000095367432,6.590000152587891,6.639999866485596,6.639999866485596,300739
"CAN","Canaan Inc. - American Depositary Shares","2021-10-07 15:30:00-04:00",6.639999866485596,6.699999809265137,6.630000114440918,6.644999980926514,6.644999980926514,402794
"CAN","Canaan Inc. - American Depositary Shares","2021-10-07 16:00:00-04:00",6.64,6.68,6.63,6.64,6.64,0
"CAN","Canaan Inc. - American Depositary Shares","2021-10-07 17:00:00-04:00",6.68,6.68,6.63,6.63,6.63,0
"CAN","Canaan Inc. - American Depositary Shares","2021-10-07 18:00:00-04:00",6.66,6.66,6.6,6.63,6.63,0
"CAN","Canaan Inc. - American Depositary Shares","2021-10-07 19:00:00-04:00",6.6,6.63,6.6,6.6,6.6,0
"CAN","Canaan Inc. - American Depositary Shares","2021-10-08 04:00:00-04:00",6.65,6.8,6.65,6.76,6.76,0
"CAN","Canaan Inc. - American Depositary Shares","2021-10-08 05:00:00-04:00",6.75,6.87,6.75,6.76,6.76,0
"CAN","Canaan Inc. - American Depositary Shares","2021-10-08 06:00:00-04:00",6.77,6.79,6.7,6.71,6.71,0
"CAN","Canaan Inc. - American Depositary Shares","2021-10-08 07:00:00-04:00",6.71,6.77,6.7,6.76,6.76,0
"CAN","Canaan Inc. - American Depositary Shares","2021-10-08 08:00:00-04:00",6.76,6.78,6.67,6.68,6.68,0
"CAN","Canaan Inc. - American Depositary Shares","2021-10-08 09:00:00-04:00",6.68,6.76,6.58,6.62,6.62,0
"CAN","Canaan Inc. - American Depositary Shares","2021-10-08 09:30:00-04:00",6.579999923706055,6.739999771118164,6.489999771118164,6.680099964141846,6.680099964141846,909683
"CAN","Canaan Inc. - American Depositary Shares","2021-10-08 10:30:00-04:00",6.690000057220459,6.701200008392334,6.610000133514404,6.630000114440918,6.630000114440918,332791
"CAN","Canaan Inc. - American Depositary Shares","2021-10-08 11:30:00-04:00",6.619999885559082,6.619999885559082,6.480999946594238,6.505000114440918,6.505000114440918,357435
"CAN","Canaan Inc. - American Depositary Shares","2021-10-08 12:30:00-04:00",6.505000114440918,6.559000015258789,6.46999979019165,6.474999904632568,6.474999904632568,213057
"CAN","Canaan Inc. - American Depositary Shares","2021-10-08 13:30:00-04:00",6.480000019073486,6.494999885559082,6.320000171661377,6.320000171661377,6.320000171661377,592525
"CAN","Canaan Inc. - American Depositary Shares","2021-10-08 14:30:00-04:00",6.329999923706055,6.340000152587891,6.235000133514404,6.320099830627441,6.320099830627441,962067
"CAN","Canaan Inc. - American Depositary Shares","2021-10-08 15:30:00-04:00",6.320000171661377,6.320000171661377,6.255000114440918,6.289999961853027,6.289999961853027,470926
"CAN","Canaan Inc. - American Depositary Shares","2021-10-08 16:00:00-04:00",6.28,6.33,6.26,6.3,6.3,0
"CAN","Canaan Inc. - American Depositary Shares","2021-10-08 17:00:00-04:00",6.3,6.3,6.26,6.3,6.3,0
"CAN","Canaan Inc. - American Depositary Shares","2021-10-08 18:00:00-04:00",6.3,6.3,6.25,6.28,6.28,0
"CAN","Canaan Inc. - American Depositary Shares","2021-10-08 19:00:00-04:00",6.28,6.28,6.25,6.26,6.26,0
"CAN","Canaan Inc. - American Depositary Shares","2021-10-11 04:00:00-04:00",6.45,6.45,6.38,6.38,6.38,0
"CAN","Canaan Inc. - American Depositary Shares","2021-10-11 05:00:00-04:00",6.39,6.44,6.38,6.42,6.42,0
"CAN","Canaan Inc. - American Depositary Shares","2021-10-11 06:00:00-04:00",6.42,6.42,6.39,6.39,6.39,0
"CAN","Canaan Inc. - American Depositary Shares","2021-10-11 07:00:00-04:00",6.39,6.41,6.39,6.4,6.4,0
"CAN","Canaan Inc. - American Depositary Shares","2021-10-11 08:00:00-04:00",6.41,6.43,6.35,6.37,6.37,0
"CAN","Canaan Inc. - American Depositary Shares","2021-10-11 09:00:00-04:00",6.35,6.45,6.33,6.44,6.44,0
"CAN","Canaan Inc. - American Depositary Shares","2021-10-11 09:30:00-04:00",6.400000095367432,6.71999979019165,6.400000095367432,6.610000133514404,6.610000133514404,2425112
"CAN","Canaan Inc. - American Depositary Shares","2021-10-11 10:30:00-04:00",6.605000019073486,6.809999942779541,6.579999923706055,6.789999961853027,6.789999961853027,1986721
"CAN","Canaan Inc. - American Depositary Shares","2021-10-11 11:30:00-04:00",6.790999889373779,6.809999942779541,6.699999809265137,6.760000228881836,6.760000228881836,571020
"CAN","Canaan Inc. - American Depositary Shares","2021-10-11 12:30:00-04:00",6.758500099182129,6.758500099182129,6.639999866485596,6.656199932098389,6.656199932098389,446015
"CAN","Canaan Inc. - American Depositary Shares","2021-10-11 13:30:00-04:00",6.650100231170654,6.699999809265137,6.610000133514404,6.644999980926514,6.644999980926514,323106
"CAN","Canaan Inc. - American Depositary Shares","2021-10-11 14:30:00-04:00",6.650000095367432,6.795000076293945,6.639999866485596,6.739699840545654,6.739699840545654,458104
"CAN","Canaan Inc. - American Depositary Shares","2021-10-11 15:30:00-04:00",6.735000133514404,6.75,6.699999809265137,6.710000038146973,6.710000038146973,563200
"CAN","Canaan Inc. - American Depositary Shares","2021-10-11 16:00:00-04:00",6.72,6.72,6.64,6.72,6.72,0
"CAN","Canaan Inc. - American Depositary Shares","2021-10-11 17:00:00-04:00",6.72,6.72,6.64,6.7,6.7,0
"CAN","Canaan Inc. - American Depositary Shares","2021-10-11 18:00:00-04:00",6.7,6.7,6.66,6.69,6.69,0
"CAN","Canaan Inc. - American Depositary Shares","2021-10-11 19:00:00-04:00",6.66,6.69,6.64,6.64,6.64,0
"CAN","Canaan Inc. - American Depositary Shares","2021-10-12 04:00:00-04:00",6.72,6.72,6.6,6.6,6.6,0
"CAN","Canaan Inc. - American Depositary Shares","2021-10-12 05:00:00-04:00",6.65,6.72,6.63,6.72,6.72,0
"CAN","Canaan Inc. - American Depositary Shares","2021-10-12 06:00:00-04:00",6.71,6.71,6.65,6.69,6.69,0
"CAN","Canaan Inc. - American Depositary Shares","2021-10-12 07:00:00-04:00",6.65,6.68,6.62,6.65,6.65,0
"CAN","Canaan Inc. - American Depositary Shares","2021-10-12 08:00:00-04:00",6.63,6.69,6.6201,6.65,6.65,0
"CAN","Canaan Inc. - American Depositary Shares","2021-10-12 09:00:00-04:00",6.65,6.67,6.6,6.67,6.67,0
"CAN","Canaan Inc. - American Depositary Shares","2021-10-12 09:30:00-04:00",6.5,6.659999847412109,6.349999904632568,6.398200035095215,6.398200035095215,1364877
"CAN","Canaan Inc. - American Depositary Shares","2021-10-12 10:30:00-04:00",6.39900016784668,6.449999809265137,6.320000171661377,6.340000152587891,6.340000152587891,658227
"CAN","Canaan Inc. - American Depositary Shares","2021-10-12 11:30:00-04:00",6.340099811553955,6.369999885559082,6.304299831390381,6.317999839782715,6.317999839782715,250120
"CAN","Canaan Inc. - American Depositary Shares","2021-10-12 12:30:00-04:00",6.317399978637695,6.318999767303467,6.269999980926514,6.304999828338623,6.304999828338623,273603
"CAN","Canaan Inc. - American Depositary Shares","2021-10-12 13:30:00-04:00",6.301199913024902,6.460000038146973,6.289999961853027,6.445000171661377,6.445000171661377,410456
"CAN","Canaan Inc. - American Depositary Shares","2021-10-12 14:30:00-04:00",6.445000171661377,6.480000019073486,6.409999847412109,6.429999828338623,6.429999828338623,235113
"CAN","Canaan Inc. - American Depositary Shares","2021-10-12 15:30:00-04:00",6.429999828338623,6.510000228881836,6.409999847412109,6.480000019073486,6.480000019073486,335494
"CAN","Canaan Inc. - American Depositary Shares","2021-10-12 16:00:00-04:00",6.47,6.49,6.4,6.42,6.42,0
"CAN","Canaan Inc. - American Depositary Shares","2021-10-12 17:00:00-04:00",6.42,6.48,6.42,6.48,6.48,0
"CAN","Canaan Inc. - American Depositary Shares","2021-10-12 18:00:00-04:00",6.47,6.47,6.47,6.47,6.47,0
"CAN","Canaan Inc. - American Depositary Shares","2021-10-12 19:00:00-04:00",6.43,6.47,6.43,6.45,6.45,0
"CAN","Canaan Inc. - American Depositary Shares","2021-10-13 04:00:00-04:00",6.3,6.3,6.3,6.3,6.3,0
"CAN","Canaan Inc. - American Depositary Shares","2021-10-13 05:00:00-04:00",6.39,6.4,6.28,6.33,6.33,0
"CAN","Canaan Inc. - American Depositary Shares","2021-10-13 07:00:00-04:00",6.31,6.38,6.3,6.35,6.35,0
"CAN","Canaan Inc. - American Depositary Shares","2021-10-13 08:00:00-04:00",6.33,6.45,6.3,6.4,6.4,0
"CAN","Canaan Inc. - American Depositary Shares","2021-10-13 09:00:00-04:00",6.42,6.43,6.3707,6.41,6.41,0
"CAN","Canaan Inc. - American Depositary Shares","2021-10-13 09:30:00-04:00",6.320000171661377,6.480000019073486,6.144999980926514,6.255000114440918,6.255000114440918,1136720
"CAN","Canaan Inc. - American Depositary Shares","2021-10-13 10:30:00-04:00",6.25,6.409999847412109,6.230000019073486,6.3480000495910645,6.3480000495910645,477295
"CAN","Canaan Inc. - American Depositary Shares","2021-10-13 11:30:00-04:00",6.340000152587891,6.400000095367432,6.300000190734863,6.355000019073486,6.355000019073486,230282
"CAN","Canaan Inc. - American Depositary Shares","2021-10-13 12:30:00-04:00",6.355000019073486,6.429999828338623,6.320099830627441,6.380000114440918,6.380000114440918,358746
"CAN","Canaan Inc. - American Depositary Shares","2021-10-13 13:30:00-04:00",6.3815999031066895,6.400000095367432,6.329999923706055,6.380000114440918,6.380000114440918,185651
"CAN","Canaan Inc. - American Depositary Shares","2021-10-13 14:30:00-04:00",6.380000114440918,6.390999794006348,6.309999942779541,6.317399978637695,6.317399978637695,524416
"CAN","Canaan Inc. - American Depositary Shares","2021-10-13 15:30:00-04:00",6.309999942779541,6.380000114440918,6.309999942779541,6.360000133514404,6.360000133514404,521424
"CAN","Canaan Inc. - American Depositary Shares","2021-10-13 16:00:00-04:00",6.38,6.39,6.35,6.38,6.38,0
"CAN","Canaan Inc. - American Depositary Shares","2021-10-13 17:00:00-04:00",6.38,6.39,6.35,6.39,6.39,0
"CAN","Canaan Inc. - American Depositary Shares","2021-10-13 18:00:00-04:00",6.4,6.4,6.37,6.37,6.37,0
"CAN","Canaan Inc. - American Depositary Shares","2021-10-13 19:00:00-04:00",6.42,6.42,6.36,6.36,6.36,0
"CAN","Canaan Inc. - American Depositary Shares","2021-10-14 04:00:00-04:00",6.37,6.37,6.36,6.36,6.36,0
"CAN","Canaan Inc. - American Depositary Shares","2021-10-14 05:00:00-04:00",6.42,6.49,6.4,6.4,6.4,0
"CAN","Canaan Inc. - American Depositary Shares","2021-10-14 06:00:00-04:00",6.43,6.45,6.4,6.4,6.4,0
"CAN","Canaan Inc. - American Depositary Shares","2021-10-14 07:00:00-04:00",6.42,6.47,6.4,6.45,6.45,0
"CAN","Canaan Inc. - American Depositary Shares","2021-10-14 08:00:00-04:00",6.47,6.52,6.4099,6.4899,6.4899,0
"CAN","Canaan Inc. - American Depositary Shares","2021-10-14 09:00:00-04:00",6.45,6.49,6.45,6.46,6.46,0
"CAN","Canaan Inc. - American Depositary Shares","2021-10-14 09:30:00-04:00",6.480000019073486,6.493400096893311,6.239999771118164,6.2480998039245605,6.2480998039245605,876758
"CAN","Canaan Inc. - American Depositary Shares","2021-10-14 10:30:00-04:00",6.239999771118164,6.28000020980835,6.210000038146973,6.255000114440918,6.255000114440918,680497
"CAN","Canaan Inc. - American Depositary Shares","2021-10-14 11:30:00-04:00",6.25,6.28000020980835,6.210000038146973,6.260000228881836,6.260000228881836,334485
"CAN","Canaan Inc. - American Depositary Shares","2021-10-14 12:30:00-04:00",6.268599987030029,6.320000171661377,6.264999866485596,6.295000076293945,6.295000076293945,210817
"CAN","Canaan Inc. - American Depositary Shares","2021-10-14 13:30:00-04:00",6.300000190734863,6.329999923706055,6.264999866485596,6.324999809265137,6.324999809265137,192750
"CAN","Canaan Inc. - American Depositary Shares","2021-10-14 14:30:00-04:00",6.320199966430664,6.409999847412109,6.320000171661377,6.324999809265137,6.324999809265137,329621
"CAN","Canaan Inc. - American Depositary Shares","2021-10-14 15:30:00-04:00",6.324999809265137,6.349999904632568,6.275000095367432,6.320000171661377,6.320000171661377,284162
"CAN","Canaan Inc. - American Depositary Shares","2021-10-14 16:00:00-04:00",6.32,6.36,6.27,6.34,6.34,0
"CAN","Canaan Inc. - American Depositary Shares","2021-10-14 17:00:00-04:00",6.33,6.35,6.33,6.35,6.35,0
"CAN","Canaan Inc. - American Depositary Shares","2021-10-14 18:00:00-04:00",6.27,6.35,6.27,6.29,6.29,0
"CAN","Canaan Inc. - American Depositary Shares","2021-10-14 19:00:00-04:00",6.31,6.32,6.3,6.3,6.3,0
"CAN","Canaan Inc. - American Depositary Shares","2021-10-15 04:00:00-04:00",6.45,6.68,6.45,6.68,6.68,0
"CAN","Canaan Inc. - American Depositary Shares","2021-10-15 05:00:00-04:00",6.65,6.68,6.5,6.56,6.56,0
"CAN","Canaan Inc. - American Depositary Shares","2021-10-15 06:00:00-04:00",6.56,6.59,6.53,6.55,6.55,0
"CAN","Canaan Inc. - American Depositary Shares","2021-10-15 07:00:00-04:00",6.55,6.56,6.47,6.47,6.47,0
"CAN","Canaan Inc. - American Depositary Shares","2021-10-15 08:00:00-04:00",6.49,6.53,6.45,6.48,6.48,0
"CAN","Canaan Inc. - American Depositary Shares","2021-10-15 09:00:00-04:00",6.48,6.49,6.42,6.46,6.46,0
"CAN","Canaan Inc. - American Depositary Shares","2021-10-15 09:30:00-04:00",6.409999847412109,6.699999809265137,6.409999847412109,6.505000114440918,6.505000114440918,1845145
"CAN","Canaan Inc. - American Depositary Shares","2021-10-15 10:30:00-04:00",6.510000228881836,6.550000190734863,6.420000076293945,6.440000057220459,6.440000057220459,976185
"CAN","Canaan Inc. - American Depositary Shares","2021-10-15 11:30:00-04:00",6.449999809265137,6.605000019073486,6.449999809265137,6.539999961853027,6.539999961853027,420758
"CAN","Canaan Inc. - American Depositary Shares","2021-10-15 12:30:00-04:00",6.537899971008301,6.598999977111816,6.46999979019165,6.46999979019165,6.46999979019165,378686
"CAN","Canaan Inc. - American Depositary Shares","2021-10-15 13:30:00-04:00",6.460000038146973,6.492700099945068,6.420000076293945,6.460000038146973,6.460000038146973,524163
"CAN","Canaan Inc. - American Depositary Shares","2021-10-15 14:30:00-04:00",6.468400001525879,6.489999771118164,6.340000152587891,6.34499979019165,6.34499979019165,682998
"CAN","Canaan Inc. - American Depositary Shares","2021-10-15 15:30:00-04:00",6.340000152587891,6.590000152587891,6.300000190734863,6.519999980926514,6.519999980926514,4486948
"CAN","Canaan Inc. - American Depositary Shares","2021-10-15 16:00:00-04:00",6.51,6.58,6.48,6.52,6.52,0
"CAN","Canaan Inc. - American Depositary Shares","2021-10-15 17:00:00-04:00",6.5,6.55,6.45,6.52,6.52,0
"CAN","Canaan Inc. - American Depositary Shares","2021-10-15 18:00:00-04:00",6.51,6.53,6.45,6.5,6.5,0
"CAN","Canaan Inc. - American Depositary Shares","2021-10-15 19:00:00-04:00",6.52,6.57,6.5,6.51,6.51,0
"CAN","Canaan Inc. - American Depositary Shares","2021-10-18 04:00:00-04:00",6.71,6.71,6.56,6.68,6.68,0
"CAN","Canaan Inc. - American Depositary Shares","2021-10-18 05:00:00-04:00",6.66,6.7,6.62,6.66,6.66,0
"CAN","Canaan Inc. - American Depositary Shares","2021-10-18 06:00:00-04:00",6.63,6.66,6.54,6.59,6.59,0
"CAN","Canaan Inc. - American Depositary Shares","2021-10-18 07:00:00-04:00",6.59,6.63,6.56,6.56,6.56,0
"CAN","Canaan Inc. - American Depositary Shares","2021-10-18 08:00:00-04:00",6.57,6.63,6.54,6.54,6.54,0
"CAN","Canaan Inc. - American Depositary Shares","2021-10-18 09:00:00-04:00",6.54,6.56,6.42,6.47,6.47,0
"CAN","Canaan Inc. - American Depositary Shares","2021-10-18 09:30:00-04:00",6.53000020980835,7.099999904632568,6.53000020980835,7.03000020980835,7.03000020980835,3443816
"CAN","Canaan Inc. - American Depositary Shares","2021-10-18 10:30:00-04:00",7.03000020980835,7.190000057220459,7.0,7.03000020980835,7.03000020980835,1589949
"CAN","Canaan Inc. - American Depositary Shares","2021-10-18 11:30:00-04:00",7.039999961853027,7.130000114440918,7.03000020980835,7.099100112915039,7.099100112915039,667844
"CAN","Canaan Inc. - American Depositary Shares","2021-10-18 12:30:00-04:00",7.099999904632568,7.110000133514404,7.010000228881836,7.099999904632568,7.099999904632568,477038
"CAN","Canaan Inc. - American Depositary Shares","2021-10-18 13:30:00-04:00",7.090000152587891,7.090000152587891,7.010000228881836,7.079999923706055,7.079999923706055,556642
"CAN","Canaan Inc. - American Depositary Shares","2021-10-18 14:30:00-04:00",7.070099830627441,7.110000133514404,6.71999979019165,6.739999771118164,6.739999771118164,2020853
"CAN","Canaan Inc. - American Depositary Shares","2021-10-18 15:30:00-04:00",6.739999771118164,6.809999942779541,6.579999923706055,6.610000133514404,6.610000133514404,1979795
"CAN","Canaan Inc. - American Depositary Shares","2021-10-18 16:00:00-04:00",6.6,6.75,6.6,6.68,6.68,0
"CAN","Canaan Inc. - American Depositary Shares","2021-10-18 17:00:00-04:00",6.73,6.73,6.67,6.67,6.67,0
"CAN","Canaan Inc. - American Depositary Shares","2021-10-18 18:00:00-04:00",6.67,6.71,6.67,6.7,6.7,0
"CAN","Canaan Inc. - American Depositary Shares","2021-10-18 19:00:00-04:00",6.76,6.83,6.69,6.82,6.82,0
"CAN","Canaan Inc. - American Depositary Shares","2021-10-19 04:00:00-04:00",6.82,6.85,6.61,6.7,6.7,0
"CAN","Canaan Inc. - American Depositary Shares","2021-10-19 05:00:00-04:00",6.8,6.82,6.7,6.75,6.75,0
"CAN","Canaan Inc. - American Depositary Shares","2021-10-19 06:00:00-04:00",6.81,6.98,6.81,6.93,6.93,0
"CAN","Canaan Inc. - American Depositary Shares","2021-10-19 07:00:00-04:00",6.88,6.93,6.8,6.86,6.86,0
"CAN","Canaan Inc. - American Depositary Shares","2021-10-19 08:00:00-04:00",6.89,6.93,6.81,6.81,6.81,0
"CAN","Canaan Inc. - American Depositary Shares","2021-10-19 09:00:00-04:00",6.81,6.81,6.73,6.79,6.79,0
"CAN","Canaan Inc. - American Depositary Shares","2021-10-19 09:30:00-04:00",6.699999809265137,7.039999961853027,6.550000190734863,6.909999847412109,6.909999847412109,2328315
"CAN","Canaan Inc. - American Depositary Shares","2021-10-19 10:30:00-04:00",6.900000095367432,7.150000095367432,6.900000095367432,7.118100166320801,7.118100166320801,1203516
"CAN","Canaan Inc. - American Depositary Shares","2021-10-19 11:30:00-04:00",7.115200042724609,7.380000114440918,7.105000019073486,7.380000114440918,7.380000114440918,1512392
"CAN","Canaan Inc. - American Depositary Shares","2021-10-19 12:30:00-04:00",7.375,7.409999847412109,7.25,7.349199771881103,7.349199771881103,906912
"CAN","Canaan Inc. - American Depositary Shares","2021-10-19 13:30:00-04:00",7.340000152587891,7.440000057220459,7.309999942779541,7.340000152587891,7.340000152587891,535177
"CAN","Canaan Inc. - American Depositary Shares","2021-10-19 14:30:00-04:00",7.34499979019165,7.429999828338623,7.264999866485596,7.414999961853027,7.414999961853027,383381
"CAN","Canaan Inc. - American Depositary Shares","2021-10-19 15:30:00-04:00",7.409999847412109,7.429999828338623,7.309999942779541,7.409999847412109,7.409999847412109,526542
"CAN","Canaan Inc. - American Depositary Shares","2021-10-19 16:00:00-04:00",7.39,7.43,7.31,7.41,7.41,0
"CAN","Canaan Inc. - American Depositary Shares","2021-10-19 17:00:00-04:00",7.42,7.43,7.36,7.39,7.39,0
"CAN","Canaan Inc. - American Depositary Shares","2021-10-19 18:00:00-04:00",7.38,7.43,7.37,7.39,7.39,0
"CAN","Canaan Inc. - American Depositary Shares","2021-10-19 19:00:00-04:00",7.39,7.45,7.39,7.45,7.45,0
"CAN","Canaan Inc. - American Depositary Shares","2021-10-20 04:00:00-04:00",7.47,7.7,7.42,7.69,7.69,0
"CAN","Canaan Inc. - American Depositary Shares","2021-10-20 05:00:00-04:00",7.69,7.74,7.6,7.6,7.6,0
"CAN","Canaan Inc. - American Depositary Shares","2021-10-20 06:00:00-04:00",7.59,7.68,7.57,7.6,7.6,0
"CAN","Canaan Inc. - American Depositary Shares","2021-10-20 07:00:00-04:00",7.65,7.67,7.5,7.53,7.53,0
"CAN","Canaan Inc. - American Depositary Shares","2021-10-20 08:00:00-04:00",7.55,7.665,7.41,7.55,7.55,0
"CAN","Canaan Inc. - American Depositary Shares","2021-10-20 09:00:00-04:00",7.55,7.64,7.45,7.52,7.52,0
"CAN","Canaan Inc. - American Depositary Shares","2021-10-20 09:30:00-04:00",7.5,8.199999809265137,7.460000038146973,8.121100425720215,8.121100425720215,4823022
"CAN","Canaan Inc. - American Depositary Shares","2021-10-20 10:30:00-04:00",8.128000259399414,8.770000457763672,8.119999885559082,8.71500015258789,8.71500015258789,6937438
"CAN","Canaan Inc. - American Depositary Shares","2021-10-20 11:30:00-04:00",8.71500015258789,9.079999923706056,8.660200119018555,8.68120002746582,8.68120002746582,4735643
"CAN","Canaan Inc. - American Depositary Shares","2021-10-20 12:30:00-04:00",8.689299583435059,8.739999771118164,8.430000305175781,8.699999809265137,8.699999809265137,2314101
"CAN","Canaan Inc. - American Depositary Shares","2021-10-20 13:30:00-04:00",8.699899673461914,8.779999732971191,8.59000015258789,8.71500015258789,8.71500015258789,1599372
"CAN","Canaan Inc. - American Depositary Shares","2021-10-20 14:30:00-04:00",8.710000038146973,8.859999656677246,8.619999885559082,8.700900077819824,8.700900077819824,1279243
"CAN","Canaan Inc. - American Depositary Shares","2021-10-20 15:30:00-04:00",8.699999809265137,8.779999732971191,8.630000114440918,8.71500015258789,8.71500015258789,1136753
"CAN","Canaan Inc. - American Depositary Shares","2021-10-20 16:00:00-04:00",8.72,8.75,8.52,8.5401,8.5401,0
"CAN","Canaan Inc. - American Depositary Shares","2021-10-20 17:00:00-04:00",8.55,8.75,8.54,8.64,8.64,0
"CAN","Canaan Inc. - American Depositary Shares","2021-10-20 18:00:00-04:00",8.59,8.72,8.57,8.61,8.61,0
"CAN","Canaan Inc. - American Depositary Shares","2021-10-20 19:00:00-04:00",8.67,8.87,8.6,8.86,8.86,0
"CAN","Canaan Inc. - American Depositary Shares","2021-10-21 04:00:00-04:00",8.6,8.86,8.52,8.65,8.65,0
"CAN","Canaan Inc. - American Depositary Shares","2021-10-21 05:00:00-04:00",8.66,8.83,8.66,8.83,8.83,0
"CAN","Canaan Inc. - American Depositary Shares","2021-10-21 06:00:00-04:00",8.83,8.84,8.73,8.77,8.77,0
"CAN","Canaan Inc. - American Depositary Shares","2021-10-21 07:00:00-04:00",8.79,8.83,8.73,8.79,8.79,0
"CAN","Canaan Inc. - American Depositary Shares","2021-10-21 08:00:00-04:00",8.78,8.83,8.4,8.52,8.52,0
"CAN","Canaan Inc. - American Depositary Shares","2021-10-21 09:00:00-04:00",8.52,8.58,8.35,8.5,8.5,0
"CAN","Canaan Inc. - American Depositary Shares","2021-10-21 09:30:00-04:00",8.537199974060059,8.6899995803833,8.0,8.020000457763672,8.020000457763672,4151624
"CAN","Canaan Inc. - American Depositary Shares","2021-10-21 10:30:00-04:00",8.010000228881836,8.470000267028809,8.000100135803223,8.3100004196167,8.3100004196167,1972497
"CAN","Canaan Inc. - American Depositary Shares","2021-10-21 11:30:00-04:00",8.3100004196167,8.529999732971191,8.204999923706055,8.510000228881836,8.510000228881836,1194954
"CAN","Canaan Inc. - American Depositary Shares","2021-10-21 12:30:00-04:00",8.515000343322754,8.729999542236328,8.5,8.580100059509277,8.580100059509277,660463
"CAN","Canaan Inc. - American Depositary Shares","2021-10-21 13:30:00-04:00",8.589799880981445,8.630000114440918,8.4350004196167,8.5600004196167,8.5600004196167,497793
"CAN","Canaan Inc. - American Depositary Shares","2021-10-21 14:30:00-04:00",8.5649995803833,8.739999771118164,8.550000190734863,8.670000076293945,8.670000076293945,448891
"CAN","Canaan Inc. - American Depositary Shares","2021-10-21 15:30:00-04:00",8.67300033569336,8.699999809265137,8.630000114440918,8.6899995803833,8.6899995803833,402498
"CAN","Canaan Inc. - American Depositary Shares","2021-10-21 16:00:00-04:00",8.68,8.69,8.59,8.61,8.61,0
"CAN","Canaan Inc. - American Depositary Shares","2021-10-21 17:00:00-04:00",8.61,8.65,8.5,8.56,8.56,0
"CAN","Canaan Inc. - American Depositary Shares","2021-10-21 18:00:00-04:00",8.51,8.51,8.45,8.46,8.46,0
"CAN","Canaan Inc. - American Depositary Shares","2021-10-21 19:00:00-04:00",8.45,8.61,8.45,8.5,8.5,0
"CAN","Canaan Inc. - American Depositary Shares","2021-10-22 04:00:00-04:00",8.6,8.75,8.42,8.61,8.61,0
"CAN","Canaan Inc. - American Depositary Shares","2021-10-22 05:00:00-04:00",8.61,8.66,8.51,8.51,8.51,0
"CAN","Canaan Inc. - American Depositary Shares","2021-10-22 06:00:00-04:00",8.51,8.56,8.51,8.55,8.55,0
"CAN","Canaan Inc. - American Depositary Shares","2021-10-22 07:00:00-04:00",8.52,8.61,8.43,8.54,8.54,0
"CAN","Canaan Inc. - American Depositary Shares","2021-10-22 08:00:00-04:00",8.45,8.62,8.4,8.5,8.5,0
"CAN","Canaan Inc. - American Depositary Shares","2021-10-22 09:00:00-04:00",8.53,8.68,8.46,8.6,8.6,0
"CAN","Canaan Inc. - American Depositary Shares","2021-10-22 09:30:00-04:00",8.569999694824219,8.59000015258789,8.170000076293945,8.380000114440918,8.380000114440918,1322899
"CAN","Canaan Inc. - American Depositary Shares","2021-10-22 10:30:00-04:00",8.380000114440918,8.449999809265137,8.149999618530273,8.168000221252441,8.168000221252441,801928
"CAN","Canaan Inc. - American Depositary Shares","2021-10-22 11:30:00-04:00",8.15999984741211,8.180899620056152,8.029999732971191,8.149999618530273,8.149999618530273,1166872
"CAN","Canaan Inc. - American Depositary Shares","2021-10-22 12:30:00-04:00",8.140000343322754,8.15999984741211,8.069999694824219,8.130000114440918,8.130000114440918,392138
"CAN","Canaan Inc. - American Depositary Shares","2021-10-22 13:30:00-04:00",8.130000114440918,8.15999984741211,8.039999961853027,8.085000038146973,8.085000038146973,302421
"CAN","Canaan Inc. - American Depositary Shares","2021-10-22 14:30:00-04:00",8.079999923706055,8.140000343322754,8.029999732971191,8.085000038146973,8.085000038146973,258605
"CAN","Canaan Inc. - American Depositary Shares","2021-10-22 15:30:00-04:00",8.085000038146973,8.1899995803833,8.079999923706055,8.15999984741211,8.15999984741211,374603
"CAN","Canaan Inc. - American Depositary Shares","2021-10-22 16:00:00-04:00",8.15,8.23,8.15,8.17,8.17,0
"CAN","Canaan Inc. - American Depositary Shares","2021-10-22 17:00:00-04:00",8.2,8.2,8.16,8.2,8.2,0
"CAN","Canaan Inc. - American Depositary Shares","2021-10-22 18:00:00-04:00",8.16,8.19,8.16,8.16,8.16,0
"CAN","Canaan Inc. - American Depositary Shares","2021-10-22 19:00:00-04:00",8.15,8.16,8.09,8.13,8.13,0
"CAN","Canaan Inc. - American Depositary Shares","2021-10-25 04:00:00-04:00",8.15,8.45,8.15,8.43,8.43,0
"CAN","Canaan Inc. - American Depositary Shares","2021-10-25 05:00:00-04:00",8.43,8.44,8.34,8.34,8.34,0
"CAN","Canaan Inc. - American Depositary Shares","2021-10-25 06:00:00-04:00",8.34,8.38,8.34,8.36,8.36,0
"CAN","Canaan Inc. - American Depositary Shares","2021-10-25 07:00:00-04:00",8.37,8.38,8.32,8.37,8.37,0
"CAN","Canaan Inc. - American Depositary Shares","2021-10-25 08:00:00-04:00",8.33,8.39,8.32,8.32,8.32,0
"CAN","Canaan Inc. - American Depositary Shares","2021-10-25 09:00:00-04:00",8.32,8.35,8.25,8.32,8.32,0
"CAN","Canaan Inc. - American Depositary Shares","2021-10-25 09:30:00-04:00",8.390000343322754,9.270000457763672,8.369999885559082,9.121399879455566,9.121399879455566,2859404
"CAN","Canaan Inc. - American Depositary Shares","2021-10-25 10:30:00-04:00",9.119999885559082,9.219900131225586,8.895000457763672,9.038999557495115,9.038999557495115,1831549
"CAN","Canaan Inc. - American Depositary Shares","2021-10-25 11:30:00-04:00",9.030099868774414,9.210000038146973,8.989999771118164,9.170000076293944,9.170000076293944,1268798
"CAN","Canaan Inc. - American Depositary Shares","2021-10-25 12:30:00-04:00",9.18000030517578,9.300000190734863,9.0,9.06999969482422,9.06999969482422,1058107
"CAN","Canaan Inc. - American Depositary Shares","2021-10-25 13:30:00-04:00",9.071000099182127,9.18000030517578,9.029999732971191,9.151100158691406,9.151100158691406,445687
"CAN","Canaan Inc. - American Depositary Shares","2021-10-25 14:30:00-04:00",9.15999984741211,9.260000228881836,9.109999656677246,9.221500396728516,9.221500396728516,466216
"CAN","Canaan Inc. - American Depositary Shares","2021-10-25 15:30:00-04:00",9.225000381469728,9.260000228881836,9.140000343322754,9.25,9.25,781277
"CAN","Canaan Inc. - American Depositary Shares","2021-10-25 16:00:00-04:00",9.25,9.29,9.23,9.27,9.27,0
"CAN","Canaan Inc. - American Depositary Shares","2021-10-25 17:00:00-04:00",9.25,9.3,9.25,9.27,9.27,0
"CAN","Canaan Inc. - American Depositary Shares","2021-10-25 18:00:00-04:00",9.25,9.29,9.25,9.27,9.27,0
"CAN","Canaan Inc. - American Depositary Shares","2021-10-25 19:00:00-04:00",9.27,9.36,9.27,9.35,9.35,0
"CAN","Canaan Inc. - American Depositary Shares","2021-10-26 04:00:00-04:00",9.31,9.49,9.17,9.44,9.44,0
"CAN","Canaan Inc. - American Depositary Shares","2021-10-26 05:00:00-04:00",9.46,9.54,9.4,9.49,9.49,0
"CAN","Canaan Inc. - American Depositary Shares","2021-10-26 06:00:00-04:00",9.49,9.49,9.38,9.38,9.38,0
"CAN","Canaan Inc. - American Depositary Shares","2021-10-26 07:00:00-04:00",9.38,9.44,9.36,9.37,9.37,0
"CAN","Canaan Inc. - American Depositary Shares","2021-10-26 08:00:00-04:00",9.37,9.45,9.31,9.31,9.31,0
"CAN","Canaan Inc. - American Depositary Shares","2021-10-26 09:00:00-04:00",9.31,9.37,9.25,9.31,9.31,0
"CAN","Canaan Inc. - American Depositary Shares","2021-10-26 09:30:00-04:00",9.260000228881836,9.333700180053713,8.625,8.670000076293945,8.670000076293945,1816209
"CAN","Canaan Inc. - American Depositary Shares","2021-10-26 10:30:00-04:00",8.664999961853027,9.100000381469728,8.620800018310547,9.01010036468506,9.01010036468506,1042564
"CAN","Canaan Inc. - American Depositary Shares","2021-10-26 11:30:00-04:00",9.020000457763672,9.149999618530272,8.96500015258789,9.095000267028809,9.095000267028809,710652
"CAN","Canaan Inc. - American Depositary Shares","2021-10-26 12:30:00-04:00",9.100000381469728,9.100000381469728,8.850000381469727,8.912699699401855,8.912699699401855,668584
"CAN","Canaan Inc. - American Depositary Shares","2021-10-26 13:30:00-04:00",8.914999961853027,8.970000267028809,8.880000114440918,8.9399995803833,8.9399995803833,301549
"CAN","Canaan Inc. - American Depositary Shares","2021-10-26 14:30:00-04:00",8.949999809265137,9.0,8.885000228881836,8.920000076293945,8.920000076293945,302846
"CAN","Canaan Inc. - American Depositary Shares","2021-10-26 15:30:00-04:00",8.920000076293945,8.960000038146973,8.899999618530273,8.90999984741211,8.90999984741211,255919
"CAN","Canaan Inc. - American Depositary Shares","2021-10-26 16:00:00-04:00",8.91,8.92,8.86,8.91,8.91,0
"CAN","Canaan Inc. - American Depositary Shares","2021-10-26 17:00:00-04:00",8.86,8.95,8.8,8.8,8.8,0
"CAN","Canaan Inc. - American Depositary Shares","2021-10-26 18:00:00-04:00",8.81,8.88,8.7,8.71,8.71,0
"CAN","Canaan Inc. - American Depositary Shares","2021-10-26 19:00:00-04:00",8.71,8.75,8.68,8.7,8.7,0
"CAN","Canaan Inc. - American Depositary Shares","2021-10-27 04:00:00-04:00",8.68,8.68,8.26,8.37,8.37,0
"CAN","Canaan Inc. - American Depositary Shares","2021-10-27 05:00:00-04:00",8.36,8.46,8.35,8.36,8.36,0
"CAN","Canaan Inc. - American Depositary Shares","2021-10-27 06:00:00-04:00",8.37,8.4,8.31,8.36,8.36,0
"CAN","Canaan Inc. - American Depositary Shares","2021-10-27 07:00:00-04:00",8.36,8.36,8.21,8.33,8.33,0
"CAN","Canaan Inc. - American Depositary Shares","2021-10-27 08:00:00-04:00",8.32,8.33,8.27,8.3299,8.3299,0
"CAN","Canaan Inc. - American Depositary Shares","2021-10-27 09:00:00-04:00",8.33,8.38,8.29,8.34,8.34,0
"CAN","Canaan Inc. - American Depositary Shares","2021-10-27 09:30:00-04:00",8.3100004196167,8.59000015258789,8.229999542236328,8.500100135803223,8.500100135803223,1424779
"CAN","Canaan Inc. - American Depositary Shares","2021-10-27 10:30:00-04:00",8.489999771118164,8.770000457763672,8.454999923706055,8.6899995803833,8.6899995803833,644029
"CAN","Canaan Inc. - American Depositary Shares","2021-10-27 11:30:00-04:00",8.680000305175781,8.720000267028809,8.574999809265137,8.670000076293945,8.670000076293945,414263
"CAN","Canaan Inc. - American Depositary Shares","2021-10-27 12:30:00-04:00",8.670000076293945,8.760000228881836,8.59000015258789,8.739999771118164,8.739999771118164,306862
"CAN","Canaan Inc. - American Depositary Shares","2021-10-27 13:30:00-04:00",8.749099731445312,8.779999732971191,8.720000267028809,8.729999542236328,8.729999542236328,309018
"CAN","Canaan Inc. - American Depositary Shares","2021-10-27 14:30:00-04:00",8.722599983215332,8.765000343322754,8.489999771118164,8.5,8.5,451008
"CAN","Canaan Inc. - American Depositary Shares","2021-10-27 15:30:00-04:00",8.5,8.5600004196167,8.430000305175781,8.430000305175781,8.430000305175781,551211
"CAN","Canaan Inc. - American Depositary Shares","2021-10-27 16:00:00-04:00",8.43,8.59,8.43,8.5,8.5,0
"CAN","Canaan Inc. - American Depositary Shares","2021-10-27 17:00:00-04:00",8.55,8.55,8.49,8.49,8.49,0
"CAN","Canaan Inc. - American Depositary Shares","2021-10-27 18:00:00-04:00",8.5,8.5,8.32,8.38,8.38,0
"CAN","Canaan Inc. - American Depositary Shares","2021-10-27 19:00:00-04:00",8.37,8.49,8.33,8.33,8.33,0
"CAN","Canaan Inc. - American Depositary Shares","2021-10-28 04:00:00-04:00",8.33,8.54,8.33,8.43,8.43,0
"CAN","Canaan Inc. - American Depositary Shares","2021-10-28 05:00:00-04:00",8.51,8.64,8.46,8.59,8.59,0
"CAN","Canaan Inc. - American Depositary Shares","2021-10-28 06:00:00-04:00",8.6,8.63,8.57,8.61,8.61,0
"CAN","Canaan Inc. - American Depositary Shares","2021-10-28 07:00:00-04:00",8.61,8.68,8.6,8.61,8.61,0
"CAN","Canaan Inc. - American Depositary Shares","2021-10-28 08:00:00-04:00",8.64,8.69,8.6199,8.68,8.68,0
"CAN","Canaan Inc. - American Depositary Shares","2021-10-28 09:00:00-04:00",8.62,8.69,8.53,8.53,8.53,0
"CAN","Canaan Inc. - American Depositary Shares","2021-10-28 09:30:00-04:00",8.550000190734863,9.039999961853027,8.520000457763672,8.8100004196167,8.8100004196167,1338469
"CAN","Canaan Inc. - American Depositary Shares","2021-10-28 10:30:00-04:00",8.800000190734863,8.920000076293945,8.765000343322754,8.880000114440918,8.880000114440918,496306
"CAN","Canaan Inc. - American Depositary Shares","2021-10-28 11:30:00-04:00",8.890000343322754,8.890000343322754,8.670000076293945,8.725000381469727,8.725000381469727,462034
"CAN","Canaan Inc. - American Depositary Shares","2021-10-28 12:30:00-04:00",8.729999542236328,8.819999694824219,8.65999984741211,8.670000076293945,8.670000076293945,273641
"CAN","Canaan Inc. - American Depositary Shares","2021-10-28 13:30:00-04:00",8.670000076293945,8.720000267028809,8.609999656677246,8.640000343322754,8.640000343322754,370358
"CAN","Canaan Inc. - American Depositary Shares","2021-10-28 14:30:00-04:00",8.630800247192383,8.704999923706055,8.529999732971191,8.694999694824219,8.694999694824219,480447
"CAN","Canaan Inc. - American Depositary Shares","2021-10-28 15:30:00-04:00",8.694999694824219,8.850000381469727,8.6899995803833,8.850000381469727,8.850000381469727,458429
"CAN","Canaan Inc. - American Depositary Shares","2021-10-28 16:00:00-04:00",8.85,8.95,8.72,8.85,8.85,0
"CAN","Canaan Inc. - American Depositary Shares","2021-10-28 17:00:00-04:00",8.82,8.84,8.78,8.8,8.8,0
"CAN","Canaan Inc. - American Depositary Shares","2021-10-28 18:00:00-04:00",8.8,8.8,8.75,8.7501,8.7501,0
"CAN","Canaan Inc. - American Depositary Shares","2021-10-28 19:00:00-04:00",8.75,8.8,8.75,8.8,8.8,0
"CAN","Canaan Inc. - American Depositary Shares","2021-10-29 04:00:00-04:00",8.95,8.95,8.81,8.82,8.82,0
"CAN","Canaan Inc. - American Depositary Shares","2021-10-29 05:00:00-04:00",8.81,8.84,8.81,8.81,8.81,0
"CAN","Canaan Inc. - American Depositary Shares","2021-10-29 06:00:00-04:00",8.82,8.82,8.77,8.77,8.77,0
"CAN","Canaan Inc. - American Depositary Shares","2021-10-29 07:00:00-04:00",8.79,9.2,8.77,8.82,8.82,0
"CAN","Canaan Inc. - American Depositary Shares","2021-10-29 08:00:00-04:00",8.83,9.2,8.78,8.89,8.89,0
"CAN","Canaan Inc. - American Depositary Shares","2021-10-29 09:00:00-04:00",8.84,8.88,8.76,8.8,8.8,0
"CAN","Canaan Inc. - American Depositary Shares","2021-10-29 09:30:00-04:00",8.760000228881836,8.969900131225586,8.610699653625488,8.659899711608887,8.659899711608887,844099
"CAN","Canaan Inc. - American Depositary Shares","2021-10-29 10:30:00-04:00",8.659899711608887,8.829999923706055,8.659899711608887,8.800000190734863,8.800000190734863,356567
"CAN","Canaan Inc. - American Depositary Shares","2021-10-29 11:30:00-04:00",8.804499626159668,8.960000038146973,8.797900199890137,8.883999824523926,8.883999824523926,485847
"CAN","Canaan Inc. - American Depositary Shares","2021-10-29 12:30:00-04:00",8.880000114440918,8.880399703979492,8.699999809265137,8.704999923706055,8.704999923706055,336531
"CAN","Canaan Inc. - American Depositary Shares","2021-10-29 13:30:00-04:00",8.710000038146973,8.729999542236328,8.60099983215332,8.602399826049805,8.602399826049805,325606
"CAN","Canaan Inc. - American Depositary Shares","2021-10-29 14:30:00-04:00",8.604999542236328,8.664999961853027,8.574999809265137,8.654999732971191,8.654999732971191,214349
"CAN","Canaan Inc. - American Depositary Shares","2021-10-29 15:30:00-04:00",8.649999618530273,8.679699897766113,8.569999694824219,8.569999694824219,8.569999694824219,682849
"CAN","Canaan Inc. - American Depositary Shares","2021-10-29 16:00:00-04:00",8.57,8.7,8.57,8.63,8.63,0
"CAN","Canaan Inc. - American Depositary Shares","2021-10-29 17:00:00-04:00",8.69,8.69,8.63,8.64,8.64,0
"CAN","Canaan Inc. - American Depositary Shares","2021-10-29 18:00:00-04:00",8.63,8.64,8.63,8.63,8.63,0
"CAN","Canaan Inc. - American Depositary Shares","2021-10-29 19:00:00-04:00",8.66,8.66,8.63,8.66,8.66,0
"CAN","Canaan Inc. - American Depositary Shares","2021-11-01 04:00:00-04:00",8.6,8.6,8.51,8.56,8.56,0
"CAN","Canaan Inc. - American Depositary Shares","2021-11-01 05:00:00-04:00",8.56,8.83,8.56,8.65,8.65,0
"CAN","Canaan Inc. - American Depositary Shares","2021-11-01 06:00:00-04:00",8.65,8.66,8.61,8.65,8.65,0
"CAN","Canaan Inc. - American Depositary Shares","2021-11-01 07:00:00-04:00",8.7,8.76,8.7,8.71,8.71,0
"CAN","Canaan Inc. - American Depositary Shares","2021-11-01 08:00:00-04:00",8.7,8.78,8.67,8.74,8.74,0
"CAN","Canaan Inc. - American Depositary Shares","2021-11-01 09:00:00-04:00",8.7301,8.77,8.69,8.71,8.71,0
"CAN","Canaan Inc. - American Depositary Shares","2021-11-01 09:30:00-04:00",8.733799934387207,9.520000457763672,8.59000015258789,9.359999656677246,9.359999656677246,2509137
"CAN","Canaan Inc. - American Depositary Shares","2021-11-01 10:30:00-04:00",9.362700462341309,9.4399995803833,9.199999809265137,9.255000114440918,9.255000114440918,743872
"CAN","Canaan Inc. - American Depositary Shares","2021-11-01 11:30:00-04:00",9.260000228881836,9.31999969482422,9.079999923706056,9.119999885559082,9.119999885559082,476656
"CAN","Canaan Inc. - American Depositary Shares","2021-11-01 12:30:00-04:00",9.114999771118164,9.149999618530272,8.975000381469727,9.050100326538086,9.050100326538086,554074
"CAN","Canaan Inc. - American Depositary Shares","2021-11-01 13:30:00-04:00",9.039999961853027,9.137900352478027,8.989999771118164,9.130000114440918,9.130000114440918,322819
"CAN","Canaan Inc. - American Depositary Shares","2021-11-01 14:30:00-04:00",9.135000228881836,9.135000228881836,8.84000015258789,8.84000015258789,8.84000015258789,818412
"CAN","Canaan Inc. - American Depositary Shares","2021-11-01 15:30:00-04:00",8.84000015258789,8.989999771118164,8.8100004196167,8.949999809265137,8.949999809265137,809520
"CAN","Canaan Inc. - American Depositary Shares","2021-11-01 16:00:00-04:00",8.95,8.98,8.91,8.96,8.96,0
"CAN","Canaan Inc. - American Depositary Shares","2021-11-01 17:00:00-04:00",8.97,9.03,8.92,9.03,9.03,0
"CAN","Canaan Inc. - American Depositary Shares","2021-11-01 18:00:00-04:00",9.03,9.04,8.97,8.99,8.99,0
"CAN","Canaan Inc. - American Depositary Shares","2021-11-01 19:00:00-04:00",9.02,9.02,8.97,9.0,9.0,0
"CAN","Canaan Inc. - American Depositary Shares","2021-11-02 04:00:00-04:00",9.0,9.0,8.91,8.95,8.95,0
"CAN","Canaan Inc. - American Depositary Shares","2021-11-02 05:00:00-04:00",8.94,8.95,8.89,8.89,8.89,0
"CAN","Canaan Inc. - American Depositary Shares","2021-11-02 06:00:00-04:00",8.89,9.15,8.89,9.13,9.13,0
"CAN","Canaan Inc. - American Depositary Shares","2021-11-02 07:00:00-04:00",9.13,9.27,9.12,9.22,9.22,0
"CAN","Canaan Inc. - American Depositary Shares","2021-11-02 08:00:00-04:00",9.21,9.29,9.07,9.19,9.19,0
"CAN","Canaan Inc. - American Depositary Shares","2021-11-02 09:00:00-04:00",9.15,9.23,9.07,9.23,9.23,0
"CAN","Canaan Inc. - American Depositary Shares","2021-11-02 09:30:00-04:00",9.1850004196167,9.279999732971191,8.479999542236328,8.600000381469727,8.600000381469727,2894822
"CAN","Canaan Inc. - American Depositary Shares","2021-11-02 10:30:00-04:00",8.595000267028809,8.899999618530273,8.579999923706055,8.800100326538086,8.800100326538086,772168
"CAN","Canaan Inc. - American Depositary Shares","2021-11-02 11:30:00-04:00",8.800000190734863,8.970000267028809,8.694999694824219,8.699999809265137,8.699999809265137,690601
"CAN","Canaan Inc. - American Depositary Shares","2021-11-02 12:30:00-04:00",8.704999923706055,8.895000457763672,8.649999618530273,8.84000015258789,8.84000015258789,924671
"CAN","Canaan Inc. - American Depositary Shares","2021-11-02 13:30:00-04:00",8.829999923706055,8.984999656677246,8.8100004196167,8.91100025177002,8.91100025177002,1078235
"CAN","Canaan Inc. - American Depositary Shares","2021-11-02 14:30:00-04:00",8.90999984741211,9.324999809265137,8.899999618530273,9.31999969482422,9.31999969482422,1497552
"CAN","Canaan Inc. - American Depositary Shares","2021-11-02 15:30:00-04:00",9.31999969482422,9.43000030517578,9.140000343322754,9.199999809265137,9.199999809265137,966943
"CAN","Canaan Inc. - American Depositary Shares","2021-11-02 16:00:00-04:00",9.2,9.21,9.1,9.16,9.16,0
"CAN","Canaan Inc. - American Depositary Shares","2021-11-02 17:00:00-04:00",9.15,9.16,9.11,9.12,9.12,0
"CAN","Canaan Inc. - American Depositary Shares","2021-11-02 18:00:00-04:00",9.18,9.18,9.11,9.17,9.17,0
"CAN","Canaan Inc. - American Depositary Shares","2021-11-02 19:00:00-04:00",9.12,9.16,9.08,9.08,9.08,0
"CAN","Canaan Inc. - American Depositary Shares","2021-11-03 04:00:00-04:00",9.2,9.2,9.01,9.02,9.02,0
"CAN","Canaan Inc. - American Depositary Shares","2021-11-03 06:00:00-04:00",9.06,9.15,9.05,9.15,9.15,0
"CAN","Canaan Inc. - American Depositary Shares","2021-11-03 07:00:00-04:00",9.16,9.2,9.06,9.14,9.14,0
"CAN","Canaan Inc. - American Depositary Shares","2021-11-03 08:00:00-04:00",9.14,9.1899,9.03,9.07,9.07,0
"CAN","Canaan Inc. - American Depositary Shares","2021-11-03 09:00:00-04:00",9.0501,9.15,8.9,9.11,9.11,0
"CAN","Canaan Inc. - American Depositary Shares","2021-11-03 09:30:00-04:00",8.954999923706055,9.239999771118164,8.789999961853027,8.979999542236328,8.979999542236328,1124244
"CAN","Canaan Inc. - American Depositary Shares","2021-11-03 10:30:00-04:00",8.970000267028809,9.020000457763672,8.744999885559082,8.829999923706055,8.829999923706055,777670
"CAN","Canaan Inc. - American Depositary Shares","2021-11-03 11:30:00-04:00",8.835000038146973,8.90999984741211,8.770000457763672,8.890000343322754,8.890000343322754,417827
"CAN","Canaan Inc. - American Depositary Shares","2021-11-03 12:30:00-04:00",8.890000343322754,8.899999618530273,8.744999885559082,8.829899787902832,8.829899787902832,340903
"CAN","Canaan Inc. - American Depositary Shares","2021-11-03 13:30:00-04:00",8.819999694824219,8.895000457763672,8.699999809265137,8.850000381469727,8.850000381469727,450678
"CAN","Canaan Inc. - American Depositary Shares","2021-11-03 14:30:00-04:00",8.850000381469727,9.130000114440918,8.8100004196167,9.108200073242188,9.108200073242188,895456
"CAN","Canaan Inc. - American Depositary Shares","2021-11-03 15:30:00-04:00",9.109999656677246,9.199999809265137,9.039999961853027,9.109999656677246,9.109999656677246,1046108
"CAN","Canaan Inc. - American Depositary Shares","2021-11-03 16:00:00-04:00",9.11,9.12,9.0,9.0,9.0,0
"CAN","Canaan Inc. - American Depositary Shares","2021-11-03 17:00:00-04:00",9.0,9.09,9.0,9.08,9.08,0
"CAN","Canaan Inc. - American Depositary Shares","2021-11-03 18:00:00-04:00",9.02,9.1,9.02,9.09,9.09,0
"CAN","Canaan Inc. - American Depositary Shares","2021-11-03 19:00:00-04:00",9.09,9.09,9.05,9.05,9.05,0
"CAN","Canaan Inc. - American Depositary Shares","2021-11-04 04:00:00-04:00",9.06,9.06,8.92,8.92,8.92,0
"CAN","Canaan Inc. - American Depositary Shares","2021-11-04 05:00:00-04:00",9.0,9.06,8.96,9.05,9.05,0
"CAN","Canaan Inc. - American Depositary Shares","2021-11-04 06:00:00-04:00",9.03,9.03,8.91,9.01,9.01,0
"CAN","Canaan Inc. - American Depositary Shares","2021-11-04 07:00:00-04:00",9.0,9.03,9.0,9.03,9.03,0
"CAN","Canaan Inc. - American Depositary Shares","2021-11-04 08:00:00-04:00",9.02,9.02,8.87,8.97,8.97,0
"CAN","Canaan Inc. - American Depositary Shares","2021-11-04 09:00:00-04:00",8.95,9.15,8.93,9.15,9.15,0
"CAN","Canaan Inc. - American Depositary Shares","2021-11-04 09:30:00-04:00",9.149999618530272,9.630000114440918,9.010000228881836,9.274999618530272,9.274999618530272,2260452
"CAN","Canaan Inc. - American Depositary Shares","2021-11-04 10:30:00-04:00",9.279999732971191,9.600000381469728,9.255000114440918,9.369999885559082,9.369999885559082,1032185
"CAN","Canaan Inc. - American Depositary Shares","2021-11-04 11:30:00-04:00",9.359999656677246,9.5600004196167,9.31999969482422,9.51990032196045,9.51990032196045,553246
"CAN","Canaan Inc. - American Depositary Shares","2021-11-04 12:30:00-04:00",9.520000457763672,9.68000030517578,9.460000038146973,9.55500030517578,9.55500030517578,595990
"CAN","Canaan Inc. - American Depositary Shares","2021-11-04 13:30:00-04:00",9.550000190734863,9.675999641418455,9.489999771118164,9.59000015258789,9.59000015258789,436418
"CAN","Canaan Inc. - American Depositary Shares","2021-11-04 14:30:00-04:00",9.585000038146973,9.640000343322754,9.43000030517578,9.529999732971191,9.529999732971191,369358
"CAN","Canaan Inc. - American Depositary Shares","2021-11-04 15:30:00-04:00",9.524999618530272,9.529999732971191,9.18000030517578,9.289999961853027,9.289999961853027,1909446
"CAN","Canaan Inc. - American Depositary Shares","2021-11-04 16:00:00-04:00",9.29,9.31,9.21,9.31,9.31,0
"CAN","Canaan Inc. - American Depositary Shares","2021-11-04 17:00:00-04:00",9.31,9.35,9.3,9.31,9.31,0
"CAN","Canaan Inc. - American Depositary Shares","2021-11-04 18:00:00-04:00",9.3,9.34,9.3,9.32,9.32,0
"CAN","Canaan Inc. - American Depositary Shares","2021-11-04 19:00:00-04:00",9.31,9.35,9.3,9.35,9.35,0
"CAN","Canaan Inc. - American Depositary Shares","2021-11-05 04:00:00-04:00",9.35,9.45,9.35,9.44,9.44,0
"CAN","Canaan Inc. - American Depositary Shares","2021-11-05 05:00:00-04:00",9.44,9.44,9.39,9.4,9.4,0
"CAN","Canaan Inc. - American Depositary Shares","2021-11-05 06:00:00-04:00",9.39,9.4,9.3,9.3,9.3,0
"CAN","Canaan Inc. - American Depositary Shares","2021-11-05 07:00:00-04:00",9.33,9.45,9.32,9.34,9.34,0
"CAN","Canaan Inc. - American Depositary Shares","2021-11-05 08:00:00-04:00",9.36,9.41,9.33,9.36,9.36,0
"CAN","Canaan Inc. - American Depositary Shares","2021-11-05 09:00:00-04:00",9.35,9.47,9.35,9.36,9.36,0
"CAN","Canaan Inc. - American Depositary Shares","2021-11-05 09:30:00-04:00",9.350000381469728,9.449999809265137,8.880000114440918,8.959199905395508,8.959199905395508,1594445
"CAN","Canaan Inc. - American Depositary Shares","2021-11-05 10:30:00-04:00",8.954999923706055,8.979999542236328,8.6899995803833,8.76200008392334,8.76200008392334,1405085
"CAN","Canaan Inc. - American Depositary Shares","2021-11-05 11:30:00-04:00",8.770000457763672,8.789999961853027,8.649999618530273,8.75,8.75,659362
"CAN","Canaan Inc. - American Depositary Shares","2021-11-05 12:30:00-04:00",8.739999771118164,8.805000305175781,8.680000305175781,8.6899995803833,8.6899995803833,422727
"CAN","Canaan Inc. - American Depositary Shares","2021-11-05 13:30:00-04:00",8.6899995803833,8.899999618530273,8.6899995803833,8.890000343322754,8.890000343322754,280733
"CAN","Canaan Inc. - American Depositary Shares","2021-11-05 14:30:00-04:00",8.880000114440918,8.920100212097168,8.720000267028809,8.854999542236328,8.854999542236328,490259
"CAN","Canaan Inc. - American Depositary Shares","2021-11-05 15:30:00-04:00",8.859999656677246,8.869999885559082,8.680000305175781,8.739999771118164,8.739999771118164,589590
"CAN","Canaan Inc. - American Depositary Shares","2021-11-05 16:00:00-04:00",8.73,8.86,8.69,8.77,8.77,0
"CAN","Canaan Inc. - American Depositary Shares","2021-11-05 17:00:00-04:00",8.75,8.78,8.71,8.74,8.74,0
"CAN","Canaan Inc. - American Depositary Shares","2021-11-05 18:00:00-04:00",8.75,8.75,8.7,8.75,8.75,0
"CAN","Canaan Inc. - American Depositary Shares","2021-11-05 19:00:00-04:00",8.75,8.76,8.71,8.76,8.76,0
"CAN","Canaan Inc. - American Depositary Shares","2021-11-08 04:00:00-05:00",9.0,9.7,8.81,9.31,9.31,0
"CAN","Canaan Inc. - American Depositary Shares","2021-11-08 05:00:00-05:00",9.28,9.32,9.22,9.29,9.29,0
"CAN","Canaan Inc. - American Depositary Shares","2021-11-08 06:00:00-05:00",9.28,9.3,9.25,9.25,9.25,0
"CAN","Canaan Inc. - American Depositary Shares","2021-11-08 07:00:00-05:00",9.28,9.32,9.14,9.18,9.18,0
"CAN","Canaan Inc. - American Depositary Shares","2021-11-08 08:00:00-05:00",9.2,9.31,9.15,9.24,9.24,0
"CAN","Canaan Inc. - American Depositary Shares","2021-11-08 09:00:00-05:00",9.24,9.25,9.16,9.19,9.19,0
"CAN","Canaan Inc. - American Depositary Shares","2021-11-08 09:30:00-05:00",9.170000076293944,9.710000038146973,9.149999618530272,9.56999969482422,9.56999969482422,2806140
"CAN","Canaan Inc. - American Depositary Shares","2021-11-08 10:30:00-05:00",9.56999969482422,9.869999885559082,9.550000190734863,9.770000457763672,9.770000457763672,1420956
"CAN","Canaan Inc. - American Depositary Shares","2021-11-08 11:30:00-05:00",9.779999732971191,10.0,9.729999542236328,9.984999656677246,9.984999656677246,1287442
"CAN","Canaan Inc. - American Depositary Shares","2021-11-08 12:30:00-05:00",9.98009967803955,10.380000114440918,9.98009967803955,10.350000381469728,10.350000381469728,1761004
"CAN","Canaan Inc. - American Depositary Shares","2021-11-08 13:30:00-05:00",10.350000381469728,10.449999809265137,10.210000038146973,10.34000015258789,10.34000015258789,926338
"CAN","Canaan Inc. - American Depositary Shares","2021-11-08 14:30:00-05:00",10.34000015258789,10.420000076293944,10.229999542236328,10.3149995803833,10.3149995803833,693901
"CAN","Canaan Inc. - American Depositary Shares","2021-11-08 15:30:00-05:00",10.3149995803833,10.31999969482422,10.140000343322754,10.28499984741211,10.28499984741211,940369
"CAN","Canaan Inc. - American Depositary Shares","2021-11-08 16:00:00-05:00",10.29,10.39,10.25,10.26,10.26,0
"CAN","Canaan Inc. - American Depositary Shares","2021-11-08 17:00:00-05:00",10.25,10.35,10.22,10.33,10.33,0
"CAN","Canaan Inc. - American Depositary Shares","2021-11-08 18:00:00-05:00",10.33,10.55,10.3,10.55,10.55,0
"CAN","Canaan Inc. - American Depositary Shares","2021-11-09 04:00:00-05:00",10.68,10.8,10.65,10.71,10.71,0
"CAN","Canaan Inc. - American Depositary Shares","2021-11-09 05:00:00-05:00",10.71,10.9,10.71,10.83,10.83,0
"CAN","Canaan Inc. - American Depositary Shares","2021-11-09 06:00:00-05:00",10.82,10.82,10.56,10.58,10.58,0
"CAN","Canaan Inc. - American Depositary Shares","2021-11-09 07:00:00-05:00",10.58,10.66,10.4,10.41,10.41,0
"CAN","Canaan Inc. - American Depositary Shares","2021-11-09 08:00:00-05:00",10.45,10.67,10.37,10.59,10.59,0
"CAN","Canaan Inc. - American Depositary Shares","2021-11-09 09:00:00-05:00",10.64,10.71,10.55,10.7,10.7,0
"CAN","Canaan Inc. - American Depositary Shares","2021-11-09 09:30:00-05:00",10.6899995803833,11.18000030517578,9.699999809265137,10.024999618530272,10.024999618530272,3982413
"CAN","Canaan Inc. - American Depositary Shares","2021-11-09 10:30:00-05:00",10.02929973602295,10.15999984741211,9.880000114440918,9.96500015258789,9.96500015258789,969191
"CAN","Canaan Inc. - American Depositary Shares","2021-11-09 11:30:00-05:00",9.96500015258789,10.09000015258789,9.890000343322754,9.994999885559082,9.994999885559082,422992
"CAN","Canaan Inc. - American Depositary Shares","2021-11-09 12:30:00-05:00",9.989999771118164,10.06999969482422,9.90999984741211,9.9399995803833,9.9399995803833,341115
"CAN","Canaan Inc. - American Depositary Shares","2021-11-09 13:30:00-05:00",9.93000030517578,10.029999732971191,9.859999656677246,10.010000228881836,10.010000228881836,265328
"CAN","Canaan Inc. - American Depositary Shares","2021-11-09 14:30:00-05:00",10.0,10.140000343322754,9.981499671936035,10.020000457763672,10.020000457763672,351332
"CAN","Canaan Inc. - American Depositary Shares","2021-11-09 15:30:00-05:00",10.020000457763672,10.100000381469728,9.989999771118164,10.06999969482422,10.06999969482422,424635
"CAN","Canaan Inc. - American Depositary Shares","2021-11-09 16:00:00-05:00",10.07,10.07,9.85,10.05,10.05,0
"CAN","Canaan Inc. - American Depositary Shares","2021-11-09 17:00:00-05:00",10.05,10.1,9.96,9.96,9.96,0
"CAN","Canaan Inc. - American Depositary Shares","2021-11-09 18:00:00-05:00",9.95,10.05,9.95,9.98,9.98,0
"CAN","Canaan Inc. - American Depositary Shares","2021-11-10 04:00:00-05:00",10.2,10.2,9.9,9.96,9.96,0
"CAN","Canaan Inc. - American Depositary Shares","2021-11-10 05:00:00-05:00",9.85,9.99,9.85,9.91,9.91,0
"CAN","Canaan Inc. - American Depositary Shares","2021-11-10 06:00:00-05:00",9.92,9.96,9.92,9.93,9.93,0
"CAN","Canaan Inc. - American Depositary Shares","2021-11-10 07:00:00-05:00",9.93,9.96,9.83,9.86,9.86,0
"CAN","Canaan Inc. - American Depositary Shares","2021-11-10 08:00:00-05:00",9.87,9.94,9.75,9.8,9.8,0
"CAN","Canaan Inc. - American Depositary Shares","2021-11-10 09:00:00-05:00",9.8,10.44,9.75,10.04,10.04,0
"CAN","Canaan Inc. - American Depositary Shares","2021-11-10 09:30:00-05:00",10.075200080871582,10.479299545288086,9.880000114440918,10.020600318908691,10.020600318908691,1932717
"CAN","Canaan Inc. - American Depositary Shares","2021-11-10 10:30:00-05:00",10.024999618530272,10.199999809265137,9.925000190734863,10.062000274658203,10.062000274658203,606863
"CAN","Canaan Inc. - American Depositary Shares","2021-11-10 11:30:00-05:00",10.06999969482422,10.199999809265137,10.0600004196167,10.06999969482422,10.06999969482422,347819
"CAN","Canaan Inc. - American Depositary Shares","2021-11-10 12:30:00-05:00",10.079999923706056,10.149999618530272,9.880000114440918,9.930700302124023,9.930700302124023,362738
"CAN","Canaan Inc. - American Depositary Shares","2021-11-10 13:30:00-05:00",9.93000030517578,9.94499969482422,9.604999542236328,9.609999656677246,9.609999656677246,719995
"CAN","Canaan Inc. - American Depositary Shares","2021-11-10 14:30:00-05:00",9.600000381469728,9.779999732971191,9.515000343322754,9.734999656677246,9.734999656677246,634576
"CAN","Canaan Inc. - American Depositary Shares","2021-11-10 15:30:00-05:00",9.739999771118164,9.824999809265137,9.59000015258789,9.71500015258789,9.71500015258789,584666
"CAN","Canaan Inc. - American Depositary Shares","2021-11-10 16:00:00-05:00",9.71,9.74,9.35,9.47,9.47,0
"CAN","Canaan Inc. - American Depositary Shares","2021-11-10 17:00:00-05:00",9.47,9.69,9.41,9.68,9.68,0
"CAN","Canaan Inc. - American Depositary Shares","2021-11-10 18:00:00-05:00",9.68,9.7,9.62,9.64,9.64,0
"CAN","Canaan Inc. - American Depositary Shares","2021-11-11 04:00:00-05:00",9.55,9.99,9.55,9.96,9.96,0
"CAN","Canaan Inc. - American Depositary Shares","2021-11-11 05:00:00-05:00",9.9,9.9,9.8,9.87,9.87,0
"CAN","Canaan Inc. - American Depositary Shares","2021-11-11 06:00:00-05:00",9.88,9.88,9.78,9.82,9.82,0
"CAN","Canaan Inc. - American Depositary Shares","2021-11-11 07:00:00-05:00",9.82,9.85,9.65,9.73,9.73,0
"CAN","Canaan Inc. - American Depositary Shares","2021-11-11 08:00:00-05:00",9.74,9.84,9.6,9.8,9.8,0
"CAN","Canaan Inc. - American Depositary Shares","2021-11-11 09:00:00-05:00",9.78,9.82,9.7,9.8,9.8,0
"CAN","Canaan Inc. - American Depositary Shares","2021-11-11 09:30:00-05:00",9.770400047302246,10.550000190734863,9.770400047302246,10.460200309753418,10.460200309753418,1612830
"CAN","Canaan Inc. - American Depositary Shares","2021-11-11 10:30:00-05:00",10.464799880981444,10.920000076293944,10.369999885559082,10.850000381469728,10.850000381469728,1610483
"CAN","Canaan Inc. - American Depositary Shares","2021-11-11 11:30:00-05:00",10.85099983215332,11.0,10.640000343322754,10.68000030517578,10.68000030517578,890832
"CAN","Canaan Inc. - American Depositary Shares","2021-11-11 12:30:00-05:00",10.675000190734863,10.800000190734863,10.609999656677246,10.649999618530272,10.649999618530272,387204
"CAN","Canaan Inc. - American Depositary Shares","2021-11-11 13:30:00-05:00",10.65999984741211,10.67099952697754,10.5516996383667,10.595000267028809,10.595000267028809,221171
"CAN","Canaan Inc. - American Depositary Shares","2021-11-11 14:30:00-05:00",10.595000267028809,10.720000267028809,10.539999961853027,10.609999656677246,10.609999656677246,338250
"CAN","Canaan Inc. - American Depositary Shares","2021-11-11 15:30:00-05:00",10.614999771118164,10.670000076293944,10.59000015258789,10.641599655151367,10.641599655151367,400295
"CAN","Canaan Inc. - American Depositary Shares","2021-11-11 16:00:00-05:00",10.66,10.68,10.59,10.67,10.67,0
"CAN","Canaan Inc. - American Depositary Shares","2021-11-11 17:00:00-05:00",10.6699,10.74,10.65,10.74,10.74,0
"CAN","Canaan Inc. - American Depositary Shares","2021-11-11 18:00:00-05:00",10.74,10.79,10.69,10.71,10.71,0
"CAN","Canaan Inc. - American Depositary Shares","2021-11-12 04:00:00-05:00",10.76,10.79,10.6,10.69,10.69,0
"CAN","Canaan Inc. - American Depositary Shares","2021-11-12 05:00:00-05:00",10.66,10.66,10.3,10.33,10.33,0
"CAN","Canaan Inc. - American Depositary Shares","2021-11-12 06:00:00-05:00",10.35,10.41,10.25,10.41,10.41,0
"CAN","Canaan Inc. - American Depositary Shares","2021-11-12 07:00:00-05:00",10.4,10.68,10.32,10.68,10.68,0
"CAN","Canaan Inc. - American Depositary Shares","2021-11-12 08:00:00-05:00",10.66,10.67,10.41,10.43,10.43,0
"CAN","Canaan Inc. - American Depositary Shares","2021-11-12 09:00:00-05:00",10.47,10.67,10.31,10.42,10.42,0
"CAN","Canaan Inc. - American Depositary Shares","2021-11-12 09:30:00-05:00",10.390000343322754,10.489999771118164,10.18000030517578,10.4399995803833,10.4399995803833,947228
"CAN","Canaan Inc. - American Depositary Shares","2021-11-12 10:30:00-05:00",10.4350004196167,10.619999885559082,10.39080047607422,10.508999824523926,10.508999824523926,555579
"CAN","Canaan Inc. - American Depositary Shares","2021-11-12 11:30:00-05:00",10.510000228881836,10.524999618530272,10.34000015258789,10.4350004196167,10.4350004196167,380063
"CAN","Canaan Inc. - American Depositary Shares","2021-11-12 12:30:00-05:00",10.43000030517578,10.604999542236328,10.420000076293944,10.600899696350098,10.600899696350098,365257
"CAN","Canaan Inc. - American Depositary Shares","2021-11-12 13:30:00-05:00",10.60990047454834,10.6899995803833,10.529999732971191,10.56999969482422,10.56999969482422,349576
"CAN","Canaan Inc. - American Depositary Shares","2021-11-12 14:30:00-05:00",10.574999809265137,10.59000015258789,10.359999656677246,10.380000114440918,10.380000114440918,613770
"CAN","Canaan Inc. - American Depositary Shares","2021-11-12 15:30:00-05:00",10.385000228881836,10.390000343322754,10.279999732971191,10.359999656677246,10.359999656677246,748681
"CAN","Canaan Inc. - American Depositary Shares","2021-11-12 16:00:00-05:00",10.36,10.4,10.35,10.37,10.37,0
"CAN","Canaan Inc. - American Depositary Shares","2021-11-12 17:00:00-05:00",10.37,10.45,10.33,10.45,10.45,0
"CAN","Canaan Inc. - American Depositary Shares","2021-11-12 18:00:00-05:00",10.42,10.45,10.27,10.29,10.29,0
"CAN","Canaan Inc. - American Depositary Shares","2021-11-15 04:00:00-05:00",10.6,10.75,10.45,10.67,10.67,0
"CAN","Canaan Inc. - American Depositary Shares","2021-11-15 05:00:00-05:00",10.68,10.73,10.68,10.69,10.69,0
"CAN","Canaan Inc. - American Depositary Shares","2021-11-15 06:00:00-05:00",10.68,10.75,10.68,10.75,10.75,0
"CAN","Canaan Inc. - American Depositary Shares","2021-11-15 07:00:00-05:00",10.75,10.75,10.49,10.65,10.65,0
"CAN","Canaan Inc. - American Depositary Shares","2021-11-15 08:00:00-05:00",10.68,10.73,10.6,10.68,10.68,0
"CAN","Canaan Inc. - American Depositary Shares","2021-11-15 09:00:00-05:00",10.65,10.78,10.54,10.72,10.72,0
"CAN","Canaan Inc. - American Depositary Shares","2021-11-15 09:30:00-05:00",10.608400344848633,10.710000038146973,10.199999809265137,10.329999923706056,10.329999923706056,2342856
"CAN","Canaan Inc. - American Depositary Shares","2021-11-15 10:30:00-05:00",10.329999923706056,10.379899978637695,10.149999618530272,10.34000015258789,10.34000015258789,959095
"CAN","Canaan Inc. - American Depositary Shares","2021-11-15 11:30:00-05:00",10.34000015258789,10.4399995803833,10.170000076293944,10.19499969482422,10.19499969482422,604187
"CAN","Canaan Inc. - American Depositary Shares","2021-11-15 12:30:00-05:00",10.188799858093262,10.34000015258789,10.188799858093262,10.265000343322754,10.265000343322754,293292
"CAN","Canaan Inc. - American Depositary Shares","2021-11-15 13:30:00-05:00",10.265000343322754,10.279899597167969,10.149999618530272,10.21500015258789,10.21500015258789,275168
"CAN","Canaan Inc. - American Depositary Shares","2021-11-15 14:30:00-05:00",10.21500015258789,10.359999656677246,10.1899995803833,10.279999732971191,10.279999732971191,309677
"CAN","Canaan Inc. - American Depositary Shares","2021-11-15 15:30:00-05:00",10.279999732971191,10.3100004196167,10.145000457763672,10.149999618530272,10.149999618530272,335470
"CAN","Canaan Inc. - American Depositary Shares","2021-11-15 16:00:00-05:00",10.15,10.205,10.1,10.16,10.16,0
"CAN","Canaan Inc. - American Depositary Shares","2021-11-15 17:00:00-05:00",10.18,10.18,10.03,10.1,10.1,0
"CAN","Canaan Inc. - American Depositary Shares","2021-11-15 18:00:00-05:00",10.1,10.18,10.1,10.1,10.1,0
"CAN","Canaan Inc. - American Depositary Shares","2021-11-16 04:00:00-05:00",10.0,10.01,9.51,9.53,9.53,0
"CAN","Canaan Inc. - American Depositary Shares","2021-11-16 05:00:00-05:00",9.55,9.78,9.55,9.6,9.6,0
"CAN","Canaan Inc. - American Depositary Shares","2021-11-16 06:00:00-05:00",9.6,10.0,9.53,9.84,9.84,0
"CAN","Canaan Inc. - American Depositary Shares","2021-11-16 07:00:00-05:00",9.92,10.4,9.9,10.14,10.14,0
"CAN","Canaan Inc. - American Depositary Shares","2021-11-16 08:00:00-05:00",10.14,10.4,9.9,9.9493,9.9493,0
"CAN","Canaan Inc. - American Depositary Shares","2021-11-16 09:00:00-05:00",10.0,10.33,9.94,10.0,10.0,0
"CAN","Canaan Inc. - American Depositary Shares","2021-11-16 09:30:00-05:00",10.003499984741213,10.149999618530272,9.270000457763672,9.830100059509276,9.830100059509276,1821704
"CAN","Canaan Inc. - American Depositary Shares","2021-11-16 10:30:00-05:00",9.850000381469728,10.34000015258789,9.84000015258789,10.255000114440918,10.255000114440918,723516
"CAN","Canaan Inc. - American Depositary Shares","2021-11-16 11:30:00-05:00",10.240099906921388,11.0600004196167,10.210000038146973,10.6899995803833,10.6899995803833,1595778
"CAN","Canaan Inc. - American Depositary Shares","2021-11-16 12:30:00-05:00",10.6850004196167,10.819700241088867,10.489999771118164,10.819700241088867,10.819700241088867,480975
"CAN","Canaan Inc. - American Depositary Shares","2021-11-16 13:30:00-05:00",10.8100004196167,10.84000015258789,10.520000457763672,10.734999656677246,10.734999656677246,410885
"CAN","Canaan Inc. - American Depositary Shares","2021-11-16 14:30:00-05:00",10.734999656677246,10.73989963531494,10.449999809265137,10.579999923706056,10.579999923706056,239078
"CAN","Canaan Inc. - American Depositary Shares","2021-11-16 15:30:00-05:00",10.579999923706056,10.729999542236328,10.5,10.699999809265137,10.699999809265137,505293
"CAN","Canaan Inc. - American Depositary Shares","2021-11-16 16:00:00-05:00",10.7,10.85,10.7,10.82,10.82,0
"CAN","Canaan Inc. - American Depositary Shares","2021-11-16 17:00:00-05:00",10.84,10.92,10.75,10.88,10.88,0
"CAN","Canaan Inc. - American Depositary Shares","2021-11-16 18:00:00-05:00",10.88,10.95,10.77,10.88,10.88,0
"CAN","Canaan Inc. - American Depositary Shares","2021-11-17 04:00:00-05:00",10.7,10.85,10.5,10.65,10.65,0
"CAN","Canaan Inc. - American Depositary Shares","2021-11-17 05:00:00-05:00",10.67,10.68,10.52,10.6,10.6,0
"CAN","Canaan Inc. - American Depositary Shares","2021-11-17 06:00:00-05:00",10.57,10.94,10.51,10.85,10.85,0
"CAN","Canaan Inc. - American Depositary Shares","2021-11-17 07:00:00-05:00",10.91,10.93,10.82,10.86,10.86,0
"CAN","Canaan Inc. - American Depositary Shares","2021-11-17 08:00:00-05:00",10.86,10.94,10.65,10.74,10.74,0
"CAN","Canaan Inc. - American Depositary Shares","2021-11-17 09:00:00-05:00",10.74,10.94,10.74,10.87,10.87,0
"CAN","Canaan Inc. - American Depositary Shares","2021-11-17 09:30:00-05:00",10.890000343322754,11.039999961853027,10.18000030517578,10.22920036315918,10.22920036315918,1545526
"CAN","Canaan Inc. - American Depositary Shares","2021-11-17 10:30:00-05:00",10.229999542236328,10.619999885559082,10.210000038146973,10.59000015258789,10.59000015258789,496593
"CAN","Canaan Inc. - American Depositary Shares","2021-11-17 11:30:00-05:00",10.59000015258789,10.720000267028809,10.289999961853027,10.3100004196167,10.3100004196167,359032
"CAN","Canaan Inc. - American Depositary Shares","2021-11-17 12:30:00-05:00",10.30620002746582,10.43000030517578,10.300299644470217,10.420000076293944,10.420000076293944,151542
"CAN","Canaan Inc. - American Depositary Shares","2021-11-17 13:30:00-05:00",10.414999961853027,10.454999923706056,10.300000190734863,10.380000114440918,10.380000114440918,152146
"CAN","Canaan Inc. - American Depositary Shares","2021-11-17 14:30:00-05:00",10.369999885559082,10.43000030517578,10.3100004196167,10.350000381469728,10.350000381469728,285686
"CAN","Canaan Inc. - American Depositary Shares","2021-11-17 15:30:00-05:00",10.35099983215332,10.5,10.350000381469728,10.489999771118164,10.489999771118164,211800
"CAN","Canaan Inc. - American Depositary Shares","2021-11-17 16:00:00-05:00",10.49,10.5,10.33,10.41,10.41,0
"CAN","Canaan Inc. - American Depositary Shares","2021-11-17 17:00:00-05:00",10.41,10.49,10.4,10.42,10.42,0
"CAN","Canaan Inc. - American Depositary Shares","2021-11-17 18:00:00-05:00",10.43,10.44,10.32,10.34,10.34,0
"CAN","Canaan Inc. - American Depositary Shares","2021-11-18 04:00:00-05:00",10.48,10.53,10.26,10.47,10.47,0
"CAN","Canaan Inc. - American Depositary Shares","2021-11-18 05:00:00-05:00",10.35,10.4,10.26,10.28,10.28,0
"CAN","Canaan Inc. - American Depositary Shares","2021-11-18 06:00:00-05:00",10.28,10.32,10.26,10.3,10.3,0
"CAN","Canaan Inc. - American Depositary Shares","2021-11-18 07:00:00-05:00",10.31,10.38,10.3,10.38,10.38,0
"CAN","Canaan Inc. - American Depositary Shares","2021-11-18 08:00:00-05:00",10.34,10.36,10.21,10.2601,10.2601,0
"CAN","Canaan Inc. - American Depositary Shares","2021-11-18 09:00:00-05:00",10.31,10.4,10.21,10.4,10.4,0
"CAN","Canaan Inc. - American Depositary Shares","2021-11-18 09:30:00-05:00",10.449999809265137,10.5,9.380000114440918,9.5,9.5,1726343
"CAN","Canaan Inc. - American Depositary Shares","2021-11-18 10:30:00-05:00",9.499899864196776,9.600000381469728,9.329999923706056,9.449999809265137,9.449999809265137,909149
"CAN","Canaan Inc. - American Depositary Shares","2021-11-18 11:30:00-05:00",9.454999923706056,9.460000038146973,9.050000190734863,9.30500030517578,9.30500030517578,1139001
"CAN","Canaan Inc. - American Depositary Shares","2021-11-18 12:30:00-05:00",9.30500030517578,9.390000343322754,9.229999542236328,9.270099639892578,9.270099639892578,285354
"CAN","Canaan Inc. - American Depositary Shares","2021-11-18 13:30:00-05:00",9.270099639892578,9.399999618530272,9.239999771118164,9.308799743652344,9.308799743652344,242190
"CAN","Canaan Inc. - American Depositary Shares","2021-11-18 14:30:00-05:00",9.300000190734863,9.44499969482422,9.289999961853027,9.395000457763672,9.395000457763672,241230
"CAN","Canaan Inc. - American Depositary Shares","2021-11-18 15:30:00-05:00",9.390000343322754,9.449999809265137,9.364999771118164,9.43000030517578,9.43000030517578,247119
"CAN","Canaan Inc. - American Depositary Shares","2021-11-18 16:00:00-05:00",9.43,9.52,9.39,9.45,9.45,0
"CAN","Canaan Inc. - American Depositary Shares","2021-11-18 17:00:00-05:00",9.45,9.49,9.39,9.44,9.44,0
"CAN","Canaan Inc. - American Depositary Shares","2021-11-18 18:00:00-05:00",9.39,9.4,9.16,9.3,9.3,0
"CAN","Canaan Inc. - American Depositary Shares","2021-11-19 04:00:00-05:00",9.2,9.56,9.2,9.47,9.47,0
"CAN","Canaan Inc. - American Depositary Shares","2021-11-19 05:00:00-05:00",9.42,9.58,9.34,9.36,9.36,0
"CAN","Canaan Inc. - American Depositary Shares","2021-11-19 06:00:00-05:00",9.44,9.44,9.4,9.44,9.44,0
"CAN","Canaan Inc. - American Depositary Shares","2021-11-19 07:00:00-05:00",9.4,9.45,9.36,9.44,9.44,0
"CAN","Canaan Inc. - American Depositary Shares","2021-11-19 08:00:00-05:00",9.44,9.68,9.38,9.66,9.66,0
"CAN","Canaan Inc. - American Depositary Shares","2021-11-19 09:00:00-05:00",9.66,9.69,9.54,9.61,9.61,0
"CAN","Canaan Inc. - American Depositary Shares","2021-11-19 09:30:00-05:00",9.520000457763672,10.039999961853027,9.460000038146973,9.9399995803833,9.9399995803833,1059400
"CAN","Canaan Inc. - American Depositary Shares","2021-11-19 10:30:00-05:00",9.94499969482422,10.1899995803833,9.90999984741211,10.121500015258787,10.121500015258787,579765
"CAN","Canaan Inc. - American Depositary Shares","2021-11-19 11:30:00-05:00",10.125,10.199999809265137,10.050000190734863,10.119999885559082,10.119999885559082,305225
"CAN","Canaan Inc. - American Depositary Shares","2021-11-19 12:30:00-05:00",10.130000114440918,10.140000343322754,9.880000114440918,9.890000343322754,9.890000343322754,375932
"CAN","Canaan Inc. - American Depositary Shares","2021-11-19 13:30:00-05:00",9.890000343322754,10.0,9.84000015258789,9.960000038146973,9.960000038146973,280351
"CAN","Canaan Inc. - American Depositary Shares","2021-11-19 14:30:00-05:00",9.960000038146973,10.039999961853027,9.854999542236328,9.859999656677246,9.859999656677246,207963
"CAN","Canaan Inc. - American Depositary Shares","2021-11-19 15:30:00-05:00",9.859999656677246,9.875,9.710000038146973,9.720000267028809,9.720000267028809,609942
"CAN","Canaan Inc. - American Depositary Shares","2021-11-19 16:00:00-05:00",9.73,9.79,9.66,9.73,9.73,0
"CAN","Canaan Inc. - American Depositary Shares","2021-11-19 17:00:00-05:00",9.755,9.95,9.71,9.86,9.86,0
"CAN","Canaan Inc. - American Depositary Shares","2021-11-19 18:00:00-05:00",9.85,9.86,9.8,9.84,9.84,0
"CAN","Canaan Inc. - American Depositary Shares","2021-11-22 04:00:00-05:00",9.8,9.8,9.66,9.79,9.79,0
"CAN","Canaan Inc. - American Depositary Shares","2021-11-22 05:00:00-05:00",9.79,9.8,9.75,9.76,9.76,0
"CAN","Canaan Inc. - American Depositary Shares","2021-11-22 06:00:00-05:00",9.76,9.77,9.74,9.76,9.76,0
"CAN","Canaan Inc. - American Depositary Shares","2021-11-22 07:00:00-05:00",9.74,9.75,9.7,9.7,9.7,0
"CAN","Canaan Inc. - American Depositary Shares","2021-11-22 08:00:00-05:00",9.72,9.79,9.56,9.65,9.65,0
"CAN","Canaan Inc. - American Depositary Shares","2021-11-22 09:00:00-05:00",9.68,10.0,9.68,9.76,9.76,0
"CAN","Canaan Inc. - American Depositary Shares","2021-11-22 09:30:00-05:00",9.789999961853027,9.878000259399414,9.350000381469728,9.441200256347656,9.441200256347656,778564
"CAN","Canaan Inc. - American Depositary Shares","2021-11-22 10:30:00-05:00",9.460000038146973,9.489999771118164,9.173800468444824,9.239100456237791,9.239100456237791,600844
"CAN","Canaan Inc. - American Depositary Shares","2021-11-22 11:30:00-05:00",9.239999771118164,9.241999626159668,8.699999809265137,8.96500015258789,8.96500015258789,1029422
"CAN","Canaan Inc. - American Depositary Shares","2021-11-22 12:30:00-05:00",8.970000267028809,9.100000381469728,8.960000038146973,9.039999961853027,9.039999961853027,246449
"CAN","Canaan Inc. - American Depositary Shares","2021-11-22 13:30:00-05:00",9.05799961090088,9.149999618530272,8.970000267028809,9.06999969482422,9.06999969482422,239940
"CAN","Canaan Inc. - American Depositary Shares","2021-11-22 14:30:00-05:00",9.0649995803833,9.149900436401367,9.020000457763672,9.083800315856934,9.083800315856934,229381
"CAN","Canaan Inc. - American Depositary Shares","2021-11-22 15:30:00-05:00",9.09000015258789,9.164999961853027,8.9399995803833,8.9399995803833,8.9399995803833,296122
"CAN","Canaan Inc. - American Depositary Shares","2021-11-22 16:00:00-05:00",8.95,9.01,8.92,9.01,9.01,0
"CAN","Canaan Inc. - American Depositary Shares","2021-11-22 17:00:00-05:00",9.0,9.01,8.9,9.0,9.0,0
"CAN","Canaan Inc. - American Depositary Shares","2021-11-22 18:00:00-05:00",9.0,9.0,8.88,8.88,8.88,0
"CAN","Canaan Inc. - American Depositary Shares","2021-11-23 04:00:00-05:00",8.95,9.13,8.9,9.11,9.11,0
"CAN","Canaan Inc. - American Depositary Shares","2021-11-23 05:00:00-05:00",9.02,9.05,8.83,9.05,9.05,0
"CAN","Canaan Inc. - American Depositary Shares","2021-11-23 06:00:00-05:00",9.08,9.08,9.0,9.0,9.0,0
"CAN","Canaan Inc. - American Depositary Shares","2021-11-23 07:00:00-05:00",9.0,9.03,9.0,9.0,9.0,0
"CAN","Canaan Inc. - American Depositary Shares","2021-11-23 08:00:00-05:00",8.97,9.04,8.91,9.03,9.03,0
"CAN","Canaan Inc. - American Depositary Shares","2021-11-23 09:00:00-05:00",9.03,9.13,8.95,9.0,9.0,0
"CAN","Canaan Inc. - American Depositary Shares","2021-11-23 09:30:00-05:00",8.949999809265137,9.274999618530272,8.850000381469727,8.850000381469727,8.850000381469727,909944
"CAN","Canaan Inc. - American Depositary Shares","2021-11-23 10:30:00-05:00",8.850000381469727,8.960000038146973,8.539999961853027,8.925000190734863,8.925000190734863,621652
"CAN","Canaan Inc. - American Depositary Shares","2021-11-23 11:30:00-05:00",8.9399995803833,9.100000381469728,8.84000015258789,9.050000190734863,9.050000190734863,272924
"CAN","Canaan Inc. - American Depositary Shares","2021-11-23 12:30:00-05:00",9.050000190734863,9.06999969482422,8.850099563598633,8.869999885559082,8.869999885559082,193373
"CAN","Canaan Inc. - American Depositary Shares","2021-11-23 13:30:00-05:00",8.864999771118164,8.979999542236328,8.819999694824219,8.925000190734863,8.925000190734863,142476
"CAN","Canaan Inc. - American Depositary Shares","2021-11-23 14:30:00-05:00",8.924400329589844,9.01990032196045,8.87030029296875,8.90999984741211,8.90999984741211,369065
"CAN","Canaan Inc. - American Depositary Shares","2021-11-23 15:30:00-05:00",8.914999961853027,9.050000190734863,8.914999961853027,8.970000267028809,8.970000267028809,227883
"CAN","Canaan Inc. - American Depositary Shares","2021-11-23 16:00:00-05:00",8.98,9.07,8.93,8.99,8.99,0
"CAN","Canaan Inc. - American Depositary Shares","2021-11-23 17:00:00-05:00",8.98,9.04,8.93,9.03,9.03,0
"CAN","Canaan Inc. - American Depositary Shares","2021-11-23 18:00:00-05:00",9.02,9.03,8.96,9.03,9.03,0
"CAN","Canaan Inc. - American Depositary Shares","2021-11-24 04:00:00-05:00",8.92,8.98,8.92,8.94,8.94,0
"CAN","Canaan Inc. - American Depositary Shares","2021-11-24 05:00:00-05:00",8.95,8.95,8.93,8.93,8.93,0
"CAN","Canaan Inc. - American Depositary Shares","2021-11-24 06:00:00-05:00",8.93,8.93,8.9,8.9,8.9,0
"CAN","Canaan Inc. - American Depositary Shares","2021-11-24 07:00:00-05:00",8.93,8.99,8.88,8.89,8.89,0
"CAN","Canaan Inc. - American Depositary Shares","2021-11-24 08:00:00-05:00",8.88,8.88,8.84,8.84,8.84,0
"CAN","Canaan Inc. - American Depositary Shares","2021-11-24 09:00:00-05:00",8.84,8.84,8.66,8.7996,8.7996,0
"CAN","Canaan Inc. - American Depositary Shares","2021-11-24 09:30:00-05:00",8.789999961853027,8.880000114440918,8.521300315856934,8.869999885559082,8.869999885559082,711040
"CAN","Canaan Inc. - American Depositary Shares","2021-11-24 10:30:00-05:00",8.869999885559082,8.930000305175781,8.729900360107422,8.819999694824219,8.819999694824219,495853
"CAN","Canaan Inc. - American Depositary Shares","2021-11-24 11:30:00-05:00",8.819999694824219,8.949999809265137,8.795000076293945,8.8149995803833,8.8149995803833,271668
"CAN","Canaan Inc. - American Depositary Shares","2021-11-24 12:30:00-05:00",8.8100004196167,8.979999542236328,8.8100004196167,8.930000305175781,8.930000305175781,138686
"CAN","Canaan Inc. - American Depositary Shares","2021-11-24 13:30:00-05:00",8.930000305175781,8.960000038146973,8.829999923706055,8.850000381469727,8.850000381469727,146144
"CAN","Canaan Inc. - American Depositary Shares","2021-11-24 14:30:00-05:00",8.850000381469727,8.90999984741211,8.819999694824219,8.909000396728516,8.909000396728516,167638
"CAN","Canaan Inc. - American Depositary Shares","2021-11-24 15:30:00-05:00",8.904999732971191,9.010000228881836,8.890000343322754,8.930000305175781,8.930000305175781,235322
"CAN","Canaan Inc. - American Depositary Shares","2021-11-24 16:00:00-05:00",8.93,9.0,8.91,8.92,8.92,0
"CAN","Canaan Inc. - American Depositary Shares","2021-11-24 17:00:00-05:00",8.95,8.967,8.89,8.89,8.89,0
"CAN","Canaan Inc. - American Depositary Shares","2021-11-24 18:00:00-05:00",8.9,8.92,8.88,8.91,8.91,0
"CAN","Canaan Inc. - American Depositary Shares","2021-11-26 04:00:00-05:00",8.98,8.98,8.2,8.22,8.22,0
"CAN","Canaan Inc. - American Depositary Shares","2021-11-26 05:00:00-05:00",8.22,8.48,8.22,8.47,8.47,0
"CAN","Canaan Inc. - American Depositary Shares","2021-11-26 06:00:00-05:00",8.45,8.46,8.36,8.39,8.39,0
"CAN","Canaan Inc. - American Depositary Shares","2021-11-26 07:00:00-05:00",8.39,8.4,8.22,8.26,8.26,0
"CAN","Canaan Inc. - American Depositary Shares","2021-11-26 08:00:00-05:00",8.28,8.37,8.23,8.23,8.23,0
"CAN","Canaan Inc. - American Depositary Shares","2021-11-26 09:00:00-05:00",8.24,8.42,8.24,8.38,8.38,0
"CAN","Canaan Inc. - American Depositary Shares","2021-11-26 09:30:00-05:00",8.3100004196167,8.59000015258789,8.15999984741211,8.319999694824219,8.319999694824219,1788730
"CAN","Canaan Inc. - American Depositary Shares","2021-11-26 10:30:00-05:00",8.327300071716309,8.340100288391113,8.180000305175781,8.244999885559082,8.244999885559082,614695
"CAN","Canaan Inc. - American Depositary Shares","2021-11-26 11:30:00-05:00",8.239999771118164,8.5,8.229999542236328,8.5,8.5,368853
"CAN","Canaan Inc. - American Depositary Shares","2021-11-26 13:00:00-05:00",8.5,8.529999732971191,8.40999984741211,8.449999809265137,8.449999809265137,0
"CAN","Canaan Inc. - American Depositary Shares","2021-11-26 14:00:00-05:00",8.4,8.52,8.4,8.49,8.49,0
"CAN","Canaan Inc. - American Depositary Shares","2021-11-26 15:00:00-05:00",8.5,8.52,8.43,8.5,8.5,0
"CAN","Canaan Inc. - American Depositary Shares","2021-11-26 16:00:00-05:00",8.5,8.53,8.4,8.4,8.4,0
"CAN","Canaan Inc. - American Depositary Shares","2021-11-29 04:00:00-05:00",8.47,8.85,8.47,8.79,8.79,0
"CAN","Canaan Inc. - American Depositary Shares","2021-11-29 05:00:00-05:00",8.82,8.83,8.8,8.83,8.83,0
"CAN","Canaan Inc. - American Depositary Shares","2021-11-29 06:00:00-05:00",8.81,8.87,8.81,8.87,8.87,0
"CAN","Canaan Inc. - American Depositary Shares","2021-11-29 07:00:00-05:00",8.83,8.85,8.77,8.78,8.78,0
"CAN","Canaan Inc. - American Depositary Shares","2021-11-29 08:00:00-05:00",8.8,8.84,8.74,8.81,8.81,0
"CAN","Canaan Inc. - American Depositary Shares","2021-11-29 09:00:00-05:00",8.8,8.87,8.69,8.7,8.7,0
"CAN","Canaan Inc. - American Depositary Shares","2021-11-29 09:30:00-05:00",8.829999923706055,8.960000038146973,8.539999961853027,8.569999694824219,8.569999694824219,759416
"CAN","Canaan Inc. - American Depositary Shares","2021-11-29 10:30:00-05:00",8.550100326538086,8.760000228881836,8.489999771118164,8.720000267028809,8.720000267028809,394004
"CAN","Canaan Inc. - American Depositary Shares","2021-11-29 11:30:00-05:00",8.720800399780273,8.920000076293945,8.670000076293945,8.920000076293945,8.920000076293945,278164
"CAN","Canaan Inc. - American Depositary Shares","2021-11-29 12:30:00-05:00",8.914999961853027,9.0,8.859999656677246,8.90999984741211,8.90999984741211,205647
"CAN","Canaan Inc. - American Depositary Shares","2021-11-29 13:30:00-05:00",8.890000343322754,8.970000267028809,8.854999542236328,8.920000076293945,8.920000076293945,195398
"CAN","Canaan Inc. - American Depositary Shares","2021-11-29 14:30:00-05:00",8.929900169372559,8.949999809265137,8.829999923706055,8.864999771118164,8.864999771118164,239789
"CAN","Canaan Inc. - American Depositary Shares","2021-11-29 15:30:00-05:00",8.869999885559082,8.885000228881836,8.800000190734863,8.800000190734863,8.800000190734863,269845
"CAN","Canaan Inc. - American Depositary Shares","2021-11-29 16:00:00-05:00",8.8,8.9,8.8,8.82,8.82,0
"CAN","Canaan Inc. - American Depositary Shares","2021-11-29 17:00:00-05:00",8.82,8.84,8.8,8.82,8.82,0
"CAN","Canaan Inc. - American Depositary Shares","2021-11-30 18:00:00-05:00",8.6,8.79,8.6,8.79,8.79,0
"CAN","Canaan Inc. - American Depositary Shares","2021-12-01 04:00:00-05:00",8.77,8.8,8.77,8.8,8.8,0
"CAN","Canaan Inc. - American Depositary Shares","2021-12-01 05:00:00-05:00",8.84,8.85,8.82,8.85,8.85,0
"CAN","Canaan Inc. - American Depositary Shares","2021-12-01 06:00:00-05:00",8.84,8.85,8.8,8.8,8.8,0
"CAN","Canaan Inc. - American Depositary Shares","2021-12-01 07:00:00-05:00",8.81,8.81,8.81,8.81,8.81,0
"CAN","Canaan Inc. - American Depositary Shares","2021-12-01 08:00:00-05:00",8.87,8.89,8.72,8.83,8.83,0
"CAN","Canaan Inc. - American Depositary Shares","2021-12-01 09:00:00-05:00",8.83,8.93,8.79,8.88,8.88,0
"CAN","Canaan Inc. - American Depositary Shares","2021-12-01 09:30:00-05:00",8.880000114440918,9.186800003051758,8.720000267028809,8.989999771118164,8.989999771118164,864002
"CAN","Canaan Inc. - American Depositary Shares","2021-12-01 10:30:00-05:00",9.0,9.149999618530272,8.90999984741211,9.06999969482422,9.06999969482422,394643
"CAN","Canaan Inc. - American Depositary Shares","2021-12-01 11:30:00-05:00",9.06999969482422,9.06999969482422,8.827300071716309,8.869999885559082,8.869999885559082,378490
"CAN","Canaan Inc. - American Depositary Shares","2021-12-01 12:30:00-05:00",8.880000114440918,8.949999809265137,8.720000267028809,8.829999923706055,8.829999923706055,311948
"CAN","Canaan Inc. - American Depositary Shares","2021-12-01 13:30:00-05:00",8.835000038146973,8.869999885559082,8.6899995803833,8.84000015258789,8.84000015258789,348731
"CAN","Canaan Inc. - American Depositary Shares","2021-12-01 14:30:00-05:00",8.829999923706055,8.859999656677246,8.489999771118164,8.539999961853027,8.539999961853027,680152
"CAN","Canaan Inc. - American Depositary Shares","2021-12-01 15:30:00-05:00",8.539999961853027,8.640000343322754,8.510000228881836,8.550000190734863,8.550000190734863,348716
"CAN","Canaan Inc. - American Depositary Shares","2021-12-01 16:00:00-05:00",8.55,8.63,8.42,8.47,8.47,0
"CAN","Canaan Inc. - American Depositary Shares","2021-12-01 17:00:00-05:00",8.45,8.63,8.43,8.44,8.44,0
"CAN","Canaan Inc. - American Depositary Shares","2021-12-01 18:00:00-05:00",8.44,8.6,8.44,8.44,8.44,0
"CAN","Canaan Inc. - American Depositary Shares","2021-12-02 04:00:00-05:00",8.59,8.59,8.42,8.42,8.42,0
"CAN","Canaan Inc. - American Depositary Shares","2021-12-02 05:00:00-05:00",8.46,8.51,8.43,8.51,8.51,0
"CAN","Canaan Inc. - American Depositary Shares","2021-12-02 06:00:00-05:00",8.52,8.52,8.51,8.51,8.51,0
"CAN","Canaan Inc. - American Depositary Shares","2021-12-02 07:00:00-05:00",8.44,8.6,8.44,8.46,8.46,0
"CAN","Canaan Inc. - American Depositary Shares","2021-12-02 08:00:00-05:00",8.53,8.53,8.43,8.43,8.43,0
"CAN","Canaan Inc. - American Depositary Shares","2021-12-02 09:00:00-05:00",8.43,8.47,8.38,8.41,8.41,0
"CAN","Canaan Inc. - American Depositary Shares","2021-12-02 09:30:00-05:00",8.390000343322754,8.720000267028809,8.329999923706055,8.430000305175781,8.430000305175781,855839
"CAN","Canaan Inc. - American Depositary Shares","2021-12-02 10:30:00-05:00",8.4399995803833,8.529999732971191,8.140000343322754,8.494999885559082,8.494999885559082,738648
"CAN","Canaan Inc. - American Depositary Shares","2021-12-02 11:30:00-05:00",8.489999771118164,8.539999961853027,8.34000015258789,8.510000228881836,8.510000228881836,333510
"CAN","Canaan Inc. - American Depositary Shares","2021-12-02 12:30:00-05:00",8.520000457763672,8.529999732971191,8.210000038146973,8.210000038146973,8.210000038146973,250988
"CAN","Canaan Inc. - American Depositary Shares","2021-12-02 13:30:00-05:00",8.210000038146973,8.40999984741211,8.170000076293945,8.39009952545166,8.39009952545166,633578
"CAN","Canaan Inc. - American Depositary Shares","2021-12-02 14:30:00-05:00",8.390000343322754,8.489999771118164,8.279999732971191,8.470000267028809,8.470000267028809,222416
"CAN","Canaan Inc. - American Depositary Shares","2021-12-02 15:30:00-05:00",8.46500015258789,8.520000457763672,8.460000038146973,8.489999771118164,8.489999771118164,309579
"CAN","Canaan Inc. - American Depositary Shares","2021-12-02 16:00:00-05:00",8.51,8.56,8.16,8.42,8.42,0
"CAN","Canaan Inc. - American Depositary Shares","2021-12-02 17:00:00-05:00",8.43,8.43,8.43,8.43,8.43,0
"CAN","Canaan Inc. - American Depositary Shares","2021-12-02 18:00:00-05:00",8.41,8.5,8.35,8.5,8.5,0
"CAN","Canaan Inc. - American Depositary Shares","2021-12-03 04:00:00-05:00",8.49,8.51,8.4,8.44,8.44,0
"CAN","Canaan Inc. - American Depositary Shares","2021-12-03 06:00:00-05:00",8.52,8.53,8.52,8.53,8.53,0
"CAN","Canaan Inc. - American Depositary Shares","2021-12-03 07:00:00-05:00",8.53,8.53,8.43,8.43,8.43,0
"CAN","Canaan Inc. - American Depositary Shares","2021-12-03 08:00:00-05:00",8.44,8.59,8.3112,8.44,8.44,0
"CAN","Canaan Inc. - American Depositary Shares","2021-12-03 09:00:00-05:00",8.46,8.59,8.31,8.32,8.32,0
"CAN","Canaan Inc. - American Depositary Shares","2021-12-03 09:30:00-05:00",8.332300186157227,8.449999809265137,6.5,6.585000038146973,6.585000038146973,3488354
"CAN","Canaan Inc. - American Depositary Shares","2021-12-03 10:30:00-05:00",6.585000038146973,6.590000152587891,6.099999904632568,6.470099925994873,6.470099925994873,3667649
"CAN","Canaan Inc. - American Depositary Shares","2021-12-03 11:30:00-05:00",6.478499889373779,6.550000190734863,6.300000190734863,6.394999980926514,6.394999980926514,1614355
"CAN","Canaan Inc. - American Depositary Shares","2021-12-03 12:30:00-05:00",6.389999866485596,6.610000133514404,6.380000114440918,6.40500020980835,6.40500020980835,1189555
"CAN","Canaan Inc. - American Depositary Shares","2021-12-03 13:30:00-05:00",6.400000095367432,6.409999847412109,6.079999923706055,6.198500156402588,6.198500156402588,1655606
"CAN","Canaan Inc. - American Depositary Shares","2021-12-03 14:30:00-05:00",6.198400020599365,6.269999980926514,6.085000038146973,6.170000076293945,6.170000076293945,1311556
"CAN","Canaan Inc. - American Depositary Shares","2021-12-03 15:30:00-05:00",6.171299934387207,6.179999828338623,6.0,6.054999828338623,6.054999828338623,1686432
"CAN","Canaan Inc. - American Depositary Shares","2021-12-03 16:00:00-05:00",6.06,6.3,6.06,6.22,6.22,0
"CAN","Canaan Inc. - American Depositary Shares","2021-12-03 17:00:00-05:00",6.24,6.27,6.17,6.2,6.2,0
"CAN","Canaan Inc. - American Depositary Shares","2021-12-03 18:00:00-05:00",6.2,6.24,6.02,6.09,6.09,0
"CAN","Canaan Inc. - American Depositary Shares","2021-12-06 04:00:00-05:00",6.12,6.12,5.65,5.85,5.85,0
"CAN","Canaan Inc. - American Depositary Shares","2021-12-06 05:00:00-05:00",5.86,5.86,5.75,5.77,5.77,0
"CAN","Canaan Inc. - American Depositary Shares","2021-12-06 06:00:00-05:00",5.77,5.79,5.72,5.74,5.74,0
"CAN","Canaan Inc. - American Depositary Shares","2021-12-06 07:00:00-05:00",5.73,5.79,5.65,5.75,5.75,0
"CAN","Canaan Inc. - American Depositary Shares","2021-12-06 08:00:00-05:00",5.75,5.79,5.66,5.67,5.67,0
"CAN","Canaan Inc. - American Depositary Shares","2021-12-06 09:00:00-05:00",5.68,5.8,5.66,5.77,5.77,0
"CAN","Canaan Inc. - American Depositary Shares","2021-12-06 09:30:00-05:00",5.800000190734863,5.929999828338623,5.239999771118164,5.909999847412109,5.909999847412109,2787131
"CAN","Canaan Inc. - American Depositary Shares","2021-12-06 10:30:00-05:00",5.909999847412109,5.949999809265137,5.716000080108643,5.829999923706055,5.829999923706055,752840
"CAN","Canaan Inc. - American Depositary Shares","2021-12-06 11:30:00-05:00",5.829999923706055,5.968699932098389,5.78000020980835,5.890900135040283,5.890900135040283,551232
"CAN","Canaan Inc. - American Depositary Shares","2021-12-06 12:30:00-05:00",5.894999980926514,5.960000038146973,5.809999942779541,5.894999980926514,5.894999980926514,402203
"CAN","Canaan Inc. - American Depositary Shares","2021-12-06 13:30:00-05:00",5.889999866485596,5.980000019073486,5.849999904632568,5.9141998291015625,5.9141998291015625,331584
"CAN","Canaan Inc. - American Depositary Shares","2021-12-06 14:30:00-05:00",5.920000076293945,5.980000019073486,5.849999904632568,5.929999828338623,5.929999828338623,396870
"CAN","Canaan Inc. - American Depositary Shares","2021-12-06 15:30:00-05:00",5.925000190734863,5.960000038146973,5.864999771118164,5.909999847412109,5.909999847412109,518851
"CAN","Canaan Inc. - American Depositary Shares","2021-12-06 16:00:00-05:00",5.91,6.15,5.88,6.15,6.15,0
"CAN","Canaan Inc. - American Depositary Shares","2021-12-06 17:00:00-05:00",6.1,6.3,5.91,6.26,6.26,0
"CAN","Canaan Inc. - American Depositary Shares","2021-12-06 18:00:00-05:00",6.28,6.28,6.15,6.15,6.15,0
"CAN","Canaan Inc. - American Depositary Shares","2021-12-07 04:00:00-05:00",6.3,6.49,6.24,6.24,6.24,0
"CAN","Canaan Inc. - American Depositary Shares","2021-12-07 05:00:00-05:00",6.28,6.41,6.23,6.41,6.41,0
"CAN","Canaan Inc. - American Depositary Shares","2021-12-07 06:00:00-05:00",6.41,6.48,6.33,6.33,6.33,0
"CAN","Canaan Inc. - American Depositary Shares","2021-12-07 07:00:00-05:00",6.38,6.38,6.33,6.37,6.37,0
"CAN","Canaan Inc. - American Depositary Shares","2021-12-07 08:00:00-05:00",6.36,6.37,6.31,6.32,6.32,0
"CAN","Canaan Inc. - American Depositary Shares","2021-12-07 09:00:00-05:00",6.33,6.35,6.1,6.11,6.11,0
"CAN","Canaan Inc. - American Depositary Shares","2021-12-07 09:30:00-05:00",6.079999923706055,6.730000019073486,6.079999923706055,6.449999809265137,6.449999809265137,2630096
"CAN","Canaan Inc. - American Depositary Shares","2021-12-07 10:30:00-05:00",6.454999923706055,6.570000171661377,6.394999980926514,6.514999866485596,6.514999866485596,753410
"CAN","Canaan Inc. - American Depositary Shares","2021-12-07 11:30:00-05:00",6.514999866485596,6.592700004577637,6.440100193023682,6.539999961853027,6.539999961853027,410156
"CAN","Canaan Inc. - American Depositary Shares","2021-12-07 12:30:00-05:00",6.53000020980835,6.625,6.460000038146973,6.554999828338623,6.554999828338623,287826
"CAN","Canaan Inc. - American Depositary Shares","2021-12-07 13:30:00-05:00",6.559999942779541,6.599999904632568,6.514999866485596,6.567999839782715,6.567999839782715,238826
"CAN","Canaan Inc. - American Depositary Shares","2021-12-07 14:30:00-05:00",6.559999942779541,6.565000057220459,6.422800064086914,6.449999809265137,6.449999809265137,253193
"CAN","Canaan Inc. - American Depositary Shares","2021-12-07 15:30:00-05:00",6.440000057220459,6.465000152587891,6.380000114440918,6.440000057220459,6.440000057220459,298795
"CAN","Canaan Inc. - American Depositary Shares","2021-12-07 16:00:00-05:00",6.44,6.55,6.44,6.51,6.51,0
"CAN","Canaan Inc. - American Depositary Shares","2021-12-07 17:00:00-05:00",6.53,6.55,6.41,6.41,6.41,0
"CAN","Canaan Inc. - American Depositary Shares","2021-12-07 18:00:00-05:00",6.44,6.52,6.41,6.52,6.52,0
"CAN","Canaan Inc. - American Depositary Shares","2021-12-08 04:00:00-05:00",6.5,6.5,6.4,6.49,6.49,0
"CAN","Canaan Inc. - American Depositary Shares","2021-12-08 05:00:00-05:00",6.48,6.48,6.45,6.45,6.45,0
"CAN","Canaan Inc. - American Depositary Shares","2021-12-08 06:00:00-05:00",6.45,6.45,6.3,6.36,6.36,0
"CAN","Canaan Inc. - American Depositary Shares","2021-12-08 07:00:00-05:00",6.34,6.5,6.32,6.32,6.32,0
"CAN","Canaan Inc. - American Depositary Shares","2021-12-08 08:00:00-05:00",6.36,6.37,6.21,6.31,6.31,0
"CAN","Canaan Inc. - American Depositary Shares","2021-12-08 09:00:00-05:00",6.32,6.4,6.26,6.31,6.31,0
"CAN","Canaan Inc. - American Depositary Shares","2021-12-08 09:30:00-05:00",6.243500232696533,6.5,6.039999961853027,6.420000076293945,6.420000076293945,1056142
"CAN","Canaan Inc. - American Depositary Shares","2021-12-08 10:30:00-05:00",6.42110013961792,6.46999979019165,6.339099884033203,6.429999828338623,6.429999828338623,408339
"CAN","Canaan Inc. - American Depositary Shares","2021-12-08 11:30:00-05:00",6.44890022277832,6.465000152587891,6.400000095367432,6.409999847412109,6.409999847412109,334533
"CAN","Canaan Inc. - American Depositary Shares","2021-12-08 12:30:00-05:00",6.400000095367432,6.480000019073486,6.371399879455566,6.478799819946289,6.478799819946289,186192
"CAN","Canaan Inc. - American Depositary Shares","2021-12-08 13:30:00-05:00",6.46999979019165,6.489999771118164,6.40500020980835,6.420000076293945,6.420000076293945,150585
"CAN","Canaan Inc. - American Depositary Shares","2021-12-08 14:30:00-05:00",6.425000190734863,6.448200225830078,6.329999923706055,6.379899978637695,6.379899978637695,162577
"CAN","Canaan Inc. - American Depositary Shares","2021-12-08 15:30:00-05:00",6.380000114440918,6.409999847412109,6.309999942779541,6.329999923706055,6.329999923706055,227498
"CAN","Canaan Inc. - American Depositary Shares","2021-12-08 16:00:00-05:00",6.33,6.39,6.31,6.33,6.33,0
"CAN","Canaan Inc. - American Depositary Shares","2021-12-08 17:00:00-05:00",6.36,6.36,6.31,6.34,6.34,0
"CAN","Canaan Inc. - American Depositary Shares","2021-12-08 18:00:00-05:00",6.37,6.39,6.33,6.38,6.38,0
"CAN","Canaan Inc. - American Depositary Shares","2021-12-09 04:00:00-05:00",6.35,6.57,6.29,6.33,6.33,0
"CAN","Canaan Inc. - American Depositary Shares","2021-12-09 05:00:00-05:00",6.33,6.4,6.2,6.29,6.29,0
"CAN","Canaan Inc. - American Depositary Shares","2021-12-09 06:00:00-05:00",6.29,6.34,6.29,6.29,6.29,0
"CAN","Canaan Inc. - American Depositary Shares","2021-12-09 07:00:00-05:00",6.29,6.31,6.29,6.31,6.31,0
"CAN","Canaan Inc. - American Depositary Shares","2021-12-09 08:00:00-05:00",6.3,6.3,6.2,6.22,6.22,0
"CAN","Canaan Inc. - American Depositary Shares","2021-12-09 09:00:00-05:00",6.21,6.27,6.17,6.21,6.21,0
"CAN","Canaan Inc. - American Depositary Shares","2021-12-09 09:30:00-05:00",6.210000038146973,6.300000190734863,6.050000190734863,6.069900035858154,6.069900035858154,641640
"CAN","Canaan Inc. - American Depositary Shares","2021-12-09 10:30:00-05:00",6.070000171661377,6.170000076293945,6.03000020980835,6.130000114440918,6.130000114440918,382453
"CAN","Canaan Inc. - American Depositary Shares","2021-12-09 11:30:00-05:00",6.130000114440918,6.144999980926514,6.065499782562256,6.119400024414063,6.119400024414063,178848
"CAN","Canaan Inc. - American Depositary Shares","2021-12-09 12:30:00-05:00",6.111400127410889,6.130000114440918,5.980000019073486,6.0,6.0,297729
"CAN","Canaan Inc. - American Depositary Shares","2021-12-09 13:30:00-05:00",5.997900009155273,6.039999961853027,5.929999828338623,5.949999809265137,5.949999809265137,321947
"CAN","Canaan Inc. - American Depositary Shares","2021-12-09 14:30:00-05:00",5.940000057220459,5.949999809265137,5.880000114440918,5.907899856567383,5.907899856567383,261928
"CAN","Canaan Inc. - American Depositary Shares","2021-12-09 15:30:00-05:00",5.900000095367432,5.929999828338623,5.860000133514404,5.900000095367432,5.900000095367432,307526
"CAN","Canaan Inc. - American Depositary Shares","2021-12-09 16:00:00-05:00",5.9,6.11,5.9,6.11,6.11,0
"CAN","Canaan Inc. - American Depositary Shares","2021-12-09 17:00:00-05:00",6.05,6.06,5.95,5.95,5.95,0
"CAN","Canaan Inc. - American Depositary Shares","2021-12-09 18:00:00-05:00",5.95,6.08,5.95,5.98,5.98,0
"CAN","Canaan Inc. - American Depositary Shares","2021-12-10 04:00:00-05:00",5.99,6.04,5.99,6.04,6.04,0
"CAN","Canaan Inc. - American Depositary Shares","2021-12-10 06:00:00-05:00",5.99,6.09,5.99,6.09,6.09,0
"CAN","Canaan Inc. - American Depositary Shares","2021-12-10 07:00:00-05:00",6.0,6.06,5.96,6.06,6.06,0
"CAN","Canaan Inc. - American Depositary Shares","2021-12-10 08:00:00-05:00",6.06,6.08,6.05,6.05,6.05,0
"CAN","Canaan Inc. - American Depositary Shares","2021-12-10 09:00:00-05:00",6.07,6.17,6.06,6.14,6.14,0
"CAN","Canaan Inc. - American Depositary Shares","2021-12-10 09:30:00-05:00",6.174699783325195,6.219900131225586,5.880000114440918,5.949999809265137,5.949999809265137,756352
"CAN","Canaan Inc. - American Depositary Shares","2021-12-10 10:30:00-05:00",5.949900150299072,5.960000038146973,5.755000114440918,5.758600234985352,5.758600234985352,401355
"CAN","Canaan Inc. - American Depositary Shares","2021-12-10 11:30:00-05:00",5.760000228881836,5.818999767303467,5.710000038146973,5.724999904632568,5.724999904632568,526688
"CAN","Canaan Inc. - American Depositary Shares","2021-12-10 12:30:00-05:00",5.724999904632568,5.769999980926514,5.690000057220459,5.724999904632568,5.724999904632568,268552
"CAN","Canaan Inc. - American Depositary Shares","2021-12-10 13:30:00-05:00",5.71999979019165,5.71999979019165,5.625,5.664999961853027,5.664999961853027,340434
"CAN","Canaan Inc. - American Depositary Shares","2021-12-10 14:30:00-05:00",5.670000076293945,5.809999942779541,5.659999847412109,5.804999828338623,5.804999828338623,405606
"CAN","Canaan Inc. - American Depositary Shares","2021-12-10 15:30:00-05:00",5.800099849700928,5.84499979019165,5.789999961853027,5.816199779510498,5.816199779510498,607940
"CAN","Canaan Inc. - American Depositary Shares","2021-12-10 16:00:00-05:00",5.81,5.9,5.79,5.83,5.83,0
"CAN","Canaan Inc. - American Depositary Shares","2021-12-10 17:00:00-05:00",5.83,5.93,5.81,5.88,5.88,0
"CAN","Canaan Inc. - American Depositary Shares","2021-12-10 18:00:00-05:00",5.88,5.96,5.8,5.8,5.8,0
"CAN","Canaan Inc. - American Depositary Shares","2021-12-13 04:00:00-05:00",5.81,5.94,5.81,5.94,5.94,0
"CAN","Canaan Inc. - American Depositary Shares","2021-12-13 06:00:00-05:00",5.89,5.89,5.89,5.89,5.89,0
"CAN","Canaan Inc. - American Depositary Shares","2021-12-13 07:00:00-05:00",5.89,5.91,5.86,5.88,5.88,0
"CAN","Canaan Inc. - American Depositary Shares","2021-12-13 08:00:00-05:00",5.87,5.91,5.72,5.73,5.73,0
"CAN","Canaan Inc. - American Depositary Shares","2021-12-13 09:00:00-05:00",5.73,5.85,5.73,5.78,5.78,0
"CAN","Canaan Inc. - American Depositary Shares","2021-12-13 09:30:00-05:00",5.789999961853027,5.866300106048584,5.659999847412109,5.710000038146973,5.710000038146973,840681
"CAN","Canaan Inc. - American Depositary Shares","2021-12-13 10:30:00-05:00",5.699999809265137,5.78000020980835,5.619999885559082,5.619999885559082,5.619999885559082,405958
"CAN","Canaan Inc. - American Depositary Shares","2021-12-13 11:30:00-05:00",5.630000114440918,5.690000057220459,5.570000171661377,5.635000228881836,5.635000228881836,433574
"CAN","Canaan Inc. - American Depositary Shares","2021-12-13 12:30:00-05:00",5.635000228881836,5.650000095367432,5.590000152587891,5.5945000648498535,5.5945000648498535,253113
"CAN","Canaan Inc. - American Depositary Shares","2021-12-13 13:30:00-05:00",5.599999904632568,5.650000095367432,5.579999923706055,5.590000152587891,5.590000152587891,223333
"CAN","Canaan Inc. - American Depositary Shares","2021-12-13 14:30:00-05:00",5.590000152587891,5.700099945068359,5.539999961853027,5.690000057220459,5.690000057220459,354762
"CAN","Canaan Inc. - American Depositary Shares","2021-12-13 15:30:00-05:00",5.679999828338623,5.691500186920166,5.639999866485596,5.6483001708984375,5.6483001708984375,440861
"CAN","Canaan Inc. - American Depositary Shares","2021-12-13 16:00:00-05:00",5.64,5.73,5.64,5.72,5.72,0
"CAN","Canaan Inc. - American Depositary Shares","2021-12-13 17:00:00-05:00",5.72,5.73,5.65,5.66,5.66,0
"CAN","Canaan Inc. - American Depositary Shares","2021-12-13 18:00:00-05:00",5.66,5.73,5.65,5.72,5.72,0
"CAN","Canaan Inc. - American Depositary Shares","2021-12-14 04:00:00-05:00",5.71,5.82,5.71,5.78,5.78,0
"CAN","Canaan Inc. - American Depositary Shares","2021-12-14 05:00:00-05:00",5.8,5.8,5.7,5.79,5.79,0
"CAN","Canaan Inc. - American Depositary Shares","2021-12-14 06:00:00-05:00",5.79,5.79,5.72,5.73,5.73,0
"CAN","Canaan Inc. - American Depositary Shares","2021-12-14 07:00:00-05:00",5.74,5.82,5.74,5.82,5.82,0
"CAN","Canaan Inc. - American Depositary Shares","2021-12-14 08:00:00-05:00",5.81,5.82,5.77,5.77,5.77,0
"CAN","Canaan Inc. - American Depositary Shares","2021-12-14 09:00:00-05:00",5.76,5.76,5.57,5.57,5.57,0
"CAN","Canaan Inc. - American Depositary Shares","2021-12-14 09:30:00-05:00",5.559999942779541,5.820000171661377,5.550000190734863,5.684999942779541,5.684999942779541,1278031
"CAN","Canaan Inc. - American Depositary Shares","2021-12-14 10:30:00-05:00",5.684999942779541,5.75,5.541600227355957,5.59499979019165,5.59499979019165,717627
"CAN","Canaan Inc. - American Depositary Shares","2021-12-14 11:30:00-05:00",5.59499979019165,5.605000019073486,5.534999847412109,5.559999942779541,5.559999942779541,485581
"CAN","Canaan Inc. - American Depositary Shares","2021-12-14 12:30:00-05:00",5.550000190734863,5.590000152587891,5.53000020980835,5.551000118255615,5.551000118255615,400253
"CAN","Canaan Inc. - American Depositary Shares","2021-12-14 13:30:00-05:00",5.559999942779541,5.559999942779541,5.464300155639648,5.510000228881836,5.510000228881836,497058
"CAN","Canaan Inc. - American Depositary Shares","2021-12-14 14:30:00-05:00",5.510000228881836,5.585000038146973,5.474999904632568,5.565000057220459,5.565000057220459,472350
"CAN","Canaan Inc. - American Depositary Shares","2021-12-14 15:30:00-05:00",5.559999942779541,5.599999904632568,5.539999961853027,5.559999942779541,5.559999942779541,469614
"CAN","Canaan Inc. - American Depositary Shares","2021-12-14 16:00:00-05:00",5.56,5.62,5.52,5.57,5.57,0
"CAN","Canaan Inc. - American Depositary Shares","2021-12-14 17:00:00-05:00",5.57,5.59,5.56,5.56,5.56,0
"CAN","Canaan Inc. - American Depositary Shares","2021-12-14 18:00:00-05:00",5.56,5.63,5.56,5.63,5.63,0
"CAN","Canaan Inc. - American Depositary Shares","2021-12-15 04:00:00-05:00",5.56,5.56,5.56,5.56,5.56,0
"CAN","Canaan Inc. - American Depositary Shares","2021-12-15 05:00:00-05:00",5.56,5.57,5.55,5.55,5.55,0
"CAN","Canaan Inc. - American Depositary Shares","2021-12-15 06:00:00-05:00",5.8,5.98,5.66,5.66,5.66,0
"CAN","Canaan Inc. - American Depositary Shares","2021-12-15 07:00:00-05:00",5.76,5.82,5.7,5.77,5.77,0
"CAN","Canaan Inc. - American Depositary Shares","2021-12-15 08:00:00-05:00",5.76,5.84,5.63,5.66,5.66,0
"CAN","Canaan Inc. - American Depositary Shares","2021-12-15 09:00:00-05:00",5.65,5.68,5.6,5.62,5.62,0
"CAN","Canaan Inc. - American Depositary Shares","2021-12-15 09:30:00-05:00",5.570000171661377,5.599999904632568,5.289999961853027,5.295000076293945,5.295000076293945,1198035
"CAN","Canaan Inc. - American Depositary Shares","2021-12-15 10:30:00-05:00",5.300000190734863,5.349999904632568,5.239999771118164,5.29010009765625,5.29010009765625,509272
"CAN","Canaan Inc. - American Depositary Shares","2021-12-15 11:30:00-05:00",5.295000076293945,5.34499979019165,5.21999979019165,5.28000020980835,5.28000020980835,535245
"CAN","Canaan Inc. - American Depositary Shares","2021-12-15 12:30:00-05:00",5.275000095367432,5.335000038146973,5.270100116729736,5.320000171661377,5.320000171661377,260792
"CAN","Canaan Inc. - American Depositary Shares","2021-12-15 13:30:00-05:00",5.315000057220459,5.5,5.28000020980835,5.364999771118164,5.364999771118164,862928
"CAN","Canaan Inc. - American Depositary Shares","2021-12-15 14:30:00-05:00",5.360000133514404,5.570000171661377,5.310100078582764,5.53000020980835,5.53000020980835,1008708
"CAN","Canaan Inc. - American Depositary Shares","2021-12-15 15:30:00-05:00",5.534999847412109,5.570000171661377,5.420000076293945,5.5,5.5,1126974
"CAN","Canaan Inc. - American Depositary Shares","2021-12-15 16:00:00-05:00",5.5,5.6,5.46,5.6,5.6,0
"CAN","Canaan Inc. - American Depositary Shares","2021-12-15 17:00:00-05:00",5.61,5.65,5.6,5.62,5.62,0
"CAN","Canaan Inc. - American Depositary Shares","2021-12-15 18:00:00-05:00",5.65,5.7,5.6,5.62,5.62,0
"CAN","Canaan Inc. - American Depositary Shares","2021-12-16 04:00:00-05:00",5.68,5.7,5.68,5.69,5.69,0
"CAN","Canaan Inc. - American Depositary Shares","2021-12-16 05:00:00-05:00",5.69,5.69,5.61,5.68,5.68,0
"CAN","Canaan Inc. - American Depositary Shares","2021-12-16 06:00:00-05:00",5.67,5.75,5.67,5.68,5.68,0
"CAN","Canaan Inc. - American Depositary Shares","2021-12-16 07:00:00-05:00",5.68,5.73,5.68,5.68,5.68,0
"CAN","Canaan Inc. - American Depositary Shares","2021-12-16 08:00:00-05:00",5.68,5.74,5.58,5.61,5.61,0
"CAN","Canaan Inc. - American Depositary Shares","2021-12-16 09:00:00-05:00",5.62,5.7,5.6,5.68,5.68,0
"CAN","Canaan Inc. - American Depositary Shares","2021-12-16 09:30:00-05:00",5.690000057220459,5.78000020980835,5.449999809265137,5.555900096893311,5.555900096893311,1430187
"CAN","Canaan Inc. - American Depositary Shares","2021-12-16 10:30:00-05:00",5.558199882507324,5.559999942779541,5.474999904632568,5.534999847412109,5.534999847412109,472550
"CAN","Canaan Inc. - American Depositary Shares","2021-12-16 11:30:00-05:00",5.534999847412109,5.534999847412109,5.410099983215332,5.417300224304199,5.417300224304199,338544
"CAN","Canaan Inc. - American Depositary Shares","2021-12-16 12:30:00-05:00",5.420000076293945,5.489999771118164,5.380000114440918,5.449999809265137,5.449999809265137,394721
"CAN","Canaan Inc. - American Depositary Shares","2021-12-16 13:30:00-05:00",5.449999809265137,5.489999771118164,5.385000228881836,5.389999866485596,5.389999866485596,340685
"CAN","Canaan Inc. - American Depositary Shares","2021-12-16 14:30:00-05:00",5.38539981842041,5.460000038146973,5.329999923706055,5.460000038146973,5.460000038146973,433383
"CAN","Canaan Inc. - American Depositary Shares","2021-12-16 15:30:00-05:00",5.460000038146973,5.46999979019165,5.420000076293945,5.429999828338623,5.429999828338623,310219
"CAN","Canaan Inc. - American Depositary Shares","2021-12-16 16:00:00-05:00",5.42,5.48,5.4,5.46,5.46,0
"CAN","Canaan Inc. - American Depositary Shares","2021-12-16 17:00:00-05:00",5.45,5.48,5.4,5.45,5.45,0
"CAN","Canaan Inc. - American Depositary Shares","2021-12-16 18:00:00-05:00",5.46,5.46,5.38,5.39,5.39,0
"CAN","Canaan Inc. - American Depositary Shares","2021-12-17 04:00:00-05:00",5.42,5.42,5.37,5.37,5.37,0
"CAN","Canaan Inc. - American Depositary Shares","2021-12-17 05:00:00-05:00",5.37,5.4,5.19,5.26,5.26,0
"CAN","Canaan Inc. - American Depositary Shares","2021-12-17 06:00:00-05:00",5.26,5.27,5.26,5.26,5.26,0
"CAN","Canaan Inc. - American Depositary Shares","2021-12-17 07:00:00-05:00",5.26,5.31,5.2,5.22,5.22,0
"CAN","Canaan Inc. - American Depositary Shares","2021-12-17 08:00:00-05:00",5.21,5.29,5.18,5.2,5.2,0
"CAN","Canaan Inc. - American Depositary Shares","2021-12-17 09:00:00-05:00",5.2,5.23,5.15,5.16,5.16,0
"CAN","Canaan Inc. - American Depositary Shares","2021-12-17 09:30:00-05:00",5.210000038146973,5.269999980926514,4.920000076293945,5.269999980926514,5.269999980926514,1350646
"CAN","Canaan Inc. - American Depositary Shares","2021-12-17 10:30:00-05:00",5.269999980926514,5.425000190734863,5.255000114440918,5.425000190734863,5.425000190734863,456486
"CAN","Canaan Inc. - American Depositary Shares","2021-12-17 11:30:00-05:00",5.429999828338623,5.439899921417236,5.300000190734863,5.329999923706055,5.329999923706055,345822
"CAN","Canaan Inc. - American Depositary Shares","2021-12-17 12:30:00-05:00",5.335000038146973,5.360000133514404,5.289999961853027,5.360000133514404,5.360000133514404,202861
"CAN","Canaan Inc. - American Depositary Shares","2021-12-17 13:30:00-05:00",5.357900142669678,5.364999771118164,5.28000020980835,5.289999961853027,5.289999961853027,227851
"CAN","Canaan Inc. - American Depositary Shares","2021-12-17 14:30:00-05:00",5.300000190734863,5.324999809265137,5.239999771118164,5.25,5.25,346151
"CAN","Canaan Inc. - American Depositary Shares","2021-12-17 15:30:00-05:00",5.239999771118164,5.309999942779541,5.130000114440918,5.289999961853027,5.289999961853027,1008113
"CAN","Canaan Inc. - American Depositary Shares","2021-12-17 16:00:00-05:00",5.3,5.3,5.28,5.3,5.3,0
"CAN","Canaan Inc. - American Depositary Shares","2021-12-17 17:00:00-05:00",5.3,5.31,5.28,5.29,5.29,0
"CAN","Canaan Inc. - American Depositary Shares","2021-12-17 18:00:00-05:00",5.3,5.3,5.29,5.3,5.3,0
"CAN","Canaan Inc. - American Depositary Shares","2021-12-20 04:00:00-05:00",5.18,5.18,5.1,5.1,5.1,0
"CAN","Canaan Inc. - American Depositary Shares","2021-12-20 05:00:00-05:00",5.04,5.08,5.0,5.07,5.07,0
"CAN","Canaan Inc. - American Depositary Shares","2021-12-20 06:00:00-05:00",5.05,5.07,5.03,5.07,5.07,0
"CAN","Canaan Inc. - American Depositary Shares","2021-12-20 07:00:00-05:00",5.06,5.1,5.04,5.09,5.09,0
"CAN","Canaan Inc. - American Depositary Shares","2021-12-20 08:00:00-05:00",5.08,5.1,5.05,5.1,5.1,0
"CAN","Canaan Inc. - American Depositary Shares","2021-12-20 09:00:00-05:00",5.1,5.17,5.06,5.09,5.09,0
"CAN","Canaan Inc. - American Depositary Shares","2021-12-20 09:30:00-05:00",5.039999961853027,5.039999961853027,4.920000076293945,4.954999923706055,4.954999923706055,1253631
"CAN","Canaan Inc. - American Depositary Shares","2021-12-20 10:30:00-05:00",4.954999923706055,4.959499835968018,4.835000038146973,4.849999904632568,4.849999904632568,796837
"CAN","Canaan Inc. - American Depositary Shares","2021-12-20 11:30:00-05:00",4.855000019073486,4.920000076293945,4.820000171661377,4.857399940490723,4.857399940490723,413094
"CAN","Canaan Inc. - American Depositary Shares","2021-12-20 12:30:00-05:00",4.849999904632568,4.857699871063232,4.775000095367432,4.789999961853027,4.789999961853027,517639
"CAN","Canaan Inc. - American Depositary Shares","2021-12-20 13:30:00-05:00",4.800000190734863,4.864999771118164,4.78000020980835,4.840000152587891,4.840000152587891,333259
"CAN","Canaan Inc. - American Depositary Shares","2021-12-20 14:30:00-05:00",4.829999923706055,4.929999828338623,4.809999942779541,4.925000190734863,4.925000190734863,299274
"CAN","Canaan Inc. - American Depositary Shares","2021-12-20 15:30:00-05:00",4.920000076293945,4.920000076293945,4.860000133514404,4.909999847412109,4.909999847412109,342974
"CAN","Canaan Inc. - American Depositary Shares","2021-12-20 16:00:00-05:00",4.91,4.99,4.9,4.99,4.99,0
"CAN","Canaan Inc. - American Depositary Shares","2021-12-20 17:00:00-05:00",4.95,4.95,4.9,4.93,4.93,0
"CAN","Canaan Inc. - American Depositary Shares","2021-12-20 18:00:00-05:00",4.94,4.98,4.92,4.92,4.92,0
"CAN","Canaan Inc. - American Depositary Shares","2021-12-21 04:00:00-05:00",5.1,5.1,5.08,5.1,5.1,0
"CAN","Canaan Inc. - American Depositary Shares","2021-12-21 05:00:00-05:00",5.16,5.16,5.05,5.11,5.11,0
"CAN","Canaan Inc. - American Depositary Shares","2021-12-21 06:00:00-05:00",5.07,5.13,5.07,5.12,5.12,0
"CAN","Canaan Inc. - American Depositary Shares","2021-12-21 07:00:00-05:00",5.13,5.15,5.07,5.12,5.12,0
"CAN","Canaan Inc. - American Depositary Shares","2021-12-21 08:00:00-05:00",5.13,5.16,5.1,5.11,5.11,0
"CAN","Canaan Inc. - American Depositary Shares","2021-12-21 09:00:00-05:00",5.12,5.14,5.04,5.1,5.1,0
"CAN","Canaan Inc. - American Depositary Shares","2021-12-21 09:30:00-05:00",5.090000152587891,5.210000038146973,4.989999771118164,5.085000038146973,5.085000038146973,1480646
"CAN","Canaan Inc. - American Depositary Shares","2021-12-21 10:30:00-05:00",5.085700035095215,5.130000114440918,5.039999961853027,5.114999771118164,5.114999771118164,533314
"CAN","Canaan Inc. - American Depositary Shares","2021-12-21 11:30:00-05:00",5.110000133514404,5.170000076293945,5.070000171661377,5.099999904632568,5.099999904632568,545128
"CAN","Canaan Inc. - American Depositary Shares","2021-12-21 12:30:00-05:00",5.090000152587891,5.090000152587891,5.019999980926514,5.079999923706055,5.079999923706055,408195
"CAN","Canaan Inc. - American Depositary Shares","2021-12-21 13:30:00-05:00",5.074999809265137,5.150000095367432,5.050000190734863,5.119999885559082,5.119999885559082,486187
"CAN","Canaan Inc. - American Depositary Shares","2021-12-21 14:30:00-05:00",5.119999885559082,5.159999847412109,5.105000019073486,5.135000228881836,5.135000228881836,496411
"CAN","Canaan Inc. - American Depositary Shares","2021-12-21 15:30:00-05:00",5.139999866485596,5.170000076293945,5.119999885559082,5.15500020980835,5.15500020980835,549306
"CAN","Canaan Inc. - American Depositary Shares","2021-12-21 16:00:00-05:00",5.16,5.2,5.15,5.2,5.2,0
"CAN","Canaan Inc. - American Depositary Shares","2021-12-21 17:00:00-05:00",5.2,5.2,5.18,5.18,5.18,0
"CAN","Canaan Inc. - American Depositary Shares","2021-12-21 18:00:00-05:00",5.2,5.21,5.16,5.21,5.21,0
"CAN","Canaan Inc. - American Depositary Shares","2021-12-22 04:00:00-05:00",5.14,5.16,5.04,5.16,5.16,0
"CAN","Canaan Inc. - American Depositary Shares","2021-12-22 05:00:00-05:00",5.08,5.11,5.06,5.1,5.1,0
"CAN","Canaan Inc. - American Depositary Shares","2021-12-22 07:00:00-05:00",5.1,5.16,5.1,5.14,5.14,0
"CAN","Canaan Inc. - American Depositary Shares","2021-12-22 08:00:00-05:00",5.15,5.16,5.14,5.14,5.14,0
"CAN","Canaan Inc. - American Depositary Shares","2021-12-22 09:00:00-05:00",5.13,5.14,5.13,5.13,5.13,0
"CAN","Canaan Inc. - American Depositary Shares","2021-12-22 09:30:00-05:00",5.090000152587891,5.130000114440918,4.96999979019165,5.070000171661377,5.070000171661377,749282
"CAN","Canaan Inc. - American Depositary Shares","2021-12-22 10:30:00-05:00",5.059999942779541,5.179999828338623,5.059999942779541,5.175000190734863,5.175000190734863,355781
"CAN","Canaan Inc. - American Depositary Shares","2021-12-22 11:30:00-05:00",5.17140007019043,5.198400020599365,5.099999904632568,5.11959981918335,5.11959981918335,341114
"CAN","Canaan Inc. - American Depositary Shares","2021-12-22 12:30:00-05:00",5.111700057983398,5.130000114440918,5.091700077056885,5.105000019073486,5.105000019073486,191947
"CAN","Canaan Inc. - American Depositary Shares","2021-12-22 13:30:00-05:00",5.105000019073486,5.110000133514404,5.054999828338623,5.065000057220459,5.065000057220459,236080
"CAN","Canaan Inc. - American Depositary Shares","2021-12-22 14:30:00-05:00",5.070000171661377,5.135000228881836,5.065000057220459,5.110000133514404,5.110000133514404,205497
"CAN","Canaan Inc. - American Depositary Shares","2021-12-22 15:30:00-05:00",5.119999885559082,5.21999979019165,5.110000133514404,5.170000076293945,5.170000076293945,295607
"CAN","Canaan Inc. - American Depositary Shares","2021-12-22 16:00:00-05:00",5.18,5.22,5.11,5.19,5.19,0
"CAN","Canaan Inc. - American Depositary Shares","2021-12-22 17:00:00-05:00",5.19,5.19,5.18,5.18,5.18,0
"CAN","Canaan Inc. - American Depositary Shares","2021-12-23 04:00:00-05:00",5.15,5.17,5.15,5.17,5.17,0
"CAN","Canaan Inc. - American Depositary Shares","2021-12-23 05:00:00-05:00",5.15,5.15,5.14,5.15,5.15,0
"CAN","Canaan Inc. - American Depositary Shares","2021-12-23 07:00:00-05:00",5.15,5.15,5.14,5.15,5.15,0
"CAN","Canaan Inc. - American Depositary Shares","2021-12-23 08:00:00-05:00",5.13,5.16,5.1,5.15,5.15,0
"CAN","Canaan Inc. - American Depositary Shares","2021-12-23 09:00:00-05:00",5.16,5.18,5.16,5.17,5.17,0
"CAN","Canaan Inc. - American Depositary Shares","2021-12-23 09:30:00-05:00",5.151999950408936,5.25,5.074999809265137,5.150000095367432,5.150000095367432,432770
"CAN","Canaan Inc. - American Depositary Shares","2021-12-23 10:30:00-05:00",5.150000095367432,5.224999904632568,5.150000095367432,5.210000038146973,5.210000038146973,296492
"CAN","Canaan Inc. - American Depositary Shares","2021-12-23 11:30:00-05:00",5.215000152587891,5.25,5.170000076293945,5.239999771118164,5.239999771118164,289108
"CAN","Canaan Inc. - American Depositary Shares","2021-12-23 12:30:00-05:00",5.25,5.380000114440918,5.235000133514404,5.369500160217285,5.369500160217285,488447
"CAN","Canaan Inc. - American Depositary Shares","2021-12-23 13:30:00-05:00",5.360000133514404,5.480000019073486,5.355000019073486,5.460000038146973,5.460000038146973,843347
"CAN","Canaan Inc. - American Depositary Shares","2021-12-23 14:30:00-05:00",5.465000152587891,5.53000020980835,5.429999828338623,5.434999942779541,5.434999942779541,578611
"CAN","Canaan Inc. - American Depositary Shares","2021-12-23 15:30:00-05:00",5.434999942779541,5.46999979019165,5.429999828338623,5.440000057220459,5.440000057220459,523930
"CAN","Canaan Inc. - American Depositary Shares","2021-12-23 16:00:00-05:00",5.45,5.5,5.45,5.5,5.5,0
"CAN","Canaan Inc. - American Depositary Shares","2021-12-23 17:00:00-05:00",5.49,5.53,5.47,5.5,5.5,0
"CAN","Canaan Inc. - American Depositary Shares","2021-12-23 18:00:00-05:00",5.46,5.53,5.46,5.52,5.52,0
"CAN","Canaan Inc. - American Depositary Shares","2021-12-27 04:00:00-05:00",5.5,5.53,5.42,5.45,5.45,0
"CAN","Canaan Inc. - American Depositary Shares","2021-12-27 05:00:00-05:00",5.48,5.49,5.45,5.49,5.49,0
"CAN","Canaan Inc. - American Depositary Shares","2021-12-27 06:00:00-05:00",5.49,5.49,5.48,5.48,5.48,0
"CAN","Canaan Inc. - American Depositary Shares","2021-12-27 07:00:00-05:00",5.47,5.5,5.47,5.48,5.48,0
"CAN","Canaan Inc. - American Depositary Shares","2021-12-27 08:00:00-05:00",5.48,5.53,5.47,5.52,5.52,0
"CAN","Canaan Inc. - American Depositary Shares","2021-12-27 09:00:00-05:00",5.53,5.58,5.5299,5.55,5.55,0
"CAN","Canaan Inc. - American Depositary Shares","2021-12-27 09:30:00-05:00",5.550000190734863,5.629899978637695,5.389999866485596,5.449999809265137,5.449999809265137,986549
"CAN","Canaan Inc. - American Depositary Shares","2021-12-27 10:30:00-05:00",5.449999809265137,5.53000020980835,5.414999961853027,5.485000133514404,5.485000133514404,550506
"CAN","Canaan Inc. - American Depositary Shares","2021-12-27 11:30:00-05:00",5.485000133514404,5.510000228881836,5.420000076293945,5.480000019073486,5.480000019073486,262319
"CAN","Canaan Inc. - American Depositary Shares","2021-12-27 12:30:00-05:00",5.479800224304199,5.509900093078613,5.440000057220459,5.440000057220459,5.440000057220459,213458
"CAN","Canaan Inc. - American Depositary Shares","2021-12-27 13:30:00-05:00",5.441599845886231,5.46999979019165,5.389999866485596,5.400000095367432,5.400000095367432,384601
"CAN","Canaan Inc. - American Depositary Shares","2021-12-27 14:30:00-05:00",5.400000095367432,5.400000095367432,5.329999923706055,5.360000133514404,5.360000133514404,362573
"CAN","Canaan Inc. - American Depositary Shares","2021-12-27 15:30:00-05:00",5.360000133514404,5.389999866485596,5.329999923706055,5.385000228881836,5.385000228881836,256746
"CAN","Canaan Inc. - American Depositary Shares","2021-12-27 16:00:00-05:00",5.38,5.4,5.37,5.39,5.39,0
"CAN","Canaan Inc. - American Depositary Shares","2021-12-27 17:00:00-05:00",5.39,5.39,5.35,5.35,5.35,0
"CAN","Canaan Inc. - American Depositary Shares","2021-12-27 18:00:00-05:00",5.35,5.39,5.35,5.35,5.35,0
"CAN","Canaan Inc. - American Depositary Shares","2021-12-28 04:00:00-05:00",5.3,5.3,5.18,5.18,5.18,0
"CAN","Canaan Inc. - American Depositary Shares","2021-12-28 05:00:00-05:00",5.2,5.23,5.2,5.23,5.23,0
"CAN","Canaan Inc. - American Depositary Shares","2021-12-28 06:00:00-05:00",5.23,5.26,5.23,5.26,5.26,0
"CAN","Canaan Inc. - American Depositary Shares","2021-12-28 07:00:00-05:00",5.26,5.26,5.19,5.21,5.21,0
"CAN","Canaan Inc. - American Depositary Shares","2021-12-28 08:00:00-05:00",5.21,5.23,5.19,5.21,5.21,0
"CAN","Canaan Inc. - American Depositary Shares","2021-12-28 09:00:00-05:00",5.22,5.26,5.17,5.26,5.26,0
"CAN","Canaan Inc. - American Depositary Shares","2021-12-28 09:30:00-05:00",5.228099822998047,5.269700050354004,5.050000190734863,5.125,5.125,786745
"CAN","Canaan Inc. - American Depositary Shares","2021-12-28 10:30:00-05:00",5.130000114440918,5.158299922943115,4.989999771118164,5.007599830627441,5.007599830627441,777873
"CAN","Canaan Inc. - American Depositary Shares","2021-12-28 11:30:00-05:00",5.007599830627441,5.034999847412109,4.96999979019165,4.978400230407715,4.978400230407715,441405
"CAN","Canaan Inc. - American Depositary Shares","2021-12-28 12:30:00-05:00",4.980000019073486,4.985000133514404,4.909999847412109,4.920000076293945,4.920000076293945,375542
"CAN","Canaan Inc. - American Depositary Shares","2021-12-28 13:30:00-05:00",4.909999847412109,4.929999828338623,4.880000114440918,4.909999847412109,4.909999847412109,354846
"CAN","Canaan Inc. - American Depositary Shares","2021-12-28 14:30:00-05:00",4.920000076293945,4.949999809265137,4.889999866485596,4.940000057220459,4.940000057220459,284749
"CAN","Canaan Inc. - American Depositary Shares","2021-12-28 15:30:00-05:00",4.934999942779541,4.949999809265137,4.909999847412109,4.920000076293945,4.920000076293945,342721
"CAN","Canaan Inc. - American Depositary Shares","2021-12-28 16:00:00-05:00",4.92,4.99,4.92,4.94,4.94,0
"CAN","Canaan Inc. - American Depositary Shares","2021-12-28 17:00:00-05:00",4.94,4.99,4.92,4.93,4.93,0
"CAN","Canaan Inc. - American Depositary Shares","2021-12-28 18:00:00-05:00",4.93,4.95,4.93,4.95,4.95,0
"CAN","Canaan Inc. - American Depositary Shares","2021-12-29 04:00:00-05:00",5.0,5.0,4.92,4.95,4.95,0
"CAN","Canaan Inc. - American Depositary Shares","2021-12-29 05:00:00-05:00",5.0,5.0,4.92,4.92,4.92,0
"CAN","Canaan Inc. - American Depositary Shares","2021-12-29 06:00:00-05:00",4.97,4.97,4.92,4.92,4.92,0
"CAN","Canaan Inc. - American Depositary Shares","2021-12-29 07:00:00-05:00",4.92,4.92,4.82,4.82,4.82,0
"CAN","Canaan Inc. - American Depositary Shares","2021-12-29 08:00:00-05:00",4.81,4.99,4.81,4.84,4.84,0
"CAN","Canaan Inc. - American Depositary Shares","2021-12-29 09:00:00-05:00",4.85,4.98,4.85,4.95,4.95,0
"CAN","Canaan Inc. - American Depositary Shares","2021-12-29 09:30:00-05:00",4.960000038146973,5.119999885559082,4.900000095367432,5.010000228881836,5.010000228881836,936612
"CAN","Canaan Inc. - American Depositary Shares","2021-12-29 10:30:00-05:00",5.014999866485596,5.079899787902832,4.980000019073486,5.010000228881836,5.010000228881836,323134
"CAN","Canaan Inc. - American Depositary Shares","2021-12-29 11:30:00-05:00",5.010000228881836,5.014999866485596,4.96999979019165,4.977499961853027,4.977499961853027,197215
"CAN","Canaan Inc. - American Depositary Shares","2021-12-29 12:30:00-05:00",4.96999979019165,4.980000019073486,4.925000190734863,4.929999828338623,4.929999828338623,170577
"CAN","Canaan Inc. - American Depositary Shares","2021-12-29 13:30:00-05:00",4.929999828338623,4.96999979019165,4.925000190734863,4.945000171661377,4.945000171661377,146192
"CAN","Canaan Inc. - American Depositary Shares","2021-12-29 14:30:00-05:00",4.940000057220459,4.949999809265137,4.849999904632568,4.850900173187256,4.850900173187256,284633
"CAN","Canaan Inc. - American Depositary Shares","2021-12-29 15:30:00-05:00",4.859899997711182,4.909999847412109,4.849999904632568,4.909999847412109,4.909999847412109,251357
"CAN","Canaan Inc. - American Depositary Shares","2021-12-29 16:00:00-05:00",4.89,4.91,4.85,4.87,4.87,0
"CAN","Canaan Inc. - American Depositary Shares","2021-12-29 17:00:00-05:00",4.87,4.89,4.85,4.87,4.87,0
"CAN","Canaan Inc. - American Depositary Shares","2021-12-29 18:00:00-05:00",4.89,4.89,4.85,4.85,4.85,0
"CAN","Canaan Inc. - American Depositary Shares","2021-12-30 04:00:00-05:00",4.89,4.89,4.86,4.87,4.87,0
"CAN","Canaan Inc. - American Depositary Shares","2021-12-30 06:00:00-05:00",4.92,4.95,4.88,4.88,4.88,0
"CAN","Canaan Inc. - American Depositary Shares","2021-12-30 07:00:00-05:00",4.89,4.95,4.88,4.89,4.89,0
"CAN","Canaan Inc. - American Depositary Shares","2021-12-30 08:00:00-05:00",4.95,4.99,4.87,4.95,4.95,0
"CAN","Canaan Inc. - American Depositary Shares","2021-12-30 09:00:00-05:00",4.97,4.97,4.93,4.95,4.95,0
"CAN","Canaan Inc. - American Depositary Shares","2021-12-30 09:30:00-05:00",4.889999866485596,5.150000095367432,4.864999771118164,5.039999961853027,5.039999961853027,639412
"CAN","Canaan Inc. - American Depositary Shares","2021-12-30 10:30:00-05:00",5.039999961853027,5.110000133514404,5.039999961853027,5.090000152587891,5.090000152587891,249675
"CAN","Canaan Inc. - American Depositary Shares","2021-12-30 11:30:00-05:00",5.090000152587891,5.150000095367432,5.079999923706055,5.130000114440918,5.130000114440918,257884
"CAN","Canaan Inc. - American Depositary Shares","2021-12-30 12:30:00-05:00",5.130000114440918,5.150000095367432,5.110000133514404,5.135000228881836,5.135000228881836,214024
"CAN","Canaan Inc. - American Depositary Shares","2021-12-30 13:30:00-05:00",5.139999866485596,5.21999979019165,5.139999866485596,5.181700229644775,5.181700229644775,376707
"CAN","Canaan Inc. - American Depositary Shares","2021-12-30 14:30:00-05:00",5.179999828338623,5.190000057220459,5.074999809265137,5.090000152587891,5.090000152587891,325752
"CAN","Canaan Inc. - American Depositary Shares","2021-12-30 15:30:00-05:00",5.099999904632568,5.114999771118164,5.050000190734863,5.079999923706055,5.079999923706055,346257
"CAN","Canaan Inc. - American Depositary Shares","2021-12-30 16:00:00-05:00",5.06,5.08,5.05,5.07,5.07,0
"CAN","Canaan Inc. - American Depositary Shares","2021-12-30 17:00:00-05:00",5.0701,5.08,5.07,5.07,5.07,0
