"ticker","name","date","open","high","low","close","adjusted close","volume"
"CYTH","Cyclo Therapeutics, Inc. - Common Stock","2021-01-04 05:00:00-05:00",4.3,4.3,4.3,4.3,4.3,0
"CYTH","Cyclo Therapeutics, Inc. - Common Stock","2021-01-04 06:00:00-05:00",4.3,4.31,4.3,4.31,4.31,0
"CYTH","Cyclo Therapeutics, Inc. - Common Stock","2021-01-04 07:00:00-05:00",4.31,4.35,4.26,4.35,4.35,0
"CYTH","Cyclo Therapeutics, Inc. - Common Stock","2021-01-04 08:00:00-05:00",4.3,4.4499,4.3,4.3401,4.3401,0
"CYTH","Cyclo Therapeutics, Inc. - Common Stock","2021-01-04 09:00:00-05:00",4.3499,4.3798,4.34,4.34,4.34,0
"CYTH","Cyclo Therapeutics, Inc. - Common Stock","2021-01-04 09:30:00-05:00",4.5,4.710000038146973,4.380000114440918,4.5,4.5,79858
"CYTH","Cyclo Therapeutics, Inc. - Common Stock","2021-01-04 10:30:00-05:00",4.496099948883057,4.519999980926514,4.291600227355957,4.349999904632568,4.349999904632568,9245
"CYTH","Cyclo Therapeutics, Inc. - Common Stock","2021-01-04 11:30:00-05:00",4.349999904632568,4.449999809265137,4.25,4.286099910736084,4.286099910736084,22607
"CYTH","Cyclo Therapeutics, Inc. - Common Stock","2021-01-04 12:30:00-05:00",4.239999771118164,4.320000171661377,4.199999809265137,4.295000076293945,4.295000076293945,29112
"CYTH","Cyclo Therapeutics, Inc. - Common Stock","2021-01-04 13:30:00-05:00",4.294099807739258,4.329999923706055,4.260000228881836,4.260000228881836,4.260000228881836,7300
"CYTH","Cyclo Therapeutics, Inc. - Common Stock","2021-01-04 14:30:00-05:00",4.289999961853027,4.335299968719482,4.199999809265137,4.273799896240234,4.273799896240234,14292
"CYTH","Cyclo Therapeutics, Inc. - Common Stock","2021-01-04 15:30:00-05:00",4.210000038146973,4.300000190734863,4.159999847412109,4.179999828338623,4.179999828338623,14157
"CYTH","Cyclo Therapeutics, Inc. - Common Stock","2021-01-04 16:00:00-05:00",4.25,4.25,4.18,4.18,4.18,0
"CYTH","Cyclo Therapeutics, Inc. - Common Stock","2021-01-04 17:00:00-05:00",4.18,4.2,4.18,4.18,4.18,0
"CYTH","Cyclo Therapeutics, Inc. - Common Stock","2021-01-04 18:00:00-05:00",4.19,4.2,4.18,4.18,4.18,0
"CYTH","Cyclo Therapeutics, Inc. - Common Stock","2021-01-05 04:00:00-05:00",4.14,4.14,4.05,4.05,4.05,0
"CYTH","Cyclo Therapeutics, Inc. - Common Stock","2021-01-05 06:00:00-05:00",4.5,4.5,4.5,4.5,4.5,0
"CYTH","Cyclo Therapeutics, Inc. - Common Stock","2021-01-05 07:00:00-05:00",4.34,4.34,4.34,4.34,4.34,0
"CYTH","Cyclo Therapeutics, Inc. - Common Stock","2021-01-05 08:00:00-05:00",4.18,6.2,4.18,5.55,5.55,0
"CYTH","Cyclo Therapeutics, Inc. - Common Stock","2021-01-05 09:00:00-05:00",5.55,6.59,5.15,5.7,5.7,0
"CYTH","Cyclo Therapeutics, Inc. - Common Stock","2021-01-05 09:30:00-05:00",5.5,6.340000152587891,5.25,6.186500072479248,6.186500072479248,10372004
"CYTH","Cyclo Therapeutics, Inc. - Common Stock","2021-01-05 10:30:00-05:00",6.190000057220459,6.739999771118164,5.349999904632568,5.360000133514404,5.360000133514404,5815626
"CYTH","Cyclo Therapeutics, Inc. - Common Stock","2021-01-05 11:30:00-05:00",5.360000133514404,5.510000228881836,5.110000133514404,5.199999809265137,5.199999809265137,922098
"CYTH","Cyclo Therapeutics, Inc. - Common Stock","2021-01-05 12:30:00-05:00",5.207300186157227,5.489999771118164,5.139999866485596,5.21999979019165,5.21999979019165,426113
"CYTH","Cyclo Therapeutics, Inc. - Common Stock","2021-01-05 13:30:00-05:00",5.2565999031066895,5.309999942779541,4.929999828338623,5.127200126647949,5.127200126647949,382070
"CYTH","Cyclo Therapeutics, Inc. - Common Stock","2021-01-05 14:30:00-05:00",5.090000152587891,5.25,5.059999942779541,5.199999809265137,5.199999809265137,205719
"CYTH","Cyclo Therapeutics, Inc. - Common Stock","2021-01-05 15:30:00-05:00",5.179500102996826,5.269999980926514,5.120399951934815,5.25,5.25,209713
"CYTH","Cyclo Therapeutics, Inc. - Common Stock","2021-01-05 16:00:00-05:00",5.21,5.29,4.84,5.05,5.05,0
"CYTH","Cyclo Therapeutics, Inc. - Common Stock","2021-01-05 17:00:00-05:00",5.05,5.1,4.96,5.0,5.0,0
"CYTH","Cyclo Therapeutics, Inc. - Common Stock","2021-01-05 18:00:00-05:00",5.0,5.0,4.94,4.95,4.95,0
"CYTH","Cyclo Therapeutics, Inc. - Common Stock","2021-01-06 04:00:00-05:00",5.1,5.1,4.95,4.95,4.95,0
"CYTH","Cyclo Therapeutics, Inc. - Common Stock","2021-01-06 06:00:00-05:00",4.97,5.2,4.95,5.2,5.2,0
"CYTH","Cyclo Therapeutics, Inc. - Common Stock","2021-01-06 07:00:00-05:00",5.17,5.17,4.95,4.95,4.95,0
"CYTH","Cyclo Therapeutics, Inc. - Common Stock","2021-01-06 08:00:00-05:00",4.9,5.06,4.86,5.01,5.01,0
"CYTH","Cyclo Therapeutics, Inc. - Common Stock","2021-01-06 09:00:00-05:00",5.0002,5.24,5.0002,5.2,5.2,0
"CYTH","Cyclo Therapeutics, Inc. - Common Stock","2021-01-06 09:30:00-05:00",5.239999771118164,5.389999866485596,5.159999847412109,5.320000171661377,5.320000171661377,272650
"CYTH","Cyclo Therapeutics, Inc. - Common Stock","2021-01-06 10:30:00-05:00",5.309999942779541,5.37470006942749,5.139999866485596,5.184999942779541,5.184999942779541,134735
"CYTH","Cyclo Therapeutics, Inc. - Common Stock","2021-01-06 11:30:00-05:00",5.190000057220459,5.199999809265137,4.929999828338623,5.159999847412109,5.159999847412109,77809
"CYTH","Cyclo Therapeutics, Inc. - Common Stock","2021-01-06 12:30:00-05:00",5.173500061035156,5.340000152587891,5.130000114440918,5.269999980926514,5.269999980926514,47956
"CYTH","Cyclo Therapeutics, Inc. - Common Stock","2021-01-06 13:30:00-05:00",5.264999866485596,5.300000190734863,5.130000114440918,5.239999771118164,5.239999771118164,36536
"CYTH","Cyclo Therapeutics, Inc. - Common Stock","2021-01-06 14:30:00-05:00",5.269999980926514,5.300000190734863,5.079999923706055,5.159999847412109,5.159999847412109,46766
"CYTH","Cyclo Therapeutics, Inc. - Common Stock","2021-01-06 15:30:00-05:00",5.159999847412109,5.199999809265137,5.010000228881836,5.150000095367432,5.150000095367432,53705
"CYTH","Cyclo Therapeutics, Inc. - Common Stock","2021-01-06 16:00:00-05:00",5.1,5.1,5.0102,5.04,5.04,0
"CYTH","Cyclo Therapeutics, Inc. - Common Stock","2021-01-06 17:00:00-05:00",5.02,5.03,5.02,5.03,5.03,0
"CYTH","Cyclo Therapeutics, Inc. - Common Stock","2021-01-06 18:00:00-05:00",5.0301,5.0301,5.0301,5.0301,5.0301,0
"CYTH","Cyclo Therapeutics, Inc. - Common Stock","2021-01-07 04:00:00-05:00",5.08,5.08,5.08,5.08,5.08,0
"CYTH","Cyclo Therapeutics, Inc. - Common Stock","2021-01-07 05:00:00-05:00",5.02,5.02,5.02,5.02,5.02,0
"CYTH","Cyclo Therapeutics, Inc. - Common Stock","2021-01-07 07:00:00-05:00",5.1,5.1,5.02,5.02,5.02,0
"CYTH","Cyclo Therapeutics, Inc. - Common Stock","2021-01-07 08:00:00-05:00",5.04,5.29,5.0,5.0,5.0,0
"CYTH","Cyclo Therapeutics, Inc. - Common Stock","2021-01-07 09:00:00-05:00",5.02,5.03,5.0,5.02,5.02,0
"CYTH","Cyclo Therapeutics, Inc. - Common Stock","2021-01-07 09:30:00-05:00",5.019999980926514,5.099199771881104,4.850100040435791,4.909999847412109,4.909999847412109,102942
"CYTH","Cyclo Therapeutics, Inc. - Common Stock","2021-01-07 10:30:00-05:00",4.892600059509277,5.095099925994873,4.885000228881836,4.989999771118164,4.989999771118164,45396
"CYTH","Cyclo Therapeutics, Inc. - Common Stock","2021-01-07 11:30:00-05:00",4.938899993896484,5.0,4.760000228881836,4.833600044250488,4.833600044250488,50506
"CYTH","Cyclo Therapeutics, Inc. - Common Stock","2021-01-07 12:30:00-05:00",4.820000171661377,4.919899940490723,4.769999980926514,4.880000114440918,4.880000114440918,63887
"CYTH","Cyclo Therapeutics, Inc. - Common Stock","2021-01-07 13:30:00-05:00",4.820000171661377,4.859799861907959,4.710000038146973,4.806300163269043,4.806300163269043,44316
"CYTH","Cyclo Therapeutics, Inc. - Common Stock","2021-01-07 14:30:00-05:00",4.80649995803833,4.922599792480469,4.619999885559082,4.739999771118164,4.739999771118164,76459
"CYTH","Cyclo Therapeutics, Inc. - Common Stock","2021-01-07 15:30:00-05:00",4.699999809265137,4.78000020980835,4.600100040435791,4.610000133514404,4.610000133514404,86930
"CYTH","Cyclo Therapeutics, Inc. - Common Stock","2021-01-07 16:00:00-05:00",4.65,4.65,4.65,4.65,4.65,0
"CYTH","Cyclo Therapeutics, Inc. - Common Stock","2021-01-07 17:00:00-05:00",4.8,4.8,4.8,4.8,4.8,0
"CYTH","Cyclo Therapeutics, Inc. - Common Stock","2021-01-07 18:00:00-05:00",4.8,4.8,4.8,4.8,4.8,0
"CYTH","Cyclo Therapeutics, Inc. - Common Stock","2021-01-08 08:00:00-05:00",4.75,4.75,4.75,4.75,4.75,0
"CYTH","Cyclo Therapeutics, Inc. - Common Stock","2021-01-08 09:00:00-05:00",4.8,4.8441,4.8,4.84,4.84,0
"CYTH","Cyclo Therapeutics, Inc. - Common Stock","2021-01-08 09:30:00-05:00",4.820000171661377,4.989999771118164,4.800000190734863,4.900000095367432,4.900000095367432,79314
"CYTH","Cyclo Therapeutics, Inc. - Common Stock","2021-01-08 10:30:00-05:00",4.900000095367432,4.949999809265137,4.900000095367432,4.939899921417236,4.939899921417236,21123
"CYTH","Cyclo Therapeutics, Inc. - Common Stock","2021-01-08 11:30:00-05:00",4.920000076293945,5.03000020980835,4.900000095367432,5.002699851989746,5.002699851989746,31065
"CYTH","Cyclo Therapeutics, Inc. - Common Stock","2021-01-08 12:30:00-05:00",4.989999771118164,5.199999809265137,4.940000057220459,5.010200023651123,5.010200023651123,42339
"CYTH","Cyclo Therapeutics, Inc. - Common Stock","2021-01-08 13:30:00-05:00",5.010000228881836,5.150000095367432,5.010000228881836,5.069900035858154,5.069900035858154,25630
"CYTH","Cyclo Therapeutics, Inc. - Common Stock","2021-01-08 14:30:00-05:00",5.050000190734863,5.099999904632568,5.0,5.03000020980835,5.03000020980835,17261
"CYTH","Cyclo Therapeutics, Inc. - Common Stock","2021-01-08 15:30:00-05:00",5.03000020980835,5.099999904632568,5.0,5.005000114440918,5.005000114440918,18225
"CYTH","Cyclo Therapeutics, Inc. - Common Stock","2021-01-08 16:00:00-05:00",5.05,5.05,5.05,5.05,5.05,1058
"CYTH","Cyclo Therapeutics, Inc. - Common Stock","2021-01-08 17:00:00-05:00",5.1,5.1,5.06,5.06,5.06,0
"CYTH","Cyclo Therapeutics, Inc. - Common Stock","2021-01-08 18:00:00-05:00",5.06,5.07,5.0,5.07,5.07,0
"CYTH","Cyclo Therapeutics, Inc. - Common Stock","2021-01-11 04:00:00-05:00",4.8,4.8,4.8,4.8,4.8,0
"CYTH","Cyclo Therapeutics, Inc. - Common Stock","2021-01-11 05:00:00-05:00",4.8,4.8,4.8,4.8,4.8,0
"CYTH","Cyclo Therapeutics, Inc. - Common Stock","2021-01-11 08:00:00-05:00",4.8201,5.0,4.82,5.0,5.0,0
"CYTH","Cyclo Therapeutics, Inc. - Common Stock","2021-01-11 09:00:00-05:00",4.91,5.06,4.9,4.91,4.91,0
"CYTH","Cyclo Therapeutics, Inc. - Common Stock","2021-01-11 09:30:00-05:00",4.900000095367432,5.0,4.829999923706055,4.96999979019165,4.96999979019165,39086
"CYTH","Cyclo Therapeutics, Inc. - Common Stock","2021-01-11 10:30:00-05:00",4.949999809265137,5.099999904632568,4.900000095367432,4.900000095367432,4.900000095367432,21175
"CYTH","Cyclo Therapeutics, Inc. - Common Stock","2021-01-11 11:30:00-05:00",4.925000190734863,4.984600067138672,4.659999847412109,4.855299949645996,4.855299949645996,142897
"CYTH","Cyclo Therapeutics, Inc. - Common Stock","2021-01-11 12:30:00-05:00",4.840000152587891,4.866099834442139,4.71999979019165,4.849999904632568,4.849999904632568,10031
"CYTH","Cyclo Therapeutics, Inc. - Common Stock","2021-01-11 13:30:00-05:00",4.849999904632568,4.870999813079834,4.760000228881836,4.769999980926514,4.769999980926514,42701
"CYTH","Cyclo Therapeutics, Inc. - Common Stock","2021-01-11 14:30:00-05:00",4.800000190734863,4.840000152587891,4.760000228881836,4.769999980926514,4.769999980926514,6186
"CYTH","Cyclo Therapeutics, Inc. - Common Stock","2021-01-11 15:30:00-05:00",4.795000076293945,4.820000171661377,4.769999980926514,4.789999961853027,4.789999961853027,18494
"CYTH","Cyclo Therapeutics, Inc. - Common Stock","2021-01-11 16:00:00-05:00",4.8,4.8,4.7199,4.72,4.72,0
"CYTH","Cyclo Therapeutics, Inc. - Common Stock","2021-01-11 17:00:00-05:00",4.7199,4.72,4.7199,4.72,4.72,0
"CYTH","Cyclo Therapeutics, Inc. - Common Stock","2021-01-11 18:00:00-05:00",4.72,5.0,4.72,5.0,5.0,0
"CYTH","Cyclo Therapeutics, Inc. - Common Stock","2021-01-12 04:00:00-05:00",4.66,4.66,4.66,4.66,4.66,0
"CYTH","Cyclo Therapeutics, Inc. - Common Stock","2021-01-12 05:00:00-05:00",4.66,4.66,4.66,4.66,4.66,0
"CYTH","Cyclo Therapeutics, Inc. - Common Stock","2021-01-12 07:00:00-05:00",4.67,4.67,4.65,4.65,4.65,0
"CYTH","Cyclo Therapeutics, Inc. - Common Stock","2021-01-12 08:00:00-05:00",4.79,4.84,4.6702,4.6702,4.6702,0
"CYTH","Cyclo Therapeutics, Inc. - Common Stock","2021-01-12 09:30:00-05:00",4.75,4.800000190734863,4.670000076293945,4.670000076293945,4.670000076293945,35541
"CYTH","Cyclo Therapeutics, Inc. - Common Stock","2021-01-12 10:30:00-05:00",4.699999809265137,4.789999961853027,4.680099964141846,4.710000038146973,4.710000038146973,28251
"CYTH","Cyclo Therapeutics, Inc. - Common Stock","2021-01-12 11:30:00-05:00",4.771500110626221,4.78000020980835,4.679999828338623,4.75,4.75,26944
"CYTH","Cyclo Therapeutics, Inc. - Common Stock","2021-01-12 12:30:00-05:00",4.724999904632568,4.760000228881836,4.699999809265137,4.739999771118164,4.739999771118164,28948
"CYTH","Cyclo Therapeutics, Inc. - Common Stock","2021-01-12 13:30:00-05:00",4.760000228881836,4.914999961853027,4.739999771118164,4.846799850463867,4.846799850463867,14029
"CYTH","Cyclo Therapeutics, Inc. - Common Stock","2021-01-12 14:30:00-05:00",4.840000152587891,4.880000114440918,4.800000190734863,4.810100078582764,4.810100078582764,9206
"CYTH","Cyclo Therapeutics, Inc. - Common Stock","2021-01-12 15:30:00-05:00",4.829999923706055,4.889999866485596,4.809999942779541,4.809999942779541,4.809999942779541,29702
"CYTH","Cyclo Therapeutics, Inc. - Common Stock","2021-01-12 16:00:00-05:00",4.85,4.85,4.85,4.85,4.85,0
"CYTH","Cyclo Therapeutics, Inc. - Common Stock","2021-01-12 17:00:00-05:00",4.86,4.86,4.85,4.85,4.85,0
"CYTH","Cyclo Therapeutics, Inc. - Common Stock","2021-01-13 08:00:00-05:00",4.7132,4.85,4.7132,4.8498,4.8498,0
"CYTH","Cyclo Therapeutics, Inc. - Common Stock","2021-01-13 09:00:00-05:00",4.85,4.9499,4.76,4.76,4.76,0
"CYTH","Cyclo Therapeutics, Inc. - Common Stock","2021-01-13 09:30:00-05:00",4.849999904632568,5.0,4.809999942779541,4.977099895477295,4.977099895477295,74517
"CYTH","Cyclo Therapeutics, Inc. - Common Stock","2021-01-13 10:30:00-05:00",4.949999809265137,4.951000213623047,4.800000190734863,4.800000190734863,4.800000190734863,28494
"CYTH","Cyclo Therapeutics, Inc. - Common Stock","2021-01-13 11:30:00-05:00",4.800099849700928,4.96999979019165,4.800099849700928,4.950099945068359,4.950099945068359,18258
"CYTH","Cyclo Therapeutics, Inc. - Common Stock","2021-01-13 12:30:00-05:00",4.925000190734863,5.25,4.925000190734863,5.179999828338623,5.179999828338623,69752
"CYTH","Cyclo Therapeutics, Inc. - Common Stock","2021-01-13 13:30:00-05:00",5.199999809265137,5.230000019073486,4.940000057220459,5.079999923706055,5.079999923706055,53089
"CYTH","Cyclo Therapeutics, Inc. - Common Stock","2021-01-13 14:30:00-05:00",4.989999771118164,5.099999904632568,4.980000019073486,5.055699825286865,5.055699825286865,7217
"CYTH","Cyclo Therapeutics, Inc. - Common Stock","2021-01-13 15:30:00-05:00",5.010000228881836,5.150000095367432,5.010000228881836,5.099999904632568,5.099999904632568,14992
"CYTH","Cyclo Therapeutics, Inc. - Common Stock","2021-01-13 16:00:00-05:00",5.03,5.03,5.03,5.03,5.03,0
"CYTH","Cyclo Therapeutics, Inc. - Common Stock","2021-01-13 17:00:00-05:00",4.97,5.11,4.97,5.11,5.11,0
"CYTH","Cyclo Therapeutics, Inc. - Common Stock","2021-01-13 18:00:00-05:00",5.11,5.11,4.95,4.95,4.95,0
"CYTH","Cyclo Therapeutics, Inc. - Common Stock","2021-01-14 07:00:00-05:00",5.03,5.03,5.03,5.03,5.03,0
"CYTH","Cyclo Therapeutics, Inc. - Common Stock","2021-01-14 08:00:00-05:00",5.03,5.27,5.03,5.23,5.23,0
"CYTH","Cyclo Therapeutics, Inc. - Common Stock","2021-01-14 09:00:00-05:00",5.23,5.23,5.15,5.1699,5.1699,0
"CYTH","Cyclo Therapeutics, Inc. - Common Stock","2021-01-14 09:30:00-05:00",5.090000152587891,5.369999885559082,5.090000152587891,5.349899768829346,5.349899768829346,139360
"CYTH","Cyclo Therapeutics, Inc. - Common Stock","2021-01-14 10:30:00-05:00",5.319900035858154,5.449999809265137,5.199999809265137,5.420000076293945,5.420000076293945,51888
"CYTH","Cyclo Therapeutics, Inc. - Common Stock","2021-01-14 11:30:00-05:00",5.389900207519531,5.449999809265137,5.300000190734863,5.360000133514404,5.360000133514404,22557
"CYTH","Cyclo Therapeutics, Inc. - Common Stock","2021-01-14 12:30:00-05:00",5.360099792480469,5.5,5.349999904632568,5.461999893188477,5.461999893188477,57599
"CYTH","Cyclo Therapeutics, Inc. - Common Stock","2021-01-14 13:30:00-05:00",5.5,5.730000019073486,5.489999771118164,5.610000133514404,5.610000133514404,85469
"CYTH","Cyclo Therapeutics, Inc. - Common Stock","2021-01-14 14:30:00-05:00",5.59499979019165,5.630000114440918,5.420000076293945,5.549600124359131,5.549600124359131,67736
"CYTH","Cyclo Therapeutics, Inc. - Common Stock","2021-01-14 15:30:00-05:00",5.550000190734863,5.559999942779541,5.480000019073486,5.5,5.5,44446
"CYTH","Cyclo Therapeutics, Inc. - Common Stock","2021-01-14 16:00:00-05:00",5.54,5.54,5.54,5.54,5.54,0
"CYTH","Cyclo Therapeutics, Inc. - Common Stock","2021-01-14 17:00:00-05:00",5.57,5.57,5.56,5.56,5.56,0
"CYTH","Cyclo Therapeutics, Inc. - Common Stock","2021-01-14 18:00:00-05:00",5.5899,5.6,5.55,5.6,5.6,0
"CYTH","Cyclo Therapeutics, Inc. - Common Stock","2021-01-15 05:00:00-05:00",5.42,5.42,5.42,5.42,5.42,0
"CYTH","Cyclo Therapeutics, Inc. - Common Stock","2021-01-15 06:00:00-05:00",5.54,5.54,5.54,5.54,5.54,0
"CYTH","Cyclo Therapeutics, Inc. - Common Stock","2021-01-15 07:00:00-05:00",5.69,5.69,5.02,5.44,5.44,0
"CYTH","Cyclo Therapeutics, Inc. - Common Stock","2021-01-15 09:00:00-05:00",5.4,5.44,5.38,5.44,5.44,0
"CYTH","Cyclo Therapeutics, Inc. - Common Stock","2021-01-15 09:30:00-05:00",5.599999904632568,5.599999904632568,5.210000038146973,5.210000038146973,5.210000038146973,95141
"CYTH","Cyclo Therapeutics, Inc. - Common Stock","2021-01-15 10:30:00-05:00",5.21999979019165,5.5,5.21999979019165,5.388000011444092,5.388000011444092,34182
"CYTH","Cyclo Therapeutics, Inc. - Common Stock","2021-01-15 11:30:00-05:00",5.360000133514404,5.497600078582764,5.260000228881836,5.400000095367432,5.400000095367432,23680
"CYTH","Cyclo Therapeutics, Inc. - Common Stock","2021-01-15 12:30:00-05:00",5.343699932098389,5.5,5.315599918365479,5.329999923706055,5.329999923706055,12714
"CYTH","Cyclo Therapeutics, Inc. - Common Stock","2021-01-15 13:30:00-05:00",5.429999828338623,5.429999828338623,5.329999923706055,5.329999923706055,5.329999923706055,3723
"CYTH","Cyclo Therapeutics, Inc. - Common Stock","2021-01-15 14:30:00-05:00",5.460000038146973,5.699999809265137,5.400000095367432,5.650000095367432,5.650000095367432,97466
"CYTH","Cyclo Therapeutics, Inc. - Common Stock","2021-01-15 15:30:00-05:00",5.684999942779541,5.760000228881836,5.610000133514404,5.747300148010254,5.747300148010254,68603
"CYTH","Cyclo Therapeutics, Inc. - Common Stock","2021-01-15 16:00:00-05:00",5.7,5.75,5.49,5.75,5.75,0
"CYTH","Cyclo Therapeutics, Inc. - Common Stock","2021-01-15 17:00:00-05:00",5.6,5.6,5.45,5.45,5.45,0
"CYTH","Cyclo Therapeutics, Inc. - Common Stock","2021-01-15 18:00:00-05:00",5.6,5.6,5.5,5.6,5.6,0
"CYTH","Cyclo Therapeutics, Inc. - Common Stock","2021-01-19 04:00:00-05:00",5.5,5.5,5.5,5.5,5.5,0
"CYTH","Cyclo Therapeutics, Inc. - Common Stock","2021-01-19 07:00:00-05:00",5.26,5.6,5.26,5.32,5.32,0
"CYTH","Cyclo Therapeutics, Inc. - Common Stock","2021-01-19 09:00:00-05:00",5.5,5.5,5.47,5.47,5.47,0
"CYTH","Cyclo Therapeutics, Inc. - Common Stock","2021-01-19 09:30:00-05:00",5.78000020980835,5.78000020980835,5.560100078582764,5.690000057220459,5.690000057220459,86195
"CYTH","Cyclo Therapeutics, Inc. - Common Stock","2021-01-19 10:30:00-05:00",5.690000057220459,5.849999904632568,5.690000057220459,5.731100082397461,5.731100082397461,57086
"CYTH","Cyclo Therapeutics, Inc. - Common Stock","2021-01-19 11:30:00-05:00",5.699999809265137,5.849999904632568,5.380000114440918,5.659999847412109,5.659999847412109,70927
"CYTH","Cyclo Therapeutics, Inc. - Common Stock","2021-01-19 12:30:00-05:00",5.740499973297119,5.880000114440918,5.6504998207092285,5.789999961853027,5.789999961853027,107006
"CYTH","Cyclo Therapeutics, Inc. - Common Stock","2021-01-19 13:30:00-05:00",5.809999942779541,5.869999885559082,5.800000190734863,5.832300186157227,5.832300186157227,45876
"CYTH","Cyclo Therapeutics, Inc. - Common Stock","2021-01-19 14:30:00-05:00",5.869999885559082,5.980000019073486,5.760000228881836,5.949999809265137,5.949999809265137,40695
"CYTH","Cyclo Therapeutics, Inc. - Common Stock","2021-01-19 15:30:00-05:00",5.914000034332275,6.0,5.880000114440918,5.929999828338623,5.929999828338623,29088
"CYTH","Cyclo Therapeutics, Inc. - Common Stock","2021-01-19 16:00:00-05:00",5.94,5.99,5.94,5.98,5.98,0
"CYTH","Cyclo Therapeutics, Inc. - Common Stock","2021-01-19 17:00:00-05:00",5.9799,5.9799,5.96,5.9799,5.9799,0
"CYTH","Cyclo Therapeutics, Inc. - Common Stock","2021-01-19 18:00:00-05:00",5.97,5.98,5.97,5.98,5.98,0
"CYTH","Cyclo Therapeutics, Inc. - Common Stock","2021-01-20 08:00:00-05:00",5.94,5.94,5.94,5.94,5.94,0
"CYTH","Cyclo Therapeutics, Inc. - Common Stock","2021-01-20 09:00:00-05:00",5.94,5.94,5.94,5.94,5.94,0
"CYTH","Cyclo Therapeutics, Inc. - Common Stock","2021-01-20 09:30:00-05:00",5.980000019073486,6.183199882507324,5.950900077819824,6.103000164031982,6.103000164031982,96133
"CYTH","Cyclo Therapeutics, Inc. - Common Stock","2021-01-20 10:30:00-05:00",6.100100040435791,6.150000095367432,5.670000076293945,5.710100173950195,5.710100173950195,115566
"CYTH","Cyclo Therapeutics, Inc. - Common Stock","2021-01-20 11:30:00-05:00",5.800000190734863,5.800000190734863,5.610000133514404,5.610000133514404,5.610000133514404,46200
"CYTH","Cyclo Therapeutics, Inc. - Common Stock","2021-01-20 12:30:00-05:00",5.670000076293945,5.800000190734863,5.599999904632568,5.699999809265137,5.699999809265137,53553
"CYTH","Cyclo Therapeutics, Inc. - Common Stock","2021-01-20 13:30:00-05:00",5.699900150299072,5.741199970245361,5.619999885559082,5.730000019073486,5.730000019073486,12600
"CYTH","Cyclo Therapeutics, Inc. - Common Stock","2021-01-20 14:30:00-05:00",5.672599792480469,5.739999771118164,5.672599792480469,5.731100082397461,5.731100082397461,5271
"CYTH","Cyclo Therapeutics, Inc. - Common Stock","2021-01-20 15:30:00-05:00",5.71999979019165,5.739999771118164,5.690000057220459,5.710000038146973,5.710000038146973,25520
"CYTH","Cyclo Therapeutics, Inc. - Common Stock","2021-01-20 16:00:00-05:00",5.74,5.7402,5.74,5.74,5.74,0
"CYTH","Cyclo Therapeutics, Inc. - Common Stock","2021-01-20 17:00:00-05:00",5.848,5.85,5.848,5.85,5.85,0
"CYTH","Cyclo Therapeutics, Inc. - Common Stock","2021-01-20 18:00:00-05:00",5.7501,5.85,5.75,5.75,5.75,0
"CYTH","Cyclo Therapeutics, Inc. - Common Stock","2021-01-21 06:00:00-05:00",5.76,5.76,5.75,5.75,5.75,0
"CYTH","Cyclo Therapeutics, Inc. - Common Stock","2021-01-21 07:00:00-05:00",5.75,5.76,5.75,5.76,5.76,0
"CYTH","Cyclo Therapeutics, Inc. - Common Stock","2021-01-21 08:00:00-05:00",5.84,5.91,5.84,5.91,5.91,0
"CYTH","Cyclo Therapeutics, Inc. - Common Stock","2021-01-21 09:00:00-05:00",5.92,5.92,5.85,5.85,5.85,0
"CYTH","Cyclo Therapeutics, Inc. - Common Stock","2021-01-21 09:30:00-05:00",5.860000133514404,5.900000095367432,5.75,5.900000095367432,5.900000095367432,65994
"CYTH","Cyclo Therapeutics, Inc. - Common Stock","2021-01-21 10:30:00-05:00",5.900000095367432,5.980000019073486,5.750500202178955,5.875,5.875,43468
"CYTH","Cyclo Therapeutics, Inc. - Common Stock","2021-01-21 11:30:00-05:00",5.900000095367432,6.039999961853027,5.870200157165527,6.039999961853027,6.039999961853027,51259
"CYTH","Cyclo Therapeutics, Inc. - Common Stock","2021-01-21 12:30:00-05:00",6.039999961853027,6.289999961853027,6.0,6.119999885559082,6.119999885559082,77126
"CYTH","Cyclo Therapeutics, Inc. - Common Stock","2021-01-21 13:30:00-05:00",6.150000095367432,6.225200176239014,6.013700008392334,6.179999828338623,6.179999828338623,46922
"CYTH","Cyclo Therapeutics, Inc. - Common Stock","2021-01-21 14:30:00-05:00",6.179900169372559,6.2118000984191895,6.050000190734863,6.084199905395508,6.084199905395508,18163
"CYTH","Cyclo Therapeutics, Inc. - Common Stock","2021-01-21 15:30:00-05:00",6.144999980926514,6.150000095367432,6.0,6.130000114440918,6.130000114440918,21356
"CYTH","Cyclo Therapeutics, Inc. - Common Stock","2021-01-21 16:00:00-05:00",6.14,6.14,6.06,6.06,6.06,0
"CYTH","Cyclo Therapeutics, Inc. - Common Stock","2021-01-21 17:00:00-05:00",6.07,6.07,6.07,6.07,6.07,0
"CYTH","Cyclo Therapeutics, Inc. - Common Stock","2021-01-21 18:00:00-05:00",6.09,6.09,6.09,6.09,6.09,0
"CYTH","Cyclo Therapeutics, Inc. - Common Stock","2021-01-22 06:00:00-05:00",6.1,6.1,6.1,6.1,6.1,0
"CYTH","Cyclo Therapeutics, Inc. - Common Stock","2021-01-22 07:00:00-05:00",6.1,6.1,6.02,6.02,6.02,0
"CYTH","Cyclo Therapeutics, Inc. - Common Stock","2021-01-22 08:00:00-05:00",6.05,6.1,5.85,6.05,6.05,0
"CYTH","Cyclo Therapeutics, Inc. - Common Stock","2021-01-22 09:30:00-05:00",6.050000190734863,6.199999809265137,6.018700122833252,6.148900032043457,6.148900032043457,43307
"CYTH","Cyclo Therapeutics, Inc. - Common Stock","2021-01-22 10:30:00-05:00",6.150000095367432,6.170000076293945,6.079999923706055,6.159999847412109,6.159999847412109,21343
"CYTH","Cyclo Therapeutics, Inc. - Common Stock","2021-01-22 11:30:00-05:00",6.179900169372559,6.320000171661377,6.150000095367432,6.2459001541137695,6.2459001541137695,36717
"CYTH","Cyclo Therapeutics, Inc. - Common Stock","2021-01-22 12:30:00-05:00",6.215000152587891,6.298999786376953,6.184100151062012,6.25,6.25,25808
"CYTH","Cyclo Therapeutics, Inc. - Common Stock","2021-01-22 13:30:00-05:00",6.190000057220459,6.289999961853027,6.150000095367432,6.150100231170654,6.150100231170654,52089
"CYTH","Cyclo Therapeutics, Inc. - Common Stock","2021-01-22 14:30:00-05:00",6.25,6.25,6.151000022888184,6.21999979019165,6.21999979019165,13752
"CYTH","Cyclo Therapeutics, Inc. - Common Stock","2021-01-22 15:30:00-05:00",6.184999942779541,6.218900203704834,6.150000095367432,6.150000095367432,6.150000095367432,11687
"CYTH","Cyclo Therapeutics, Inc. - Common Stock","2021-01-22 16:00:00-05:00",6.15,6.2,6.14,6.1999,6.1999,0
"CYTH","Cyclo Therapeutics, Inc. - Common Stock","2021-01-22 17:00:00-05:00",6.2,6.22,6.15,6.22,6.22,0
"CYTH","Cyclo Therapeutics, Inc. - Common Stock","2021-01-22 18:00:00-05:00",6.22,6.25,6.22,6.25,6.25,0
"CYTH","Cyclo Therapeutics, Inc. - Common Stock","2021-01-25 04:00:00-05:00",6.4,6.45,6.4,6.4,6.4,0
"CYTH","Cyclo Therapeutics, Inc. - Common Stock","2021-01-25 07:00:00-05:00",6.4,6.4,6.25,6.25,6.25,0
"CYTH","Cyclo Therapeutics, Inc. - Common Stock","2021-01-25 08:00:00-05:00",6.4,6.4,6.25,6.3,6.3,0
"CYTH","Cyclo Therapeutics, Inc. - Common Stock","2021-01-25 09:00:00-05:00",6.25,6.3,6.25,6.25,6.25,0
"CYTH","Cyclo Therapeutics, Inc. - Common Stock","2021-01-25 09:30:00-05:00",6.199999809265137,6.599999904632568,6.199999809265137,6.527200222015381,6.527200222015381,100196
"CYTH","Cyclo Therapeutics, Inc. - Common Stock","2021-01-25 10:30:00-05:00",6.599999904632568,6.599999904632568,6.199999809265137,6.380000114440918,6.380000114440918,52354
"CYTH","Cyclo Therapeutics, Inc. - Common Stock","2021-01-25 11:30:00-05:00",6.349999904632568,6.400000095367432,6.28000020980835,6.340000152587891,6.340000152587891,20566
"CYTH","Cyclo Therapeutics, Inc. - Common Stock","2021-01-25 12:30:00-05:00",6.349800109863281,6.349999904632568,6.28000020980835,6.315000057220459,6.315000057220459,9488
"CYTH","Cyclo Therapeutics, Inc. - Common Stock","2021-01-25 13:30:00-05:00",6.28000020980835,6.400000095367432,6.28000020980835,6.389999866485596,6.389999866485596,50663
"CYTH","Cyclo Therapeutics, Inc. - Common Stock","2021-01-25 14:30:00-05:00",6.389900207519531,6.389900207519531,6.260000228881836,6.296999931335449,6.296999931335449,15356
"CYTH","Cyclo Therapeutics, Inc. - Common Stock","2021-01-25 15:30:00-05:00",6.269999980926514,6.28000020980835,6.260000228881836,6.260000228881836,6.260000228881836,18002
"CYTH","Cyclo Therapeutics, Inc. - Common Stock","2021-01-25 16:00:00-05:00",6.27,6.69,6.27,6.65,6.65,0
"CYTH","Cyclo Therapeutics, Inc. - Common Stock","2021-01-25 17:00:00-05:00",6.58,6.58,6.39,6.39,6.39,0
"CYTH","Cyclo Therapeutics, Inc. - Common Stock","2021-01-25 18:00:00-05:00",6.39,6.39,6.35,6.39,6.39,0
"CYTH","Cyclo Therapeutics, Inc. - Common Stock","2021-01-26 06:00:00-05:00",6.21,6.21,6.2,6.2,6.2,0
"CYTH","Cyclo Therapeutics, Inc. - Common Stock","2021-01-26 08:00:00-05:00",6.26,6.35,6.26,6.26,6.26,0
"CYTH","Cyclo Therapeutics, Inc. - Common Stock","2021-01-26 09:00:00-05:00",6.4,6.53,6.3,6.53,6.53,0
"CYTH","Cyclo Therapeutics, Inc. - Common Stock","2021-01-26 09:30:00-05:00",6.599999904632568,6.599999904632568,6.199999809265137,6.234000205993652,6.234000205993652,63775
"CYTH","Cyclo Therapeutics, Inc. - Common Stock","2021-01-26 10:30:00-05:00",6.21999979019165,6.239999771118164,6.050000190734863,6.070099830627441,6.070099830627441,25027
"CYTH","Cyclo Therapeutics, Inc. - Common Stock","2021-01-26 11:30:00-05:00",6.091000080108643,6.20989990234375,6.079800128936768,6.1402997970581055,6.1402997970581055,12473
"CYTH","Cyclo Therapeutics, Inc. - Common Stock","2021-01-26 12:30:00-05:00",6.149799823760986,6.28000020980835,6.149799823760986,6.199999809265137,6.199999809265137,19057
"CYTH","Cyclo Therapeutics, Inc. - Common Stock","2021-01-26 13:30:00-05:00",6.204999923706055,6.300000190734863,6.150000095367432,6.210000038146973,6.210000038146973,6485
"CYTH","Cyclo Therapeutics, Inc. - Common Stock","2021-01-26 14:30:00-05:00",6.289999961853027,6.300000190734863,6.142899990081787,6.190999984741211,6.190999984741211,11435
"CYTH","Cyclo Therapeutics, Inc. - Common Stock","2021-01-26 15:30:00-05:00",6.214000225067139,6.239999771118164,6.179999828338623,6.199900150299072,6.199900150299072,11979
"CYTH","Cyclo Therapeutics, Inc. - Common Stock","2021-01-26 16:00:00-05:00",6.24,6.24,6.0833,6.09,6.09,0
"CYTH","Cyclo Therapeutics, Inc. - Common Stock","2021-01-26 17:00:00-05:00",6.24,6.24,6.24,6.24,6.24,0
"CYTH","Cyclo Therapeutics, Inc. - Common Stock","2021-01-26 18:00:00-05:00",6.2,6.2,6.1,6.1,6.1,0
"CYTH","Cyclo Therapeutics, Inc. - Common Stock","2021-01-27 04:00:00-05:00",6.08,6.08,6.08,6.08,6.08,0
"CYTH","Cyclo Therapeutics, Inc. - Common Stock","2021-01-27 05:00:00-05:00",5.92,5.92,5.92,5.92,5.92,0
"CYTH","Cyclo Therapeutics, Inc. - Common Stock","2021-01-27 06:00:00-05:00",5.95,5.95,5.95,5.95,5.95,0
"CYTH","Cyclo Therapeutics, Inc. - Common Stock","2021-01-27 07:00:00-05:00",5.95,6.05,5.95,6.05,6.05,0
"CYTH","Cyclo Therapeutics, Inc. - Common Stock","2021-01-27 08:00:00-05:00",6.1,6.1,6.03,6.03,6.03,0
"CYTH","Cyclo Therapeutics, Inc. - Common Stock","2021-01-27 09:00:00-05:00",6.07,6.98,5.96,6.4,6.4,0
"CYTH","Cyclo Therapeutics, Inc. - Common Stock","2021-01-27 09:30:00-05:00",6.400000095367432,6.570000171661377,6.239999771118164,6.559999942779541,6.559999942779541,196934
"CYTH","Cyclo Therapeutics, Inc. - Common Stock","2021-01-27 10:30:00-05:00",6.550000190734863,6.800000190734863,6.539999961853027,6.75,6.75,77978
"CYTH","Cyclo Therapeutics, Inc. - Common Stock","2021-01-27 11:30:00-05:00",6.75,6.789999961853027,6.543300151824951,6.543300151824951,6.543300151824951,35684
"CYTH","Cyclo Therapeutics, Inc. - Common Stock","2021-01-27 12:30:00-05:00",6.599999904632568,6.743299961090088,6.5,6.630000114440918,6.630000114440918,25464
"CYTH","Cyclo Therapeutics, Inc. - Common Stock","2021-01-27 13:30:00-05:00",6.659999847412109,6.789999961853027,6.581399917602539,6.71999979019165,6.71999979019165,45178
"CYTH","Cyclo Therapeutics, Inc. - Common Stock","2021-01-27 14:30:00-05:00",6.705999851226807,6.71999979019165,6.309999942779541,6.599999904632568,6.599999904632568,62789
"CYTH","Cyclo Therapeutics, Inc. - Common Stock","2021-01-27 15:30:00-05:00",6.602200031280518,6.710000038146973,6.5,6.599999904632568,6.599999904632568,34022
"CYTH","Cyclo Therapeutics, Inc. - Common Stock","2021-01-27 16:00:00-05:00",6.6,6.6,6.41,6.48,6.48,0
"CYTH","Cyclo Therapeutics, Inc. - Common Stock","2021-01-27 17:00:00-05:00",6.56,6.78,6.43,6.55,6.55,0
"CYTH","Cyclo Therapeutics, Inc. - Common Stock","2021-01-27 18:00:00-05:00",6.55,6.55,6.43,6.49,6.49,0
"CYTH","Cyclo Therapeutics, Inc. - Common Stock","2021-01-28 04:00:00-05:00",6.35,6.35,6.35,6.35,6.35,0
"CYTH","Cyclo Therapeutics, Inc. - Common Stock","2021-01-28 07:00:00-05:00",6.49,6.49,6.2,6.3,6.3,0
"CYTH","Cyclo Therapeutics, Inc. - Common Stock","2021-01-28 08:00:00-05:00",6.44,6.475,6.37,6.42,6.42,0
"CYTH","Cyclo Therapeutics, Inc. - Common Stock","2021-01-28 09:00:00-05:00",6.413,6.46,6.31,6.43,6.43,0
"CYTH","Cyclo Therapeutics, Inc. - Common Stock","2021-01-28 09:30:00-05:00",6.46999979019165,6.78000020980835,6.320000171661377,6.369999885559082,6.369999885559082,57628
"CYTH","Cyclo Therapeutics, Inc. - Common Stock","2021-01-28 10:30:00-05:00",6.369999885559082,6.760000228881836,6.090000152587891,6.21999979019165,6.21999979019165,75101
"CYTH","Cyclo Therapeutics, Inc. - Common Stock","2021-01-28 11:30:00-05:00",6.25,6.362299919128418,6.03000020980835,6.045000076293945,6.045000076293945,37523
"CYTH","Cyclo Therapeutics, Inc. - Common Stock","2021-01-28 12:30:00-05:00",6.050000190734863,6.170000076293945,6.03000020980835,6.039999961853027,6.039999961853027,15653
"CYTH","Cyclo Therapeutics, Inc. - Common Stock","2021-01-28 13:30:00-05:00",6.039999961853027,6.21999979019165,6.039999961853027,6.099999904632568,6.099999904632568,30731
"CYTH","Cyclo Therapeutics, Inc. - Common Stock","2021-01-28 14:30:00-05:00",6.099999904632568,6.25,6.019999980926514,6.050000190734863,6.050000190734863,45842
"CYTH","Cyclo Therapeutics, Inc. - Common Stock","2021-01-28 15:30:00-05:00",6.050000190734863,6.093299865722656,6.0,6.0,6.0,23548
"CYTH","Cyclo Therapeutics, Inc. - Common Stock","2021-01-28 16:00:00-05:00",6.0,6.29,5.96,6.05,6.05,0
"CYTH","Cyclo Therapeutics, Inc. - Common Stock","2021-01-28 17:00:00-05:00",6.05,6.25,6.03,6.05,6.05,0
"CYTH","Cyclo Therapeutics, Inc. - Common Stock","2021-01-28 18:00:00-05:00",6.05,6.09,6.05,6.05,6.05,0
"CYTH","Cyclo Therapeutics, Inc. - Common Stock","2021-01-29 04:00:00-05:00",6.0,6.0,6.0,6.0,6.0,0
"CYTH","Cyclo Therapeutics, Inc. - Common Stock","2021-01-29 06:00:00-05:00",6.0,6.0,5.99,5.99,5.99,0
"CYTH","Cyclo Therapeutics, Inc. - Common Stock","2021-01-29 07:00:00-05:00",5.97,6.0,5.9,6.0,6.0,0
"CYTH","Cyclo Therapeutics, Inc. - Common Stock","2021-01-29 08:00:00-05:00",5.9003,6.01,5.9,6.0,6.0,0
"CYTH","Cyclo Therapeutics, Inc. - Common Stock","2021-01-29 09:00:00-05:00",6.0401,6.28,6.0401,6.25,6.25,0
"CYTH","Cyclo Therapeutics, Inc. - Common Stock","2021-01-29 09:30:00-05:00",6.099999904632568,6.249899864196777,6.059999942779541,6.110000133514404,6.110000133514404,37467
"CYTH","Cyclo Therapeutics, Inc. - Common Stock","2021-01-29 10:30:00-05:00",6.110000133514404,6.239999771118164,6.065000057220459,6.110000133514404,6.110000133514404,35289
"CYTH","Cyclo Therapeutics, Inc. - Common Stock","2021-01-29 11:30:00-05:00",6.144999980926514,6.21999979019165,6.099999904632568,6.219900131225586,6.219900131225586,38653
"CYTH","Cyclo Therapeutics, Inc. - Common Stock","2021-01-29 12:30:00-05:00",6.195000171661377,6.21999979019165,5.920000076293945,5.995999813079834,5.995999813079834,71956
"CYTH","Cyclo Therapeutics, Inc. - Common Stock","2021-01-29 13:30:00-05:00",5.973999977111816,6.099999904632568,5.973999977111816,6.050000190734863,6.050000190734863,12830
"CYTH","Cyclo Therapeutics, Inc. - Common Stock","2021-01-29 14:30:00-05:00",6.010000228881836,6.125,5.9816999435424805,5.9816999435424805,5.9816999435424805,15920
"CYTH","Cyclo Therapeutics, Inc. - Common Stock","2021-01-29 15:30:00-05:00",6.0,6.050000190734863,5.920000076293945,5.960000038146973,5.960000038146973,8412
"CYTH","Cyclo Therapeutics, Inc. - Common Stock","2021-01-29 16:00:00-05:00",5.92,6.0,5.92,5.96,5.96,0
"CYTH","Cyclo Therapeutics, Inc. - Common Stock","2021-01-29 17:00:00-05:00",6.05,6.1,6.05,6.1,6.1,0
"CYTH","Cyclo Therapeutics, Inc. - Common Stock","2021-01-29 18:00:00-05:00",5.96,6.1,5.92,6.1,6.1,0
"CYTH","Cyclo Therapeutics, Inc. - Common Stock","2021-02-01 04:00:00-05:00",5.92,5.92,5.92,5.92,5.92,0
"CYTH","Cyclo Therapeutics, Inc. - Common Stock","2021-02-01 07:00:00-05:00",6.1,6.25,5.92,6.25,6.25,0
"CYTH","Cyclo Therapeutics, Inc. - Common Stock","2021-02-01 08:00:00-05:00",6.1,6.2499,6.075,6.2,6.2,0
"CYTH","Cyclo Therapeutics, Inc. - Common Stock","2021-02-01 09:00:00-05:00",6.22,6.25,6.05,6.05,6.05,0
"CYTH","Cyclo Therapeutics, Inc. - Common Stock","2021-02-01 09:30:00-05:00",6.070000171661377,6.900000095367432,6.050000190734863,6.579999923706055,6.579999923706055,124529
"CYTH","Cyclo Therapeutics, Inc. - Common Stock","2021-02-01 10:30:00-05:00",6.5,6.771900177001953,6.410099983215332,6.510000228881836,6.510000228881836,45368
"CYTH","Cyclo Therapeutics, Inc. - Common Stock","2021-02-01 11:30:00-05:00",6.530099868774414,6.639999866485596,6.5,6.539999961853027,6.539999961853027,24066
"CYTH","Cyclo Therapeutics, Inc. - Common Stock","2021-02-01 12:30:00-05:00",6.590000152587891,6.708000183105469,6.470099925994873,6.670000076293945,6.670000076293945,113890
"CYTH","Cyclo Therapeutics, Inc. - Common Stock","2021-02-01 13:30:00-05:00",6.630000114440918,6.70989990234375,6.539999961853027,6.70989990234375,6.70989990234375,14751
"CYTH","Cyclo Therapeutics, Inc. - Common Stock","2021-02-01 14:30:00-05:00",6.699999809265137,6.800000190734863,6.559999942779541,6.690000057220459,6.690000057220459,49231
"CYTH","Cyclo Therapeutics, Inc. - Common Stock","2021-02-01 15:30:00-05:00",6.670000076293945,6.75,6.570000171661377,6.72189998626709,6.72189998626709,41664
"CYTH","Cyclo Therapeutics, Inc. - Common Stock","2021-02-01 16:00:00-05:00",6.75,6.75,6.45,6.7,6.7,0
"CYTH","Cyclo Therapeutics, Inc. - Common Stock","2021-02-01 17:00:00-05:00",6.6001,6.6999,6.6001,6.6999,6.6999,0
"CYTH","Cyclo Therapeutics, Inc. - Common Stock","2021-02-01 18:00:00-05:00",6.6,6.7,6.6,6.7,6.7,0
"CYTH","Cyclo Therapeutics, Inc. - Common Stock","2021-02-02 05:00:00-05:00",6.75,6.75,6.75,6.75,6.75,0
"CYTH","Cyclo Therapeutics, Inc. - Common Stock","2021-02-02 07:00:00-05:00",6.78,6.78,6.6,6.75,6.75,0
"CYTH","Cyclo Therapeutics, Inc. - Common Stock","2021-02-02 08:00:00-05:00",6.75,6.89,6.72,6.75,6.75,0
"CYTH","Cyclo Therapeutics, Inc. - Common Stock","2021-02-02 09:00:00-05:00",6.75,6.9,6.45,6.9,6.9,0
"CYTH","Cyclo Therapeutics, Inc. - Common Stock","2021-02-02 09:30:00-05:00",6.809999942779541,6.874000072479248,6.480000019073486,6.840000152587891,6.840000152587891,95247
"CYTH","Cyclo Therapeutics, Inc. - Common Stock","2021-02-02 10:30:00-05:00",6.760000228881836,6.78000020980835,6.440000057220459,6.445199966430664,6.445199966430664,39258
"CYTH","Cyclo Therapeutics, Inc. - Common Stock","2021-02-02 11:30:00-05:00",6.425000190734863,6.704999923706055,6.425000190734863,6.650000095367432,6.650000095367432,27933
"CYTH","Cyclo Therapeutics, Inc. - Common Stock","2021-02-02 12:30:00-05:00",6.619999885559082,6.699999809265137,6.526000022888184,6.699999809265137,6.699999809265137,10851
"CYTH","Cyclo Therapeutics, Inc. - Common Stock","2021-02-02 13:30:00-05:00",6.550099849700928,6.71999979019165,6.550099849700928,6.71999979019165,6.71999979019165,21541
"CYTH","Cyclo Therapeutics, Inc. - Common Stock","2021-02-02 14:30:00-05:00",6.610099792480469,6.980000019073486,6.610000133514404,6.910999774932861,6.910999774932861,178404
"CYTH","Cyclo Therapeutics, Inc. - Common Stock","2021-02-02 15:30:00-05:00",6.920000076293945,7.650000095367432,6.859600067138672,7.409999847412109,7.409999847412109,174017
"CYTH","Cyclo Therapeutics, Inc. - Common Stock","2021-02-02 16:00:00-05:00",7.43,7.44,7.3,7.3,7.3,0
"CYTH","Cyclo Therapeutics, Inc. - Common Stock","2021-02-02 17:00:00-05:00",7.32,7.3712,7.2,7.3,7.3,0
"CYTH","Cyclo Therapeutics, Inc. - Common Stock","2021-02-02 18:00:00-05:00",7.2,7.2,7.12,7.12,7.12,0
"CYTH","Cyclo Therapeutics, Inc. - Common Stock","2021-02-03 04:00:00-05:00",7.44,7.44,7.44,7.44,7.44,0
"CYTH","Cyclo Therapeutics, Inc. - Common Stock","2021-02-03 05:00:00-05:00",7.5,7.84,7.5,7.5,7.5,0
"CYTH","Cyclo Therapeutics, Inc. - Common Stock","2021-02-03 06:00:00-05:00",7.9,7.92,7.64,7.64,7.64,0
"CYTH","Cyclo Therapeutics, Inc. - Common Stock","2021-02-03 07:00:00-05:00",7.64,7.65,7.55,7.59,7.59,0
"CYTH","Cyclo Therapeutics, Inc. - Common Stock","2021-02-03 08:00:00-05:00",7.6,7.6,7.5,7.53,7.53,0
"CYTH","Cyclo Therapeutics, Inc. - Common Stock","2021-02-03 09:00:00-05:00",7.53,7.64,7.51,7.63,7.63,0
"CYTH","Cyclo Therapeutics, Inc. - Common Stock","2021-02-03 09:30:00-05:00",7.550000190734863,7.888299942016602,7.449999809265137,7.499899864196777,7.499899864196777,203330
"CYTH","Cyclo Therapeutics, Inc. - Common Stock","2021-02-03 10:30:00-05:00",7.464900016784668,7.699999809265137,7.449999809265137,7.639999866485596,7.639999866485596,107809
"CYTH","Cyclo Therapeutics, Inc. - Common Stock","2021-02-03 11:30:00-05:00",7.639999866485596,7.670199871063232,7.460000038146973,7.510000228881836,7.510000228881836,54424
"CYTH","Cyclo Therapeutics, Inc. - Common Stock","2021-02-03 12:30:00-05:00",7.460000038146973,7.585000038146973,7.239999771118164,7.570000171661377,7.570000171661377,144870
"CYTH","Cyclo Therapeutics, Inc. - Common Stock","2021-02-03 13:30:00-05:00",7.534999847412109,7.570000171661377,7.409999847412109,7.525000095367432,7.525000095367432,21840
"CYTH","Cyclo Therapeutics, Inc. - Common Stock","2021-02-03 14:30:00-05:00",7.550000190734863,8.0,7.409999847412109,7.996500015258789,7.996500015258789,297673
"CYTH","Cyclo Therapeutics, Inc. - Common Stock","2021-02-03 15:30:00-05:00",8.0,8.449999809265137,7.949999809265137,8.170000076293945,8.170000076293945,261964
"CYTH","Cyclo Therapeutics, Inc. - Common Stock","2021-02-03 16:00:00-05:00",8.25,8.47,7.95,8.35,8.35,0
"CYTH","Cyclo Therapeutics, Inc. - Common Stock","2021-02-03 17:00:00-05:00",8.35,9.55,8.15,9.09,9.09,0
"CYTH","Cyclo Therapeutics, Inc. - Common Stock","2021-02-03 18:00:00-05:00",9.12,9.2,8.58,8.66,8.66,0
"CYTH","Cyclo Therapeutics, Inc. - Common Stock","2021-02-04 04:00:00-05:00",9.3,9.8,9.3,9.72,9.72,0
"CYTH","Cyclo Therapeutics, Inc. - Common Stock","2021-02-04 05:00:00-05:00",9.72,9.73,9.0,9.0,9.0,0
"CYTH","Cyclo Therapeutics, Inc. - Common Stock","2021-02-04 06:00:00-05:00",9.45,9.52,9.2,9.49,9.49,0
"CYTH","Cyclo Therapeutics, Inc. - Common Stock","2021-02-04 07:00:00-05:00",9.22,10.0,9.0,9.78,9.78,0
"CYTH","Cyclo Therapeutics, Inc. - Common Stock","2021-02-04 08:00:00-05:00",9.67,10.25,9.13,9.5,9.5,0
"CYTH","Cyclo Therapeutics, Inc. - Common Stock","2021-02-04 09:00:00-05:00",9.52,10.1,9.41,10.05,10.05,0
"CYTH","Cyclo Therapeutics, Inc. - Common Stock","2021-02-04 09:30:00-05:00",10.0,13.0,10.0,10.6899995803833,10.6899995803833,2490513
"CYTH","Cyclo Therapeutics, Inc. - Common Stock","2021-02-04 10:30:00-05:00",10.778900146484377,12.390000343322754,10.380000114440918,12.11110019683838,12.11110019683838,938256
"CYTH","Cyclo Therapeutics, Inc. - Common Stock","2021-02-04 11:30:00-05:00",12.115900039672852,12.119999885559082,10.600000381469728,11.25,11.25,469059
"CYTH","Cyclo Therapeutics, Inc. - Common Stock","2021-02-04 12:30:00-05:00",11.3149995803833,13.800000190734863,10.699999809265137,13.44379997253418,13.44379997253418,1610709
"CYTH","Cyclo Therapeutics, Inc. - Common Stock","2021-02-04 13:30:00-05:00",13.449999809265137,15.3100004196167,12.40999984741211,13.4399995803833,13.4399995803833,4939830
"CYTH","Cyclo Therapeutics, Inc. - Common Stock","2021-02-04 14:30:00-05:00",13.34000015258789,13.899999618530272,12.149999618530272,12.649999618530272,12.649999618530272,1081836
"CYTH","Cyclo Therapeutics, Inc. - Common Stock","2021-02-04 15:30:00-05:00",12.5,13.100000381469728,11.5,12.960000038146973,12.960000038146973,677430
"CYTH","Cyclo Therapeutics, Inc. - Common Stock","2021-02-04 16:00:00-05:00",13.15,13.16,11.7001,12.11,12.11,0
"CYTH","Cyclo Therapeutics, Inc. - Common Stock","2021-02-04 17:00:00-05:00",12.1,12.23,11.55,11.76,11.76,0
"CYTH","Cyclo Therapeutics, Inc. - Common Stock","2021-02-04 18:00:00-05:00",11.75,12.1,11.75,11.97,11.97,0
"CYTH","Cyclo Therapeutics, Inc. - Common Stock","2021-02-05 04:00:00-05:00",11.97,12.7,11.5,11.75,11.75,0
"CYTH","Cyclo Therapeutics, Inc. - Common Stock","2021-02-05 05:00:00-05:00",11.98,12.32,11.56,11.94,11.94,0
"CYTH","Cyclo Therapeutics, Inc. - Common Stock","2021-02-05 06:00:00-05:00",11.63,11.96,11.62,11.63,11.63,0
"CYTH","Cyclo Therapeutics, Inc. - Common Stock","2021-02-05 07:00:00-05:00",11.64,12.78,11.59,11.63,11.63,0
"CYTH","Cyclo Therapeutics, Inc. - Common Stock","2021-02-05 08:00:00-05:00",11.71,12.7,11.55,11.75,11.75,0
"CYTH","Cyclo Therapeutics, Inc. - Common Stock","2021-02-05 09:00:00-05:00",12.12,12.29,11.6,11.6,11.6,0
"CYTH","Cyclo Therapeutics, Inc. - Common Stock","2021-02-05 09:30:00-05:00",11.59000015258789,11.65999984741211,9.56999969482422,10.279999732971191,10.279999732971191,910913
"CYTH","Cyclo Therapeutics, Inc. - Common Stock","2021-02-05 10:30:00-05:00",10.279899597167969,11.489999771118164,10.149999618530272,11.109999656677246,11.109999656677246,280349
"CYTH","Cyclo Therapeutics, Inc. - Common Stock","2021-02-05 11:30:00-05:00",11.109999656677246,11.739999771118164,11.10990047454834,11.300000190734863,11.300000190734863,225883
"CYTH","Cyclo Therapeutics, Inc. - Common Stock","2021-02-05 12:30:00-05:00",11.28499984741211,11.300000190734863,10.800000190734863,10.899999618530272,10.899999618530272,91887
"CYTH","Cyclo Therapeutics, Inc. - Common Stock","2021-02-05 13:30:00-05:00",10.899999618530272,11.010000228881836,10.43000030517578,10.729999542236328,10.729999542236328,116409
"CYTH","Cyclo Therapeutics, Inc. - Common Stock","2021-02-05 14:30:00-05:00",10.729999542236328,10.989999771118164,10.3100004196167,10.370100021362305,10.370100021362305,126685
"CYTH","Cyclo Therapeutics, Inc. - Common Stock","2021-02-05 15:30:00-05:00",10.40999984741211,10.699999809265137,10.3100004196167,10.390000343322754,10.390000343322754,78901
"CYTH","Cyclo Therapeutics, Inc. - Common Stock","2021-02-05 16:00:00-05:00",10.39,10.39,10.0,10.0,10.0,0
"CYTH","Cyclo Therapeutics, Inc. - Common Stock","2021-02-05 17:00:00-05:00",10.0,10.79,10.0,10.79,10.79,0
"CYTH","Cyclo Therapeutics, Inc. - Common Stock","2021-02-05 18:00:00-05:00",10.4,10.5,10.3,10.4,10.4,0
"CYTH","Cyclo Therapeutics, Inc. - Common Stock","2021-02-08 04:00:00-05:00",10.45,11.99,10.45,10.8,10.8,0
"CYTH","Cyclo Therapeutics, Inc. - Common Stock","2021-02-08 05:00:00-05:00",10.85,12.71,10.85,12.0,12.0,0
"CYTH","Cyclo Therapeutics, Inc. - Common Stock","2021-02-08 06:00:00-05:00",12.0,12.49,11.46,12.09,12.09,0
"CYTH","Cyclo Therapeutics, Inc. - Common Stock","2021-02-08 07:00:00-05:00",12.03,12.03,11.36,11.5,11.5,0
"CYTH","Cyclo Therapeutics, Inc. - Common Stock","2021-02-08 08:00:00-05:00",11.52,11.99,11.0,11.13,11.13,0
"CYTH","Cyclo Therapeutics, Inc. - Common Stock","2021-02-08 09:00:00-05:00",11.3,11.81,11.11,11.81,11.81,0
"CYTH","Cyclo Therapeutics, Inc. - Common Stock","2021-02-08 09:30:00-05:00",11.523099899291992,11.949999809265137,10.800000190734863,10.90060043334961,10.90060043334961,312612
"CYTH","Cyclo Therapeutics, Inc. - Common Stock","2021-02-08 10:30:00-05:00",10.899999618530272,11.550000190734863,10.899999618530272,11.149999618530272,11.149999618530272,98755
"CYTH","Cyclo Therapeutics, Inc. - Common Stock","2021-02-08 11:30:00-05:00",11.199999809265137,11.449999809265137,11.0,11.282899856567385,11.282899856567385,34697
"CYTH","Cyclo Therapeutics, Inc. - Common Stock","2021-02-08 12:30:00-05:00",11.279999732971191,11.5600004196167,11.18299961090088,11.449999809265137,11.449999809265137,44917
"CYTH","Cyclo Therapeutics, Inc. - Common Stock","2021-02-08 13:30:00-05:00",11.449999809265137,11.559900283813477,11.274999618530272,11.34000015258789,11.34000015258789,72348
"CYTH","Cyclo Therapeutics, Inc. - Common Stock","2021-02-08 14:30:00-05:00",11.380499839782717,11.449999809265137,11.15999984741211,11.210000038146973,11.210000038146973,45382
"CYTH","Cyclo Therapeutics, Inc. - Common Stock","2021-02-08 15:30:00-05:00",11.210000038146973,11.210000038146973,10.960000038146973,11.100000381469728,11.100000381469728,91670
"CYTH","Cyclo Therapeutics, Inc. - Common Stock","2021-02-08 16:00:00-05:00",11.22,11.25,10.9,10.94,10.94,0
"CYTH","Cyclo Therapeutics, Inc. - Common Stock","2021-02-08 17:00:00-05:00",10.94,11.0,10.85,10.9,10.9,0
"CYTH","Cyclo Therapeutics, Inc. - Common Stock","2021-02-08 18:00:00-05:00",10.9,11.3,10.85,10.9,10.9,0
"CYTH","Cyclo Therapeutics, Inc. - Common Stock","2021-02-09 04:00:00-05:00",11.01,12.0,11.01,11.7,11.7,0
"CYTH","Cyclo Therapeutics, Inc. - Common Stock","2021-02-09 05:00:00-05:00",11.7,12.58,11.66,12.4,12.4,0
"CYTH","Cyclo Therapeutics, Inc. - Common Stock","2021-02-09 06:00:00-05:00",12.4,12.58,11.8,12.01,12.01,0
"CYTH","Cyclo Therapeutics, Inc. - Common Stock","2021-02-09 07:00:00-05:00",11.9,11.99,11.7,11.7,11.7,0
"CYTH","Cyclo Therapeutics, Inc. - Common Stock","2021-02-09 08:00:00-05:00",11.84,14.37,11.4,12.68,12.68,0
"CYTH","Cyclo Therapeutics, Inc. - Common Stock","2021-02-09 09:00:00-05:00",12.63,13.81,12.14,12.75,12.75,0
"CYTH","Cyclo Therapeutics, Inc. - Common Stock","2021-02-09 09:30:00-05:00",12.539999961853027,17.75,12.100000381469728,12.9399995803833,12.9399995803833,3338029
"CYTH","Cyclo Therapeutics, Inc. - Common Stock","2021-02-09 10:30:00-05:00",12.890000343322754,13.949999809265137,12.821499824523926,13.289999961853027,13.289999961853027,459142
"CYTH","Cyclo Therapeutics, Inc. - Common Stock","2021-02-09 11:30:00-05:00",13.31999969482422,14.300000190734863,13.026000022888184,13.961799621582031,13.961799621582031,272010
"CYTH","Cyclo Therapeutics, Inc. - Common Stock","2021-02-09 12:30:00-05:00",13.960000038146973,14.649999618530272,13.532999992370604,13.75,13.75,267751
"CYTH","Cyclo Therapeutics, Inc. - Common Stock","2021-02-09 13:30:00-05:00",13.75,13.899999618530272,12.5,12.800000190734863,12.800000190734863,278160
"CYTH","Cyclo Therapeutics, Inc. - Common Stock","2021-02-09 14:30:00-05:00",12.800000190734863,13.139900207519531,12.630000114440918,12.770000457763672,12.770000457763672,104720
"CYTH","Cyclo Therapeutics, Inc. - Common Stock","2021-02-09 15:30:00-05:00",12.770000457763672,13.550000190734863,12.649999618530272,13.260000228881836,13.260000228881836,202042
"CYTH","Cyclo Therapeutics, Inc. - Common Stock","2021-02-09 16:00:00-05:00",13.33,13.35,12.7,12.8,12.8,0
"CYTH","Cyclo Therapeutics, Inc. - Common Stock","2021-02-09 17:00:00-05:00",12.8,13.3,12.8,13.25,13.25,0
"CYTH","Cyclo Therapeutics, Inc. - Common Stock","2021-02-09 18:00:00-05:00",13.2,13.31,13.2,13.3,13.3,0
"CYTH","Cyclo Therapeutics, Inc. - Common Stock","2021-02-10 04:00:00-05:00",13.33,13.49,11.8,12.2,12.2,0
"CYTH","Cyclo Therapeutics, Inc. - Common Stock","2021-02-10 05:00:00-05:00",12.2,13.06,11.75,12.02,12.02,0
"CYTH","Cyclo Therapeutics, Inc. - Common Stock","2021-02-10 06:00:00-05:00",12.3,12.7,12.14,12.17,12.17,0
"CYTH","Cyclo Therapeutics, Inc. - Common Stock","2021-02-10 07:00:00-05:00",12.56,12.94,12.25,12.45,12.45,0
"CYTH","Cyclo Therapeutics, Inc. - Common Stock","2021-02-10 08:00:00-05:00",12.55,12.99,12.2,12.5,12.5,0
"CYTH","Cyclo Therapeutics, Inc. - Common Stock","2021-02-10 09:00:00-05:00",12.5,13.2,12.5,12.64,12.64,0
"CYTH","Cyclo Therapeutics, Inc. - Common Stock","2021-02-10 09:30:00-05:00",12.649999618530272,12.850000381469728,11.350000381469728,11.399999618530272,11.399999618530272,438783
"CYTH","Cyclo Therapeutics, Inc. - Common Stock","2021-02-10 10:30:00-05:00",11.405099868774414,11.75,11.21500015258789,11.5600004196167,11.5600004196167,193233
"CYTH","Cyclo Therapeutics, Inc. - Common Stock","2021-02-10 11:30:00-05:00",11.600000381469728,11.6496000289917,11.260000228881836,11.440899848937988,11.440899848937988,100427
"CYTH","Cyclo Therapeutics, Inc. - Common Stock","2021-02-10 12:30:00-05:00",11.529999732971191,11.747599601745604,11.0600004196167,11.747599601745604,11.747599601745604,198977
"CYTH","Cyclo Therapeutics, Inc. - Common Stock","2021-02-10 13:30:00-05:00",11.739999771118164,12.0,11.529999732971191,11.600099563598633,11.600099563598633,52341
"CYTH","Cyclo Therapeutics, Inc. - Common Stock","2021-02-10 14:30:00-05:00",11.635000228881836,11.800000190734863,11.408499717712402,11.449999809265137,11.449999809265137,85524
"CYTH","Cyclo Therapeutics, Inc. - Common Stock","2021-02-10 15:30:00-05:00",11.475000381469728,11.563300132751465,11.25,11.31999969482422,11.31999969482422,37262
"CYTH","Cyclo Therapeutics, Inc. - Common Stock","2021-02-10 16:00:00-05:00",11.25,11.39,11.0,11.0,11.0,0
"CYTH","Cyclo Therapeutics, Inc. - Common Stock","2021-02-10 17:00:00-05:00",11.01,11.39,11.0,11.11,11.11,0
"CYTH","Cyclo Therapeutics, Inc. - Common Stock","2021-02-10 18:00:00-05:00",11.3,11.39,11.1,11.12,11.12,0
"CYTH","Cyclo Therapeutics, Inc. - Common Stock","2021-02-11 04:00:00-05:00",11.25,11.25,10.65,11.0,11.0,0
"CYTH","Cyclo Therapeutics, Inc. - Common Stock","2021-02-11 05:00:00-05:00",10.99,11.0,10.51,10.53,10.53,0
"CYTH","Cyclo Therapeutics, Inc. - Common Stock","2021-02-11 06:00:00-05:00",10.53,10.54,10.12,10.14,10.14,0
"CYTH","Cyclo Therapeutics, Inc. - Common Stock","2021-02-11 07:00:00-05:00",10.3,10.99,10.27,10.85,10.85,0
"CYTH","Cyclo Therapeutics, Inc. - Common Stock","2021-02-11 08:00:00-05:00",10.81,11.0,10.51,10.79,10.79,0
"CYTH","Cyclo Therapeutics, Inc. - Common Stock","2021-02-11 09:00:00-05:00",10.72,11.59,10.72,11.43,11.43,0
"CYTH","Cyclo Therapeutics, Inc. - Common Stock","2021-02-11 09:30:00-05:00",11.220000267028809,11.5,10.720000267028809,10.899999618530272,10.899999618530272,195058
"CYTH","Cyclo Therapeutics, Inc. - Common Stock","2021-02-11 10:30:00-05:00",10.899999618530272,11.0,10.850000381469728,10.973999977111816,10.973999977111816,21302
"CYTH","Cyclo Therapeutics, Inc. - Common Stock","2021-02-11 11:30:00-05:00",10.9399995803833,11.291000366210938,10.899999618530272,10.94379997253418,10.94379997253418,38142
"CYTH","Cyclo Therapeutics, Inc. - Common Stock","2021-02-11 12:30:00-05:00",10.983799934387209,11.199999809265137,10.920000076293944,11.149999618530272,11.149999618530272,41943
"CYTH","Cyclo Therapeutics, Inc. - Common Stock","2021-02-11 13:30:00-05:00",11.140000343322754,11.199999809265137,10.859999656677246,10.869999885559082,10.869999885559082,99666
"CYTH","Cyclo Therapeutics, Inc. - Common Stock","2021-02-11 14:30:00-05:00",10.869999885559082,10.920000076293944,10.600000381469728,10.600000381469728,10.600000381469728,55030
"CYTH","Cyclo Therapeutics, Inc. - Common Stock","2021-02-11 15:30:00-05:00",10.600000381469728,10.698599815368652,10.510000228881836,10.529999732971191,10.529999732971191,40013
"CYTH","Cyclo Therapeutics, Inc. - Common Stock","2021-02-11 16:00:00-05:00",10.6,10.75,10.51,10.63,10.63,0
"CYTH","Cyclo Therapeutics, Inc. - Common Stock","2021-02-11 17:00:00-05:00",10.63,10.85,10.63,10.79,10.79,0
"CYTH","Cyclo Therapeutics, Inc. - Common Stock","2021-02-11 18:00:00-05:00",10.79,10.79,10.64,10.64,10.64,0
"CYTH","Cyclo Therapeutics, Inc. - Common Stock","2021-02-12 04:00:00-05:00",10.26,11.1,10.26,10.27,10.27,0
"CYTH","Cyclo Therapeutics, Inc. - Common Stock","2021-02-12 05:00:00-05:00",10.5,10.5,10.27,10.45,10.45,0
"CYTH","Cyclo Therapeutics, Inc. - Common Stock","2021-02-12 06:00:00-05:00",10.28,10.28,10.0,10.2,10.2,0
"CYTH","Cyclo Therapeutics, Inc. - Common Stock","2021-02-12 07:00:00-05:00",10.18,10.57,9.95,10.01,10.01,0
"CYTH","Cyclo Therapeutics, Inc. - Common Stock","2021-02-12 08:00:00-05:00",10.23,10.57,10.01,10.14,10.14,0
"CYTH","Cyclo Therapeutics, Inc. - Common Stock","2021-02-12 09:00:00-05:00",10.25,10.4,10.16,10.31,10.31,0
"CYTH","Cyclo Therapeutics, Inc. - Common Stock","2021-02-12 09:30:00-05:00",10.350000381469728,10.350000381469728,9.800000190734863,10.063899993896484,10.063899993896484,138696
"CYTH","Cyclo Therapeutics, Inc. - Common Stock","2021-02-12 10:30:00-05:00",10.125,10.579999923706056,10.06999969482422,10.537599563598633,10.537599563598633,95094
"CYTH","Cyclo Therapeutics, Inc. - Common Stock","2021-02-12 11:30:00-05:00",10.449999809265137,10.890000343322754,10.449999809265137,10.6899995803833,10.6899995803833,98099
"CYTH","Cyclo Therapeutics, Inc. - Common Stock","2021-02-12 12:30:00-05:00",10.74940013885498,10.824999809265137,10.670000076293944,10.789999961853027,10.789999961853027,55553
"CYTH","Cyclo Therapeutics, Inc. - Common Stock","2021-02-12 13:30:00-05:00",10.75,10.800000190734863,10.710000038146973,10.74250030517578,10.74250030517578,11149
"CYTH","Cyclo Therapeutics, Inc. - Common Stock","2021-02-12 14:30:00-05:00",10.770000457763672,10.770000457763672,10.5,10.56999969482422,10.56999969482422,19852
"CYTH","Cyclo Therapeutics, Inc. - Common Stock","2021-02-12 15:30:00-05:00",10.579999923706056,10.6806001663208,10.510000228881836,10.59000015258789,10.59000015258789,17000
"CYTH","Cyclo Therapeutics, Inc. - Common Stock","2021-02-12 16:00:00-05:00",10.59,10.66,10.5,10.52,10.52,0
"CYTH","Cyclo Therapeutics, Inc. - Common Stock","2021-02-12 17:00:00-05:00",10.52,10.52,10.52,10.52,10.52,0
"CYTH","Cyclo Therapeutics, Inc. - Common Stock","2021-02-12 18:00:00-05:00",10.52,10.52,10.52,10.52,10.52,0
"CYTH","Cyclo Therapeutics, Inc. - Common Stock","2021-02-16 04:00:00-05:00",10.51,11.98,10.51,10.59,10.59,0
"CYTH","Cyclo Therapeutics, Inc. - Common Stock","2021-02-16 05:00:00-05:00",10.5,10.6,10.4,10.5,10.5,0
"CYTH","Cyclo Therapeutics, Inc. - Common Stock","2021-02-16 06:00:00-05:00",10.5,10.51,10.5,10.51,10.51,0
"CYTH","Cyclo Therapeutics, Inc. - Common Stock","2021-02-16 07:00:00-05:00",10.55,10.75,10.55,10.69,10.69,0
"CYTH","Cyclo Therapeutics, Inc. - Common Stock","2021-02-16 08:00:00-05:00",10.75,10.99,10.5521,10.93,10.93,0
"CYTH","Cyclo Therapeutics, Inc. - Common Stock","2021-02-16 09:00:00-05:00",10.95,10.97,10.7,10.97,10.97,0
"CYTH","Cyclo Therapeutics, Inc. - Common Stock","2021-02-16 09:30:00-05:00",10.989999771118164,11.246000289916992,10.670000076293944,10.739999771118164,10.739999771118164,91019
"CYTH","Cyclo Therapeutics, Inc. - Common Stock","2021-02-16 10:30:00-05:00",10.739999771118164,10.899999618530272,10.399999618530272,10.543700218200684,10.543700218200684,43408
"CYTH","Cyclo Therapeutics, Inc. - Common Stock","2021-02-16 11:30:00-05:00",10.59000015258789,10.704999923706056,10.510000228881836,10.550000190734863,10.550000190734863,19445
"CYTH","Cyclo Therapeutics, Inc. - Common Stock","2021-02-16 12:30:00-05:00",10.579999923706056,10.75,10.553899765014648,10.68000030517578,10.68000030517578,6695
"CYTH","Cyclo Therapeutics, Inc. - Common Stock","2021-02-16 13:30:00-05:00",10.600000381469728,10.640000343322754,10.399999618530272,10.630000114440918,10.630000114440918,30320
"CYTH","Cyclo Therapeutics, Inc. - Common Stock","2021-02-16 14:30:00-05:00",10.529999732971191,10.649999618530272,10.420000076293944,10.420000076293944,10.420000076293944,11233
"CYTH","Cyclo Therapeutics, Inc. - Common Stock","2021-02-16 15:30:00-05:00",10.539999961853027,10.699999809265137,10.488100051879885,10.68000030517578,10.68000030517578,14221
"CYTH","Cyclo Therapeutics, Inc. - Common Stock","2021-02-16 16:00:00-05:00",10.7,10.7,10.5,10.6,10.6,0
"CYTH","Cyclo Therapeutics, Inc. - Common Stock","2021-02-16 17:00:00-05:00",10.65,10.9,10.6,10.9,10.9,0
"CYTH","Cyclo Therapeutics, Inc. - Common Stock","2021-02-16 18:00:00-05:00",11.05,11.05,11.05,11.05,11.05,0
"CYTH","Cyclo Therapeutics, Inc. - Common Stock","2021-02-17 04:00:00-05:00",11.18,11.5,11.18,11.5,11.5,0
"CYTH","Cyclo Therapeutics, Inc. - Common Stock","2021-02-17 05:00:00-05:00",11.18,11.18,11.16,11.16,11.16,0
"CYTH","Cyclo Therapeutics, Inc. - Common Stock","2021-02-17 07:00:00-05:00",11.0,11.0,11.0,11.0,11.0,0
"CYTH","Cyclo Therapeutics, Inc. - Common Stock","2021-02-17 08:00:00-05:00",11.05,11.14,10.7,10.7,10.7,0
"CYTH","Cyclo Therapeutics, Inc. - Common Stock","2021-02-17 09:00:00-05:00",11.0721,11.0721,10.7,10.75,10.75,0
"CYTH","Cyclo Therapeutics, Inc. - Common Stock","2021-02-17 09:30:00-05:00",10.81999969482422,10.88659954071045,10.03950023651123,10.119999885559082,10.119999885559082,108924
"CYTH","Cyclo Therapeutics, Inc. - Common Stock","2021-02-17 10:30:00-05:00",10.145099639892578,10.300000190734863,9.779999732971191,9.779999732971191,9.779999732971191,106720
"CYTH","Cyclo Therapeutics, Inc. - Common Stock","2021-02-17 11:30:00-05:00",9.729999542236328,10.020000457763672,9.600000381469728,9.899999618530272,9.899999618530272,109418
"CYTH","Cyclo Therapeutics, Inc. - Common Stock","2021-02-17 12:30:00-05:00",9.904999732971191,10.074999809265137,9.800000190734863,9.945500373840332,9.945500373840332,50360
"CYTH","Cyclo Therapeutics, Inc. - Common Stock","2021-02-17 13:30:00-05:00",9.949000358581545,10.039999961853027,9.880000114440918,9.920000076293944,9.920000076293944,18883
"CYTH","Cyclo Therapeutics, Inc. - Common Stock","2021-02-17 14:30:00-05:00",9.84000015258789,10.121299743652344,9.810099601745604,9.976400375366213,9.976400375366213,32639
"CYTH","Cyclo Therapeutics, Inc. - Common Stock","2021-02-17 15:30:00-05:00",10.100000381469728,10.149999618530272,9.8100004196167,9.8100004196167,9.8100004196167,35634
"CYTH","Cyclo Therapeutics, Inc. - Common Stock","2021-02-17 16:00:00-05:00",9.9,10.2,9.9,10.05,10.05,0
"CYTH","Cyclo Therapeutics, Inc. - Common Stock","2021-02-17 17:00:00-05:00",10.05,10.05,10.02,10.03,10.03,0
"CYTH","Cyclo Therapeutics, Inc. - Common Stock","2021-02-17 18:00:00-05:00",10.04,10.1,10.0,10.0,10.0,0
"CYTH","Cyclo Therapeutics, Inc. - Common Stock","2021-02-18 05:00:00-05:00",9.9,9.9,9.9,9.9,9.9,0
"CYTH","Cyclo Therapeutics, Inc. - Common Stock","2021-02-18 06:00:00-05:00",9.9,9.9,9.9,9.9,9.9,0
"CYTH","Cyclo Therapeutics, Inc. - Common Stock","2021-02-18 07:00:00-05:00",9.9,9.9,9.89,9.9,9.9,0
"CYTH","Cyclo Therapeutics, Inc. - Common Stock","2021-02-18 08:00:00-05:00",9.9,10.39,9.8,9.81,9.81,0
"CYTH","Cyclo Therapeutics, Inc. - Common Stock","2021-02-18 09:00:00-05:00",9.8,10.45,9.8,9.83,9.83,0
"CYTH","Cyclo Therapeutics, Inc. - Common Stock","2021-02-18 09:30:00-05:00",9.8100004196167,9.81309986114502,8.829999923706055,8.84000015258789,8.84000015258789,148830
"CYTH","Cyclo Therapeutics, Inc. - Common Stock","2021-02-18 10:30:00-05:00",8.920000076293945,9.130000114440918,8.829999923706055,9.039999961853027,9.039999961853027,94407
"CYTH","Cyclo Therapeutics, Inc. - Common Stock","2021-02-18 11:30:00-05:00",9.0516996383667,9.09000015258789,8.989999771118164,9.019100189208984,9.019100189208984,36018
"CYTH","Cyclo Therapeutics, Inc. - Common Stock","2021-02-18 12:30:00-05:00",9.024999618530272,9.15999984741211,8.899999618530273,9.109999656677246,9.109999656677246,134691
"CYTH","Cyclo Therapeutics, Inc. - Common Stock","2021-02-18 13:30:00-05:00",9.109999656677246,9.199999809265137,8.949999809265137,9.0,9.0,40948
"CYTH","Cyclo Therapeutics, Inc. - Common Stock","2021-02-18 14:30:00-05:00",8.970000267028809,9.027400016784668,8.900099754333496,8.90999984741211,8.90999984741211,18136
"CYTH","Cyclo Therapeutics, Inc. - Common Stock","2021-02-18 15:30:00-05:00",8.90999984741211,8.948100090026855,8.720000267028809,8.729999542236328,8.729999542236328,74775
"CYTH","Cyclo Therapeutics, Inc. - Common Stock","2021-02-18 16:00:00-05:00",8.8,9.02,8.75,9.0,9.0,0
"CYTH","Cyclo Therapeutics, Inc. - Common Stock","2021-02-18 17:00:00-05:00",8.82,9.5,8.66,9.15,9.15,0
"CYTH","Cyclo Therapeutics, Inc. - Common Stock","2021-02-18 18:00:00-05:00",9.15,9.15,9.09,9.09,9.09,0
"CYTH","Cyclo Therapeutics, Inc. - Common Stock","2021-02-19 04:00:00-05:00",8.8,8.8,8.8,8.8,8.8,0
"CYTH","Cyclo Therapeutics, Inc. - Common Stock","2021-02-19 05:00:00-05:00",8.82,9.01,8.82,9.01,9.01,0
"CYTH","Cyclo Therapeutics, Inc. - Common Stock","2021-02-19 06:00:00-05:00",9.08,9.56,9.08,9.56,9.56,0
"CYTH","Cyclo Therapeutics, Inc. - Common Stock","2021-02-19 07:00:00-05:00",9.5,9.55,9.01,9.1,9.1,0
"CYTH","Cyclo Therapeutics, Inc. - Common Stock","2021-02-19 08:00:00-05:00",9.02,9.15,9.0,9.05,9.05,0
"CYTH","Cyclo Therapeutics, Inc. - Common Stock","2021-02-19 09:00:00-05:00",9.2,9.3,9.05,9.15,9.15,0
"CYTH","Cyclo Therapeutics, Inc. - Common Stock","2021-02-19 09:30:00-05:00",9.100000381469728,9.559900283813477,9.100000381469728,9.229999542236328,9.229999542236328,81659
"CYTH","Cyclo Therapeutics, Inc. - Common Stock","2021-02-19 10:30:00-05:00",9.21500015258789,9.350000381469728,9.149999618530272,9.20009994506836,9.20009994506836,26106
"CYTH","Cyclo Therapeutics, Inc. - Common Stock","2021-02-19 11:30:00-05:00",9.243200302124023,9.510000228881836,9.220000267028809,9.475000381469728,9.475000381469728,20344
"CYTH","Cyclo Therapeutics, Inc. - Common Stock","2021-02-19 12:30:00-05:00",9.46720027923584,9.46720027923584,9.34000015258789,9.34000015258789,9.34000015258789,13046
"CYTH","Cyclo Therapeutics, Inc. - Common Stock","2021-02-19 13:30:00-05:00",9.3149995803833,9.35610008239746,9.25,9.328399658203123,9.328399658203123,7484
"CYTH","Cyclo Therapeutics, Inc. - Common Stock","2021-02-19 14:30:00-05:00",9.31999969482422,9.31999969482422,9.170000076293944,9.170000076293944,9.170000076293944,13169
"CYTH","Cyclo Therapeutics, Inc. - Common Stock","2021-02-19 15:30:00-05:00",9.15999984741211,9.300000190734863,9.079999923706056,9.289999961853027,9.289999961853027,16421
"CYTH","Cyclo Therapeutics, Inc. - Common Stock","2021-02-19 16:00:00-05:00",9.3,9.43,9.01,9.43,9.43,0
"CYTH","Cyclo Therapeutics, Inc. - Common Stock","2021-02-19 17:00:00-05:00",9.43,9.44,9.43,9.44,9.44,0
"CYTH","Cyclo Therapeutics, Inc. - Common Stock","2021-02-19 18:00:00-05:00",9.44,9.51,9.44,9.51,9.51,0
"CYTH","Cyclo Therapeutics, Inc. - Common Stock","2021-02-22 04:00:00-05:00",9.29,9.29,9.28,9.29,9.29,0
"CYTH","Cyclo Therapeutics, Inc. - Common Stock","2021-02-22 05:00:00-05:00",9.32,9.32,9.15,9.15,9.15,0
"CYTH","Cyclo Therapeutics, Inc. - Common Stock","2021-02-22 06:00:00-05:00",9.5,9.67,9.5,9.67,9.67,0
"CYTH","Cyclo Therapeutics, Inc. - Common Stock","2021-02-22 07:00:00-05:00",9.6,9.6,9.3,9.3,9.3,0
"CYTH","Cyclo Therapeutics, Inc. - Common Stock","2021-02-22 08:00:00-05:00",9.3,9.73,9.28,9.51,9.51,0
"CYTH","Cyclo Therapeutics, Inc. - Common Stock","2021-02-22 09:00:00-05:00",9.52,10.6,9.42,10.6,10.6,0
"CYTH","Cyclo Therapeutics, Inc. - Common Stock","2021-02-22 09:30:00-05:00",9.520000457763672,9.889900207519531,9.43000030517578,9.729999542236328,9.729999542236328,61609
"CYTH","Cyclo Therapeutics, Inc. - Common Stock","2021-02-22 10:30:00-05:00",9.529999732971191,9.75,9.489999771118164,9.550000190734863,9.550000190734863,25443
"CYTH","Cyclo Therapeutics, Inc. - Common Stock","2021-02-22 11:30:00-05:00",9.51010036468506,9.599900245666504,9.416500091552734,9.416500091552734,9.416500091552734,7176
"CYTH","Cyclo Therapeutics, Inc. - Common Stock","2021-02-22 12:30:00-05:00",9.519100189208984,9.545000076293944,9.149999618530272,9.390000343322754,9.390000343322754,24577
"CYTH","Cyclo Therapeutics, Inc. - Common Stock","2021-02-22 13:30:00-05:00",9.340299606323242,9.340999603271484,9.210000038146973,9.31999969482422,9.31999969482422,3395
"CYTH","Cyclo Therapeutics, Inc. - Common Stock","2021-02-22 14:30:00-05:00",9.319000244140623,9.31999969482422,8.960000038146973,9.0,9.0,22887
"CYTH","Cyclo Therapeutics, Inc. - Common Stock","2021-02-22 15:30:00-05:00",8.960000038146973,8.979999542236328,8.6003999710083,8.720000267028809,8.720000267028809,33827
"CYTH","Cyclo Therapeutics, Inc. - Common Stock","2021-02-22 16:00:00-05:00",8.7,8.85,8.67,8.7034,8.7034,0
"CYTH","Cyclo Therapeutics, Inc. - Common Stock","2021-02-22 17:00:00-05:00",8.855,8.86,8.72,8.84,8.84,0
"CYTH","Cyclo Therapeutics, Inc. - Common Stock","2021-02-22 18:00:00-05:00",8.86,8.86,8.73,8.73,8.73,0
"CYTH","Cyclo Therapeutics, Inc. - Common Stock","2021-02-23 04:00:00-05:00",8.88,8.88,8.88,8.88,8.88,0
"CYTH","Cyclo Therapeutics, Inc. - Common Stock","2021-02-23 05:00:00-05:00",8.91,8.91,8.4,8.4,8.4,0
"CYTH","Cyclo Therapeutics, Inc. - Common Stock","2021-02-23 06:00:00-05:00",8.31,8.31,8.1,8.26,8.26,0
"CYTH","Cyclo Therapeutics, Inc. - Common Stock","2021-02-23 07:00:00-05:00",8.26,8.27,7.44,8.25,8.25,0
"CYTH","Cyclo Therapeutics, Inc. - Common Stock","2021-02-23 08:00:00-05:00",8.0,8.27,7.83,8.0,8.0,0
"CYTH","Cyclo Therapeutics, Inc. - Common Stock","2021-02-23 09:00:00-05:00",8.0,8.27,8.0,8.25,8.25,0
"CYTH","Cyclo Therapeutics, Inc. - Common Stock","2021-02-23 09:30:00-05:00",8.25,8.483699798583984,7.510000228881836,7.860000133514404,7.860000133514404,160990
"CYTH","Cyclo Therapeutics, Inc. - Common Stock","2021-02-23 10:30:00-05:00",7.875,8.127699851989746,7.849999904632568,7.980000019073486,7.980000019073486,46113
"CYTH","Cyclo Therapeutics, Inc. - Common Stock","2021-02-23 11:30:00-05:00",8.02970027923584,8.02970027923584,7.810100078582764,8.0,8.0,18747
"CYTH","Cyclo Therapeutics, Inc. - Common Stock","2021-02-23 12:30:00-05:00",8.0,8.039999961853027,7.849999904632568,8.029999732971191,8.029999732971191,15531
"CYTH","Cyclo Therapeutics, Inc. - Common Stock","2021-02-23 13:30:00-05:00",8.029999732971191,8.029999732971191,7.860000133514404,7.920000076293945,7.920000076293945,9777
"CYTH","Cyclo Therapeutics, Inc. - Common Stock","2021-02-23 14:30:00-05:00",7.920000076293945,7.949999809265137,7.809999942779541,7.901000022888184,7.901000022888184,24610
"CYTH","Cyclo Therapeutics, Inc. - Common Stock","2021-02-23 15:30:00-05:00",7.9415998458862305,7.9415998458862305,7.755000114440918,7.760000228881836,7.760000228881836,19664
"CYTH","Cyclo Therapeutics, Inc. - Common Stock","2021-02-23 16:00:00-05:00",7.8,7.92,7.7,7.73,7.73,0
"CYTH","Cyclo Therapeutics, Inc. - Common Stock","2021-02-23 17:00:00-05:00",7.99,7.99,7.73,7.73,7.73,0
"CYTH","Cyclo Therapeutics, Inc. - Common Stock","2021-02-23 18:00:00-05:00",7.99,7.99,7.99,7.99,7.99,0
"CYTH","Cyclo Therapeutics, Inc. - Common Stock","2021-02-24 04:00:00-05:00",7.65,7.8,7.65,7.65,7.65,0
"CYTH","Cyclo Therapeutics, Inc. - Common Stock","2021-02-24 05:00:00-05:00",7.82,7.85,7.8,7.8,7.8,0
"CYTH","Cyclo Therapeutics, Inc. - Common Stock","2021-02-24 07:00:00-05:00",8.5,8.5,7.8,7.8,7.8,0
"CYTH","Cyclo Therapeutics, Inc. - Common Stock","2021-02-24 09:00:00-05:00",8.15,8.35,7.9,8.0,8.0,0
"CYTH","Cyclo Therapeutics, Inc. - Common Stock","2021-02-24 09:30:00-05:00",7.880000114440918,8.148500442504883,7.880000114440918,7.960000038146973,7.960000038146973,30638
"CYTH","Cyclo Therapeutics, Inc. - Common Stock","2021-02-24 10:30:00-05:00",7.929999828338623,7.980000019073486,7.840000152587891,7.877500057220459,7.877500057220459,43437
"CYTH","Cyclo Therapeutics, Inc. - Common Stock","2021-02-24 11:30:00-05:00",7.869999885559082,8.149999618530273,7.860000133514404,8.135000228881836,8.135000228881836,29381
"CYTH","Cyclo Therapeutics, Inc. - Common Stock","2021-02-24 12:30:00-05:00",8.142900466918945,8.239999771118164,8.100000381469727,8.199999809265137,8.199999809265137,9760
"CYTH","Cyclo Therapeutics, Inc. - Common Stock","2021-02-24 13:30:00-05:00",8.15999984741211,8.799500465393066,8.15999984741211,8.6899995803833,8.6899995803833,138195
"CYTH","Cyclo Therapeutics, Inc. - Common Stock","2021-02-24 14:30:00-05:00",8.592100143432617,8.890000343322754,8.460000038146973,8.819999694824219,8.819999694824219,102264
"CYTH","Cyclo Therapeutics, Inc. - Common Stock","2021-02-24 15:30:00-05:00",8.770000457763672,9.249899864196776,8.650099754333496,9.010000228881836,9.010000228881836,114352
"CYTH","Cyclo Therapeutics, Inc. - Common Stock","2021-02-24 16:00:00-05:00",9.05,9.05,8.25,8.88,8.88,0
"CYTH","Cyclo Therapeutics, Inc. - Common Stock","2021-02-24 17:00:00-05:00",9.0,9.0,8.51,9.0,9.0,0
"CYTH","Cyclo Therapeutics, Inc. - Common Stock","2021-02-24 18:00:00-05:00",9.0,9.0,8.6,8.85,8.85,0
"CYTH","Cyclo Therapeutics, Inc. - Common Stock","2021-02-25 04:00:00-05:00",8.4,8.96,8.4,8.96,8.96,0
"CYTH","Cyclo Therapeutics, Inc. - Common Stock","2021-02-25 05:00:00-05:00",8.97,9.02,8.93,9.02,9.02,0
"CYTH","Cyclo Therapeutics, Inc. - Common Stock","2021-02-25 06:00:00-05:00",8.95,8.99,8.5,8.8,8.8,0
"CYTH","Cyclo Therapeutics, Inc. - Common Stock","2021-02-25 07:00:00-05:00",8.5,9.02,8.3,8.81,8.81,0
"CYTH","Cyclo Therapeutics, Inc. - Common Stock","2021-02-25 08:00:00-05:00",8.9,9.09,8.81,9.04,9.04,0
"CYTH","Cyclo Therapeutics, Inc. - Common Stock","2021-02-25 09:00:00-05:00",9.04,9.24,9.0,9.24,9.24,0
"CYTH","Cyclo Therapeutics, Inc. - Common Stock","2021-02-25 09:30:00-05:00",8.869999885559082,9.33769989013672,8.75,8.935700416564941,8.935700416564941,65211
"CYTH","Cyclo Therapeutics, Inc. - Common Stock","2021-02-25 10:30:00-05:00",8.880000114440918,9.09000015258789,8.529999732971191,9.015000343322754,9.015000343322754,27520
"CYTH","Cyclo Therapeutics, Inc. - Common Stock","2021-02-25 11:30:00-05:00",8.960000038146973,9.0,8.619999885559082,8.849900245666504,8.849900245666504,11149
"CYTH","Cyclo Therapeutics, Inc. - Common Stock","2021-02-25 12:30:00-05:00",8.630000114440918,8.739999771118164,8.369999885559082,8.5600004196167,8.5600004196167,41937
"CYTH","Cyclo Therapeutics, Inc. - Common Stock","2021-02-25 13:30:00-05:00",8.654999732971191,8.739999771118164,8.529999732971191,8.674799919128418,8.674799919128418,62495
"CYTH","Cyclo Therapeutics, Inc. - Common Stock","2021-02-25 14:30:00-05:00",8.609999656677246,8.75,8.550100326538086,8.75,8.75,11105
"CYTH","Cyclo Therapeutics, Inc. - Common Stock","2021-02-25 15:30:00-05:00",8.722800254821777,8.722800254821777,8.053000450134277,8.100000381469727,8.100000381469727,39155
"CYTH","Cyclo Therapeutics, Inc. - Common Stock","2021-02-25 16:00:00-05:00",8.12,8.14,7.97,8.0,8.0,0
"CYTH","Cyclo Therapeutics, Inc. - Common Stock","2021-02-25 17:00:00-05:00",8.0,8.0,7.9,7.9,7.9,0
"CYTH","Cyclo Therapeutics, Inc. - Common Stock","2021-02-25 18:00:00-05:00",7.88,7.95,7.78,7.95,7.95,0
"CYTH","Cyclo Therapeutics, Inc. - Common Stock","2021-02-26 04:00:00-05:00",8.12,8.12,8.03,8.03,8.03,0
"CYTH","Cyclo Therapeutics, Inc. - Common Stock","2021-02-26 06:00:00-05:00",8.15,8.15,8.12,8.12,8.12,0
"CYTH","Cyclo Therapeutics, Inc. - Common Stock","2021-02-26 07:00:00-05:00",8.06,8.06,8.02,8.02,8.02,0
"CYTH","Cyclo Therapeutics, Inc. - Common Stock","2021-02-26 08:00:00-05:00",7.94,8.12,7.5,7.9,7.9,0
"CYTH","Cyclo Therapeutics, Inc. - Common Stock","2021-02-26 09:00:00-05:00",8.12,8.74,7.96,8.74,8.74,0
"CYTH","Cyclo Therapeutics, Inc. - Common Stock","2021-02-26 09:30:00-05:00",8.199999809265137,8.65999984741211,7.400000095367432,7.610000133514404,7.610000133514404,76109
"CYTH","Cyclo Therapeutics, Inc. - Common Stock","2021-02-26 10:30:00-05:00",7.6774001121521,8.09000015258789,7.590000152587891,7.929999828338623,7.929999828338623,24353
"CYTH","Cyclo Therapeutics, Inc. - Common Stock","2021-02-26 11:30:00-05:00",7.980000019073486,8.1850004196167,7.929999828338623,8.1496000289917,8.1496000289917,11780
"CYTH","Cyclo Therapeutics, Inc. - Common Stock","2021-02-26 12:30:00-05:00",8.140000343322754,8.140000343322754,7.818900108337402,7.850100040435791,7.850100040435791,21634
"CYTH","Cyclo Therapeutics, Inc. - Common Stock","2021-02-26 13:30:00-05:00",7.889999866485596,7.966100215911865,7.75,7.843999862670898,7.843999862670898,15151
"CYTH","Cyclo Therapeutics, Inc. - Common Stock","2021-02-26 14:30:00-05:00",7.804999828338623,8.109999656677246,7.724999904632568,8.016200065612793,8.016200065612793,14381
"CYTH","Cyclo Therapeutics, Inc. - Common Stock","2021-02-26 15:30:00-05:00",8.039999961853027,8.399999618530273,7.8805999755859375,8.279999732971191,8.279999732971191,43591
"CYTH","Cyclo Therapeutics, Inc. - Common Stock","2021-02-26 16:00:00-05:00",8.35,8.49,8.25,8.49,8.49,0
"CYTH","Cyclo Therapeutics, Inc. - Common Stock","2021-02-26 17:00:00-05:00",8.35,8.35,8.35,8.35,8.35,0
"CYTH","Cyclo Therapeutics, Inc. - Common Stock","2021-02-26 18:00:00-05:00",8.59,8.59,8.3,8.3,8.3,0
"CYTH","Cyclo Therapeutics, Inc. - Common Stock","2021-03-01 04:00:00-05:00",8.35,8.35,6.85,7.5,7.5,0
"CYTH","Cyclo Therapeutics, Inc. - Common Stock","2021-03-01 05:00:00-05:00",7.8,7.85,7.8,7.85,7.85,0
"CYTH","Cyclo Therapeutics, Inc. - Common Stock","2021-03-01 06:00:00-05:00",7.87,8.5,7.87,7.88,7.88,0
"CYTH","Cyclo Therapeutics, Inc. - Common Stock","2021-03-01 07:00:00-05:00",7.94,8.3,7.94,8.24,8.24,0
"CYTH","Cyclo Therapeutics, Inc. - Common Stock","2021-03-01 08:00:00-05:00",8.24,8.25,8.01,8.08,8.08,0
"CYTH","Cyclo Therapeutics, Inc. - Common Stock","2021-03-01 09:00:00-05:00",8.5,9.02,8.08,9.0,9.0,0
"CYTH","Cyclo Therapeutics, Inc. - Common Stock","2021-03-01 09:30:00-05:00",8.5,8.75,8.270000457763672,8.75,8.75,61942
"CYTH","Cyclo Therapeutics, Inc. - Common Stock","2021-03-01 10:30:00-05:00",8.697199821472168,8.770000457763672,8.100000381469727,8.1899995803833,8.1899995803833,37361
"CYTH","Cyclo Therapeutics, Inc. - Common Stock","2021-03-01 11:30:00-05:00",8.332799911499023,8.5,8.220000267028809,8.300000190734863,8.300000190734863,19463
"CYTH","Cyclo Therapeutics, Inc. - Common Stock","2021-03-01 12:30:00-05:00",8.390000343322754,8.890000343322754,8.25,8.489999771118164,8.489999771118164,31793
"CYTH","Cyclo Therapeutics, Inc. - Common Stock","2021-03-01 13:30:00-05:00",8.489999771118164,8.670000076293945,8.319999694824219,8.460000038146973,8.460000038146973,15318
"CYTH","Cyclo Therapeutics, Inc. - Common Stock","2021-03-01 14:30:00-05:00",8.449999809265137,8.859999656677246,8.399999618530273,8.520999908447266,8.520999908447266,14807
"CYTH","Cyclo Therapeutics, Inc. - Common Stock","2021-03-01 15:30:00-05:00",8.550000190734863,8.640000343322754,8.489999771118164,8.630000114440918,8.630000114440918,5418
"CYTH","Cyclo Therapeutics, Inc. - Common Stock","2021-03-01 16:00:00-05:00",8.62,8.62,8.39,8.39,8.39,0
"CYTH","Cyclo Therapeutics, Inc. - Common Stock","2021-03-01 17:00:00-05:00",8.4,8.62,8.39,8.62,8.62,0
"CYTH","Cyclo Therapeutics, Inc. - Common Stock","2021-03-01 18:00:00-05:00",8.38,8.38,8.38,8.38,8.38,0
"CYTH","Cyclo Therapeutics, Inc. - Common Stock","2021-03-02 05:00:00-05:00",8.97,8.97,8.97,8.97,8.97,0
"CYTH","Cyclo Therapeutics, Inc. - Common Stock","2021-03-02 07:00:00-05:00",8.62,8.62,8.62,8.62,8.62,0
"CYTH","Cyclo Therapeutics, Inc. - Common Stock","2021-03-02 08:00:00-05:00",8.8,8.8,8.62,8.75,8.75,0
"CYTH","Cyclo Therapeutics, Inc. - Common Stock","2021-03-02 09:00:00-05:00",8.75,8.75,8.63,8.63,8.63,0
"CYTH","Cyclo Therapeutics, Inc. - Common Stock","2021-03-02 09:30:00-05:00",8.5,8.5,8.220000267028809,8.255000114440918,8.255000114440918,23805
"CYTH","Cyclo Therapeutics, Inc. - Common Stock","2021-03-02 10:30:00-05:00",8.220000267028809,8.729999542236328,8.029999732971191,8.472200393676758,8.472200393676758,38554
"CYTH","Cyclo Therapeutics, Inc. - Common Stock","2021-03-02 11:30:00-05:00",8.420000076293945,8.550000190734863,8.220000267028809,8.431599617004395,8.431599617004395,22481
"CYTH","Cyclo Therapeutics, Inc. - Common Stock","2021-03-02 12:30:00-05:00",8.430000305175781,8.435099601745605,8.34000015258789,8.350000381469727,8.350000381469727,3945
"CYTH","Cyclo Therapeutics, Inc. - Common Stock","2021-03-02 13:30:00-05:00",8.399999618530273,8.600000381469727,8.050000190734863,8.100000381469727,8.100000381469727,21173
"CYTH","Cyclo Therapeutics, Inc. - Common Stock","2021-03-02 14:30:00-05:00",8.130000114440918,8.520000457763672,8.071700096130371,8.369999885559082,8.369999885559082,6845
"CYTH","Cyclo Therapeutics, Inc. - Common Stock","2021-03-02 15:30:00-05:00",8.255499839782715,8.380000114440918,8.231499671936035,8.359999656677246,8.359999656677246,10080
"CYTH","Cyclo Therapeutics, Inc. - Common Stock","2021-03-02 16:00:00-05:00",8.37,8.37,8.2,8.2,8.2,0
"CYTH","Cyclo Therapeutics, Inc. - Common Stock","2021-03-02 17:00:00-05:00",8.15,8.37,8.15,8.37,8.37,0
"CYTH","Cyclo Therapeutics, Inc. - Common Stock","2021-03-02 18:00:00-05:00",8.15,8.15,8.15,8.15,8.15,0
"CYTH","Cyclo Therapeutics, Inc. - Common Stock","2021-03-03 04:00:00-05:00",8.37,8.37,8.1,8.1,8.1,0
"CYTH","Cyclo Therapeutics, Inc. - Common Stock","2021-03-03 05:00:00-05:00",8.1,8.15,8.08,8.08,8.08,0
"CYTH","Cyclo Therapeutics, Inc. - Common Stock","2021-03-03 07:00:00-05:00",8.36,8.4,8.11,8.4,8.4,0
"CYTH","Cyclo Therapeutics, Inc. - Common Stock","2021-03-03 08:00:00-05:00",8.4,8.76,8.4,8.4,8.4,0
"CYTH","Cyclo Therapeutics, Inc. - Common Stock","2021-03-03 09:00:00-05:00",8.4,8.4,8.1,8.2,8.2,0
"CYTH","Cyclo Therapeutics, Inc. - Common Stock","2021-03-03 09:30:00-05:00",8.289999961853027,8.890000343322754,8.050000190734863,8.407099723815918,8.407099723815918,79823
"CYTH","Cyclo Therapeutics, Inc. - Common Stock","2021-03-03 10:30:00-05:00",8.434700012207031,8.850000381469727,8.300000190734863,8.620800018310547,8.620800018310547,29941
"CYTH","Cyclo Therapeutics, Inc. - Common Stock","2021-03-03 11:30:00-05:00",8.699899673461914,8.699899673461914,8.34000015258789,8.4350004196167,8.4350004196167,15402
"CYTH","Cyclo Therapeutics, Inc. - Common Stock","2021-03-03 12:30:00-05:00",8.420000076293945,8.850000381469727,8.25,8.51729965209961,8.51729965209961,31744
"CYTH","Cyclo Therapeutics, Inc. - Common Stock","2021-03-03 13:30:00-05:00",8.54800033569336,8.548999786376953,8.109999656677246,8.210000038146973,8.210000038146973,16037
"CYTH","Cyclo Therapeutics, Inc. - Common Stock","2021-03-03 14:30:00-05:00",8.210000038146973,8.25,8.140000343322754,8.25,8.25,4885
"CYTH","Cyclo Therapeutics, Inc. - Common Stock","2021-03-03 15:30:00-05:00",8.246899604797363,8.324999809265137,8.145000457763672,8.25,8.25,22127
"CYTH","Cyclo Therapeutics, Inc. - Common Stock","2021-03-03 16:00:00-05:00",8.24,8.24,8.12,8.12,8.12,0
"CYTH","Cyclo Therapeutics, Inc. - Common Stock","2021-03-03 17:00:00-05:00",8.24,8.3,8.12,8.12,8.12,0
"CYTH","Cyclo Therapeutics, Inc. - Common Stock","2021-03-04 04:00:00-05:00",8.24,8.24,8.24,8.24,8.24,0
"CYTH","Cyclo Therapeutics, Inc. - Common Stock","2021-03-04 05:00:00-05:00",8.24,8.24,8.11,8.11,8.11,0
"CYTH","Cyclo Therapeutics, Inc. - Common Stock","2021-03-04 07:00:00-05:00",8.23,8.23,8.22,8.23,8.23,0
"CYTH","Cyclo Therapeutics, Inc. - Common Stock","2021-03-04 08:00:00-05:00",8.22,8.23,8.1101,8.23,8.23,0
"CYTH","Cyclo Therapeutics, Inc. - Common Stock","2021-03-04 09:00:00-05:00",8.22,8.46,8.22,8.23,8.23,0
"CYTH","Cyclo Therapeutics, Inc. - Common Stock","2021-03-04 09:30:00-05:00",8.199999809265137,8.350000381469727,7.599999904632568,7.699999809265137,7.699999809265137,49102
"CYTH","Cyclo Therapeutics, Inc. - Common Stock","2021-03-04 10:30:00-05:00",7.789999961853027,8.279999732971191,7.639999866485596,8.05679988861084,8.05679988861084,44588
"CYTH","Cyclo Therapeutics, Inc. - Common Stock","2021-03-04 11:30:00-05:00",8.069999694824219,8.489999771118164,8.069999694824219,8.335100173950195,8.335100173950195,25655
"CYTH","Cyclo Therapeutics, Inc. - Common Stock","2021-03-04 12:30:00-05:00",8.430000305175781,8.489999771118164,7.900000095367432,8.236599922180176,8.236599922180176,39174
"CYTH","Cyclo Therapeutics, Inc. - Common Stock","2021-03-04 13:30:00-05:00",8.210700035095215,8.289999961853027,7.829999923706055,8.069999694824219,8.069999694824219,57671
"CYTH","Cyclo Therapeutics, Inc. - Common Stock","2021-03-04 14:30:00-05:00",8.210000038146973,8.270000457763672,7.809999942779541,7.900000095367432,7.900000095367432,48958
"CYTH","Cyclo Therapeutics, Inc. - Common Stock","2021-03-04 15:30:00-05:00",7.880000114440918,7.899899959564209,7.699999809265137,7.710000038146973,7.710000038146973,10732
"CYTH","Cyclo Therapeutics, Inc. - Common Stock","2021-03-04 16:00:00-05:00",7.84,8.25,7.84,7.84,7.84,0
"CYTH","Cyclo Therapeutics, Inc. - Common Stock","2021-03-04 17:00:00-05:00",7.9,7.9,7.82,7.82,7.82,0
"CYTH","Cyclo Therapeutics, Inc. - Common Stock","2021-03-04 18:00:00-05:00",7.8,7.8,7.7,7.8,7.8,0
"CYTH","Cyclo Therapeutics, Inc. - Common Stock","2021-03-05 07:00:00-05:00",7.8,7.8,7.6,7.8,7.8,0
"CYTH","Cyclo Therapeutics, Inc. - Common Stock","2021-03-05 08:00:00-05:00",7.84,8.0,7.8,7.8,7.8,0
"CYTH","Cyclo Therapeutics, Inc. - Common Stock","2021-03-05 09:30:00-05:00",8.039999961853027,8.118300437927246,7.159999847412109,7.349199771881103,7.349199771881103,59595
"CYTH","Cyclo Therapeutics, Inc. - Common Stock","2021-03-05 10:30:00-05:00",7.216300010681152,7.329999923706055,6.599999904632568,6.699999809265137,6.699999809265137,57640
"CYTH","Cyclo Therapeutics, Inc. - Common Stock","2021-03-05 11:30:00-05:00",6.659999847412109,6.949999809265137,6.5,6.920000076293945,6.920000076293945,41781
"CYTH","Cyclo Therapeutics, Inc. - Common Stock","2021-03-05 12:30:00-05:00",6.894999980926514,7.5,6.806099891662598,7.389999866485596,7.389999866485596,67076
"CYTH","Cyclo Therapeutics, Inc. - Common Stock","2021-03-05 13:30:00-05:00",7.369999885559082,7.940000057220459,6.949999809265137,7.510000228881836,7.510000228881836,53536
"CYTH","Cyclo Therapeutics, Inc. - Common Stock","2021-03-05 14:30:00-05:00",7.554999828338623,7.840000152587891,7.20419979095459,7.429999828338623,7.429999828338623,45152
"CYTH","Cyclo Therapeutics, Inc. - Common Stock","2021-03-05 15:30:00-05:00",7.480000019073486,7.760000228881836,7.210000038146973,7.269999980926514,7.269999980926514,24234
"CYTH","Cyclo Therapeutics, Inc. - Common Stock","2021-03-05 16:00:00-05:00",7.46,7.46,7.46,7.46,7.46,0
"CYTH","Cyclo Therapeutics, Inc. - Common Stock","2021-03-05 17:00:00-05:00",7.5,7.5,7.5,7.5,7.5,0
"CYTH","Cyclo Therapeutics, Inc. - Common Stock","2021-03-08 05:00:00-05:00",7.5,7.5,7.5,7.5,7.5,0
"CYTH","Cyclo Therapeutics, Inc. - Common Stock","2021-03-08 06:00:00-05:00",7.52,7.52,6.74,6.74,6.74,0
"CYTH","Cyclo Therapeutics, Inc. - Common Stock","2021-03-08 07:00:00-05:00",7.52,7.52,7.0,7.0,7.0,0
"CYTH","Cyclo Therapeutics, Inc. - Common Stock","2021-03-08 08:00:00-05:00",7.0,7.45,7.0,7.03,7.03,0
"CYTH","Cyclo Therapeutics, Inc. - Common Stock","2021-03-08 09:00:00-05:00",7.4,7.46,7.4,7.46,7.46,0
"CYTH","Cyclo Therapeutics, Inc. - Common Stock","2021-03-08 09:30:00-05:00",7.619999885559082,7.989999771118164,7.619999885559082,7.970099925994873,7.970099925994873,43096
"CYTH","Cyclo Therapeutics, Inc. - Common Stock","2021-03-08 10:30:00-05:00",7.989999771118164,8.5,7.710000038146973,8.14109992980957,8.14109992980957,87918
"CYTH","Cyclo Therapeutics, Inc. - Common Stock","2021-03-08 11:30:00-05:00",8.239999771118164,8.239999771118164,7.78000020980835,8.020000457763672,8.020000457763672,11965
"CYTH","Cyclo Therapeutics, Inc. - Common Stock","2021-03-08 12:30:00-05:00",8.060700416564941,8.109999656677246,7.994999885559082,8.010000228881836,8.010000228881836,6155
"CYTH","Cyclo Therapeutics, Inc. - Common Stock","2021-03-08 13:30:00-05:00",8.079999923706055,8.109999656677246,7.900000095367432,7.900000095367432,7.900000095367432,10721
"CYTH","Cyclo Therapeutics, Inc. - Common Stock","2021-03-08 14:30:00-05:00",7.920000076293945,7.989999771118164,7.800000190734863,7.829999923706055,7.829999923706055,16321
"CYTH","Cyclo Therapeutics, Inc. - Common Stock","2021-03-08 15:30:00-05:00",7.809999942779541,7.980000019073486,7.809999942779541,7.889999866485596,7.889999866485596,11798
"CYTH","Cyclo Therapeutics, Inc. - Common Stock","2021-03-08 16:00:00-05:00",7.9,8.47,7.9,7.95,7.95,0
"CYTH","Cyclo Therapeutics, Inc. - Common Stock","2021-03-08 17:00:00-05:00",8.45,9.01,8.45,8.59,8.59,0
"CYTH","Cyclo Therapeutics, Inc. - Common Stock","2021-03-08 18:00:00-05:00",8.8,8.8,8.26,8.43,8.43,0
"CYTH","Cyclo Therapeutics, Inc. - Common Stock","2021-03-09 04:00:00-05:00",8.79,8.79,8.34,8.34,8.34,0
"CYTH","Cyclo Therapeutics, Inc. - Common Stock","2021-03-09 05:00:00-05:00",8.6,9.29,8.6,9.29,9.29,0
"CYTH","Cyclo Therapeutics, Inc. - Common Stock","2021-03-09 06:00:00-05:00",9.29,9.29,8.34,8.84,8.84,0
"CYTH","Cyclo Therapeutics, Inc. - Common Stock","2021-03-09 07:00:00-05:00",8.59,8.59,8.4,8.54,8.54,0
"CYTH","Cyclo Therapeutics, Inc. - Common Stock","2021-03-09 08:00:00-05:00",8.5,8.5399,8.35,8.4,8.4,0
"CYTH","Cyclo Therapeutics, Inc. - Common Stock","2021-03-09 09:00:00-05:00",8.4499,9.9,8.4499,9.3,9.3,0
"CYTH","Cyclo Therapeutics, Inc. - Common Stock","2021-03-09 09:30:00-05:00",9.050000190734863,9.279999732971191,8.819999694824219,9.0,9.0,126346
"CYTH","Cyclo Therapeutics, Inc. - Common Stock","2021-03-09 10:30:00-05:00",9.010000228881836,9.220000267028809,8.920100212097168,9.199999809265137,9.199999809265137,60152
"CYTH","Cyclo Therapeutics, Inc. - Common Stock","2021-03-09 11:30:00-05:00",9.1899995803833,9.220000267028809,9.06089973449707,9.177499771118164,9.177499771118164,26665
"CYTH","Cyclo Therapeutics, Inc. - Common Stock","2021-03-09 12:30:00-05:00",9.18589973449707,9.710000038146973,9.170000076293944,9.619999885559082,9.619999885559082,114902
"CYTH","Cyclo Therapeutics, Inc. - Common Stock","2021-03-09 13:30:00-05:00",9.710000038146973,11.489999771118164,9.239999771118164,10.55720043182373,10.55720043182373,599120
"CYTH","Cyclo Therapeutics, Inc. - Common Stock","2021-03-09 14:30:00-05:00",10.5600004196167,11.600000381469728,10.130000114440918,10.20989990234375,10.20989990234375,617790
"CYTH","Cyclo Therapeutics, Inc. - Common Stock","2021-03-09 15:30:00-05:00",10.170000076293944,10.18000030517578,9.539999961853027,9.68000030517578,9.68000030517578,192223
"CYTH","Cyclo Therapeutics, Inc. - Common Stock","2021-03-09 16:00:00-05:00",9.72,9.89,9.5204,9.8,9.8,0
"CYTH","Cyclo Therapeutics, Inc. - Common Stock","2021-03-09 17:00:00-05:00",9.58,9.93,9.55,9.92,9.92,0
"CYTH","Cyclo Therapeutics, Inc. - Common Stock","2021-03-09 18:00:00-05:00",9.93,10.52,9.7,10.49,10.49,0
"CYTH","Cyclo Therapeutics, Inc. - Common Stock","2021-03-10 04:00:00-05:00",9.9,9.92,9.65,9.88,9.88,0
"CYTH","Cyclo Therapeutics, Inc. - Common Stock","2021-03-10 05:00:00-05:00",9.88,9.88,9.58,9.88,9.88,0
"CYTH","Cyclo Therapeutics, Inc. - Common Stock","2021-03-10 06:00:00-05:00",9.88,10.0,9.65,10.0,10.0,0
"CYTH","Cyclo Therapeutics, Inc. - Common Stock","2021-03-10 07:00:00-05:00",9.85,10.55,9.8,9.8,9.8,0
"CYTH","Cyclo Therapeutics, Inc. - Common Stock","2021-03-10 08:00:00-05:00",10.0,10.3,9.81,10.01,10.01,0
"CYTH","Cyclo Therapeutics, Inc. - Common Stock","2021-03-10 09:00:00-05:00",10.25,10.29,10.01,10.15,10.15,0
"CYTH","Cyclo Therapeutics, Inc. - Common Stock","2021-03-10 09:30:00-05:00",9.6899995803833,10.699999809265137,9.6899995803833,9.84000015258789,9.84000015258789,113240
"CYTH","Cyclo Therapeutics, Inc. - Common Stock","2021-03-10 10:30:00-05:00",9.781399726867676,9.979999542236328,9.3100004196167,9.56999969482422,9.56999969482422,86903
"CYTH","Cyclo Therapeutics, Inc. - Common Stock","2021-03-10 11:30:00-05:00",9.54010009765625,10.079999923706056,9.494999885559082,9.520000457763672,9.520000457763672,78797
"CYTH","Cyclo Therapeutics, Inc. - Common Stock","2021-03-10 12:30:00-05:00",9.579899787902832,9.689900398254396,9.180100440979004,9.350000381469728,9.350000381469728,28240
"CYTH","Cyclo Therapeutics, Inc. - Common Stock","2021-03-10 13:30:00-05:00",9.369999885559082,9.380000114440918,9.18000030517578,9.25,9.25,18220
"CYTH","Cyclo Therapeutics, Inc. - Common Stock","2021-03-10 14:30:00-05:00",9.220000267028809,9.270000457763672,9.010000228881836,9.010000228881836,9.010000228881836,34095
"CYTH","Cyclo Therapeutics, Inc. - Common Stock","2021-03-10 15:30:00-05:00",9.010000228881836,9.100000381469728,8.869999885559082,9.039999961853027,9.039999961853027,35854
"CYTH","Cyclo Therapeutics, Inc. - Common Stock","2021-03-10 16:00:00-05:00",9.04,9.48,8.92,8.92,8.92,0
"CYTH","Cyclo Therapeutics, Inc. - Common Stock","2021-03-10 17:00:00-05:00",8.957,8.957,8.92,8.92,8.92,0
"CYTH","Cyclo Therapeutics, Inc. - Common Stock","2021-03-11 04:00:00-05:00",9.5,9.5,9.05,9.14,9.14,0
"CYTH","Cyclo Therapeutics, Inc. - Common Stock","2021-03-11 05:00:00-05:00",9.99,9.99,9.99,9.99,9.99,0
"CYTH","Cyclo Therapeutics, Inc. - Common Stock","2021-03-11 07:00:00-05:00",9.92,9.92,9.17,9.3,9.3,0
"CYTH","Cyclo Therapeutics, Inc. - Common Stock","2021-03-11 08:00:00-05:00",9.33,9.5,9.25,9.3,9.3,0
"CYTH","Cyclo Therapeutics, Inc. - Common Stock","2021-03-11 09:00:00-05:00",9.29,9.5,9.21,9.23,9.23,0
"CYTH","Cyclo Therapeutics, Inc. - Common Stock","2021-03-11 09:30:00-05:00",9.0600004196167,9.390000343322754,8.78499984741211,9.0,9.0,63568
"CYTH","Cyclo Therapeutics, Inc. - Common Stock","2021-03-11 10:30:00-05:00",9.0,9.579999923706056,8.800000190734863,9.529999732971191,9.529999732971191,82799
"CYTH","Cyclo Therapeutics, Inc. - Common Stock","2021-03-11 11:30:00-05:00",9.489999771118164,9.522500038146973,9.25,9.359999656677246,9.359999656677246,23648
"CYTH","Cyclo Therapeutics, Inc. - Common Stock","2021-03-11 12:30:00-05:00",9.386899948120115,9.489999771118164,9.279999732971191,9.300000190734863,9.300000190734863,34826
"CYTH","Cyclo Therapeutics, Inc. - Common Stock","2021-03-11 13:30:00-05:00",9.270000457763672,9.286999702453612,9.010000228881836,9.119999885559082,9.119999885559082,32591
"CYTH","Cyclo Therapeutics, Inc. - Common Stock","2021-03-11 14:30:00-05:00",9.15999984741211,9.239999771118164,9.12119960784912,9.149999618530272,9.149999618530272,11430
"CYTH","Cyclo Therapeutics, Inc. - Common Stock","2021-03-11 15:30:00-05:00",9.15999984741211,9.239999771118164,9.010000228881836,9.039999961853027,9.039999961853027,19467
"CYTH","Cyclo Therapeutics, Inc. - Common Stock","2021-03-11 16:00:00-05:00",9.15,9.41,9.15,9.38,9.38,0
"CYTH","Cyclo Therapeutics, Inc. - Common Stock","2021-03-11 17:00:00-05:00",9.38,9.39,9.2,9.38,9.38,0
"CYTH","Cyclo Therapeutics, Inc. - Common Stock","2021-03-11 18:00:00-05:00",9.39,9.39,9.15,9.35,9.35,0
"CYTH","Cyclo Therapeutics, Inc. - Common Stock","2021-03-12 04:00:00-05:00",9.49,9.49,9.0,9.15,9.15,0
"CYTH","Cyclo Therapeutics, Inc. - Common Stock","2021-03-12 05:00:00-05:00",9.13,9.15,8.92,8.92,8.92,0
"CYTH","Cyclo Therapeutics, Inc. - Common Stock","2021-03-12 06:00:00-05:00",8.92,9.15,8.92,9.15,9.15,0
"CYTH","Cyclo Therapeutics, Inc. - Common Stock","2021-03-12 07:00:00-05:00",9.0,9.15,8.95,9.15,9.15,0
"CYTH","Cyclo Therapeutics, Inc. - Common Stock","2021-03-12 08:00:00-05:00",9.15,9.15,9.0,9.0,9.0,0
"CYTH","Cyclo Therapeutics, Inc. - Common Stock","2021-03-12 09:00:00-05:00",9.15,9.28,8.98,9.05,9.05,0
"CYTH","Cyclo Therapeutics, Inc. - Common Stock","2021-03-12 09:30:00-05:00",9.149999618530272,9.460000038146973,9.029999732971191,9.3100004196167,9.3100004196167,32605
"CYTH","Cyclo Therapeutics, Inc. - Common Stock","2021-03-12 10:30:00-05:00",9.359999656677246,9.946900367736816,9.300000190734863,9.729999542236328,9.729999542236328,56828
"CYTH","Cyclo Therapeutics, Inc. - Common Stock","2021-03-12 11:30:00-05:00",9.765000343322754,10.228899955749512,9.755000114440918,10.099499702453612,10.099499702453612,42774
"CYTH","Cyclo Therapeutics, Inc. - Common Stock","2021-03-12 12:30:00-05:00",10.149999618530272,10.149999618530272,9.869999885559082,10.041500091552734,10.041500091552734,25863
"CYTH","Cyclo Therapeutics, Inc. - Common Stock","2021-03-12 13:30:00-05:00",10.039999961853027,10.04990005493164,9.79419994354248,9.899999618530272,9.899999618530272,16217
"CYTH","Cyclo Therapeutics, Inc. - Common Stock","2021-03-12 14:30:00-05:00",9.92959976196289,9.970199584960938,9.81999969482422,9.848400115966797,9.848400115966797,17400
"CYTH","Cyclo Therapeutics, Inc. - Common Stock","2021-03-12 15:30:00-05:00",9.859999656677246,9.899999618530272,9.765999794006348,9.890000343322754,9.890000343322754,26862
"CYTH","Cyclo Therapeutics, Inc. - Common Stock","2021-03-12 16:00:00-05:00",9.89,9.94,9.89,9.9,9.9,0
"CYTH","Cyclo Therapeutics, Inc. - Common Stock","2021-03-12 17:00:00-05:00",9.91,10.1,9.9,10.1,10.1,0
"CYTH","Cyclo Therapeutics, Inc. - Common Stock","2021-03-12 18:00:00-05:00",10.0,10.5,10.0,10.5,10.5,0
"CYTH","Cyclo Therapeutics, Inc. - Common Stock","2021-03-15 04:00:00-04:00",10.0,10.49,9.5,9.5,9.5,0
"CYTH","Cyclo Therapeutics, Inc. - Common Stock","2021-03-15 05:00:00-04:00",9.49,11.0,9.49,10.5,10.5,0
"CYTH","Cyclo Therapeutics, Inc. - Common Stock","2021-03-15 07:00:00-04:00",10.02,10.06,10.02,10.06,10.06,0
"CYTH","Cyclo Therapeutics, Inc. - Common Stock","2021-03-15 08:00:00-04:00",10.04,10.75,10.01,10.55,10.55,0
"CYTH","Cyclo Therapeutics, Inc. - Common Stock","2021-03-15 09:00:00-04:00",10.7,10.7,10.3,10.63,10.63,0
"CYTH","Cyclo Therapeutics, Inc. - Common Stock","2021-03-15 09:30:00-04:00",10.380000114440918,10.50879955291748,10.0600004196167,10.25,10.25,72691
"CYTH","Cyclo Therapeutics, Inc. - Common Stock","2021-03-15 10:30:00-04:00",10.249899864196776,10.43000030517578,10.134599685668944,10.26200008392334,10.26200008392334,31520
"CYTH","Cyclo Therapeutics, Inc. - Common Stock","2021-03-15 11:30:00-04:00",10.274999618530272,10.470000267028809,10.0600004196167,10.199999809265137,10.199999809265137,61320
"CYTH","Cyclo Therapeutics, Inc. - Common Stock","2021-03-15 12:30:00-04:00",10.279999732971191,10.279999732971191,10.119999885559082,10.279899597167969,10.279899597167969,30705
"CYTH","Cyclo Therapeutics, Inc. - Common Stock","2021-03-15 13:30:00-04:00",10.25570011138916,10.260000228881836,10.06060028076172,10.130000114440918,10.130000114440918,13584
"CYTH","Cyclo Therapeutics, Inc. - Common Stock","2021-03-15 14:30:00-04:00",10.109999656677246,10.390000343322754,10.06999969482422,10.300000190734863,10.300000190734863,24584
"CYTH","Cyclo Therapeutics, Inc. - Common Stock","2021-03-15 15:30:00-04:00",10.399999618530272,10.399999618530272,10.119999885559082,10.119999885559082,10.119999885559082,19359
"CYTH","Cyclo Therapeutics, Inc. - Common Stock","2021-03-15 16:00:00-04:00",10.18,10.4,10.17,10.17,10.17,0
"CYTH","Cyclo Therapeutics, Inc. - Common Stock","2021-03-15 17:00:00-04:00",10.25,10.25,10.12,10.1201,10.1201,0
"CYTH","Cyclo Therapeutics, Inc. - Common Stock","2021-03-15 18:00:00-04:00",10.12,10.12,10.12,10.12,10.12,0
"CYTH","Cyclo Therapeutics, Inc. - Common Stock","2021-03-15 19:00:00-04:00",10.36,10.4,10.36,10.4,10.4,0
"CYTH","Cyclo Therapeutics, Inc. - Common Stock","2021-03-16 04:00:00-04:00",10.1,10.1,10.1,10.1,10.1,0
"CYTH","Cyclo Therapeutics, Inc. - Common Stock","2021-03-16 05:00:00-04:00",10.17,10.4,10.17,10.4,10.4,0
"CYTH","Cyclo Therapeutics, Inc. - Common Stock","2021-03-16 06:00:00-04:00",10.5,11.29,10.25,11.29,11.29,0
"CYTH","Cyclo Therapeutics, Inc. - Common Stock","2021-03-16 07:00:00-04:00",10.65,10.65,10.27,10.27,10.27,0
"CYTH","Cyclo Therapeutics, Inc. - Common Stock","2021-03-16 08:00:00-04:00",10.49,10.64,10.49,10.64,10.64,0
"CYTH","Cyclo Therapeutics, Inc. - Common Stock","2021-03-16 09:00:00-04:00",10.6,10.6,10.38,10.6,10.6,0
"CYTH","Cyclo Therapeutics, Inc. - Common Stock","2021-03-16 09:30:00-04:00",10.210000038146973,11.399900436401367,10.130499839782717,11.00059986114502,11.00059986114502,211075
"CYTH","Cyclo Therapeutics, Inc. - Common Stock","2021-03-16 10:30:00-04:00",11.050000190734863,11.18000030517578,10.760000228881836,10.887999534606934,10.887999534606934,70742
"CYTH","Cyclo Therapeutics, Inc. - Common Stock","2021-03-16 11:30:00-04:00",10.965200424194336,11.239999771118164,10.920000076293944,11.147500038146973,11.147500038146973,56337
"CYTH","Cyclo Therapeutics, Inc. - Common Stock","2021-03-16 12:30:00-04:00",11.18000030517578,12.149999618530272,11.119999885559082,12.140000343322754,12.140000343322754,133608
"CYTH","Cyclo Therapeutics, Inc. - Common Stock","2021-03-16 13:30:00-04:00",12.199999809265137,13.989999771118164,11.98900032043457,12.800000190734863,12.800000190734863,968486
"CYTH","Cyclo Therapeutics, Inc. - Common Stock","2021-03-16 14:30:00-04:00",12.770000457763672,14.880000114440918,11.989999771118164,12.350000381469728,12.350000381469728,2193146
"CYTH","Cyclo Therapeutics, Inc. - Common Stock","2021-03-16 15:30:00-04:00",12.369999885559082,12.90999984741211,12.050000190734863,12.390000343322754,12.390000343322754,309871
"CYTH","Cyclo Therapeutics, Inc. - Common Stock","2021-03-16 16:00:00-04:00",12.41,12.5,12.01,12.25,12.25,0
"CYTH","Cyclo Therapeutics, Inc. - Common Stock","2021-03-16 17:00:00-04:00",12.25,12.5,12.25,12.3,12.3,0
"CYTH","Cyclo Therapeutics, Inc. - Common Stock","2021-03-16 18:00:00-04:00",12.25,12.44,12.22,12.44,12.44,0
"CYTH","Cyclo Therapeutics, Inc. - Common Stock","2021-03-16 19:00:00-04:00",12.44,12.9,12.42,12.9,12.9,0
"CYTH","Cyclo Therapeutics, Inc. - Common Stock","2021-03-17 04:00:00-04:00",12.41,12.75,12.41,12.75,12.75,0
"CYTH","Cyclo Therapeutics, Inc. - Common Stock","2021-03-17 05:00:00-04:00",12.45,12.45,11.05,11.17,11.17,0
"CYTH","Cyclo Therapeutics, Inc. - Common Stock","2021-03-17 06:00:00-04:00",11.7,12.38,11.7,12.33,12.33,0
"CYTH","Cyclo Therapeutics, Inc. - Common Stock","2021-03-17 07:00:00-04:00",12.3,12.6,12.29,12.42,12.42,0
"CYTH","Cyclo Therapeutics, Inc. - Common Stock","2021-03-17 08:00:00-04:00",12.42,12.6,11.5295,11.95,11.95,0
"CYTH","Cyclo Therapeutics, Inc. - Common Stock","2021-03-17 09:00:00-04:00",11.81,12.0,11.8,11.9,11.9,0
"CYTH","Cyclo Therapeutics, Inc. - Common Stock","2021-03-17 09:30:00-04:00",11.60890007019043,12.962599754333496,11.51259994506836,12.859999656677246,12.859999656677246,215147
"CYTH","Cyclo Therapeutics, Inc. - Common Stock","2021-03-17 10:30:00-04:00",12.78730010986328,13.491600036621094,12.401900291442873,13.130000114440918,13.130000114440918,207477
"CYTH","Cyclo Therapeutics, Inc. - Common Stock","2021-03-17 11:30:00-04:00",13.010000228881836,13.11989974975586,12.676799774169922,12.676799774169922,12.676799774169922,70225
"CYTH","Cyclo Therapeutics, Inc. - Common Stock","2021-03-17 12:30:00-04:00",12.760000228881836,12.850000381469728,12.130000114440918,12.84000015258789,12.84000015258789,77547
"CYTH","Cyclo Therapeutics, Inc. - Common Stock","2021-03-17 13:30:00-04:00",12.850000381469728,13.359999656677246,12.359999656677246,12.800000190734863,12.800000190734863,119845
"CYTH","Cyclo Therapeutics, Inc. - Common Stock","2021-03-17 14:30:00-04:00",12.65999984741211,13.119999885559082,12.350000381469728,12.899999618530272,12.899999618530272,112701
"CYTH","Cyclo Therapeutics, Inc. - Common Stock","2021-03-17 15:30:00-04:00",12.899900436401367,12.899900436401367,12.4399995803833,12.56999969482422,12.56999969482422,33558
"CYTH","Cyclo Therapeutics, Inc. - Common Stock","2021-03-17 16:00:00-04:00",12.56,12.9699,12.56,12.7,12.7,0
"CYTH","Cyclo Therapeutics, Inc. - Common Stock","2021-03-17 17:00:00-04:00",12.53,12.909,12.52,12.9,12.9,0
"CYTH","Cyclo Therapeutics, Inc. - Common Stock","2021-03-17 18:00:00-04:00",12.8,12.85,12.55,12.55,12.55,0
"CYTH","Cyclo Therapeutics, Inc. - Common Stock","2021-03-17 19:00:00-04:00",12.56,12.92,12.51,12.92,12.92,0
"CYTH","Cyclo Therapeutics, Inc. - Common Stock","2021-03-18 04:00:00-04:00",12.56,12.56,12.38,12.38,12.38,0
"CYTH","Cyclo Therapeutics, Inc. - Common Stock","2021-03-18 05:00:00-04:00",12.75,12.75,12.55,12.56,12.56,0
"CYTH","Cyclo Therapeutics, Inc. - Common Stock","2021-03-18 06:00:00-04:00",12.56,12.9,12.42,12.42,12.42,0
"CYTH","Cyclo Therapeutics, Inc. - Common Stock","2021-03-18 07:00:00-04:00",12.42,12.67,12.42,12.65,12.65,0
"CYTH","Cyclo Therapeutics, Inc. - Common Stock","2021-03-18 08:00:00-04:00",12.6,12.9,12.58,12.7,12.7,0
"CYTH","Cyclo Therapeutics, Inc. - Common Stock","2021-03-18 09:00:00-04:00",12.7,12.89,12.5,12.51,12.51,0
"CYTH","Cyclo Therapeutics, Inc. - Common Stock","2021-03-18 09:30:00-04:00",12.600000381469728,12.89780044555664,12.140000343322754,12.329999923706056,12.329999923706056,68217
"CYTH","Cyclo Therapeutics, Inc. - Common Stock","2021-03-18 10:30:00-04:00",12.40999984741211,12.479999542236328,12.199999809265137,12.350099563598633,12.350099563598633,37036
"CYTH","Cyclo Therapeutics, Inc. - Common Stock","2021-03-18 11:30:00-04:00",12.43000030517578,12.5,12.199999809265137,12.270000457763672,12.270000457763672,75623
"CYTH","Cyclo Therapeutics, Inc. - Common Stock","2021-03-18 12:30:00-04:00",12.210000038146973,12.279999732971191,11.899999618530272,12.0600004196167,12.0600004196167,65075
"CYTH","Cyclo Therapeutics, Inc. - Common Stock","2021-03-18 13:30:00-04:00",12.199999809265137,12.210000038146973,11.649999618530272,11.839200019836426,11.839200019836426,39473
"CYTH","Cyclo Therapeutics, Inc. - Common Stock","2021-03-18 14:30:00-04:00",11.760000228881836,11.989999771118164,11.520000457763672,11.600000381469728,11.600000381469728,70119
"CYTH","Cyclo Therapeutics, Inc. - Common Stock","2021-03-18 15:30:00-04:00",11.600000381469728,11.859999656677246,11.329999923706056,11.479999542236328,11.479999542236328,48411
"CYTH","Cyclo Therapeutics, Inc. - Common Stock","2021-03-18 16:00:00-04:00",11.41,11.82,11.4,11.82,11.82,0
"CYTH","Cyclo Therapeutics, Inc. - Common Stock","2021-03-18 17:00:00-04:00",12.0,12.88,11.78,12.3,12.3,0
"CYTH","Cyclo Therapeutics, Inc. - Common Stock","2021-03-18 18:00:00-04:00",12.0,12.1,11.9,12.0,12.0,0
"CYTH","Cyclo Therapeutics, Inc. - Common Stock","2021-03-18 19:00:00-04:00",11.9,12.0,11.76,11.9,11.9,0
"CYTH","Cyclo Therapeutics, Inc. - Common Stock","2021-03-19 04:00:00-04:00",12.0,12.0,11.0,11.0,11.0,0
"CYTH","Cyclo Therapeutics, Inc. - Common Stock","2021-03-19 05:00:00-04:00",11.71,13.0,11.71,11.75,11.75,0
"CYTH","Cyclo Therapeutics, Inc. - Common Stock","2021-03-19 07:00:00-04:00",11.9,11.9,11.5,11.5,11.5,0
"CYTH","Cyclo Therapeutics, Inc. - Common Stock","2021-03-19 08:00:00-04:00",11.51,12.5,11.5,12.38,12.38,0
"CYTH","Cyclo Therapeutics, Inc. - Common Stock","2021-03-19 09:00:00-04:00",12.0,12.4,11.55,11.99,11.99,0
"CYTH","Cyclo Therapeutics, Inc. - Common Stock","2021-03-19 09:30:00-04:00",11.56999969482422,12.210000038146973,11.270000457763672,11.699999809265137,11.699999809265137,45922
"CYTH","Cyclo Therapeutics, Inc. - Common Stock","2021-03-19 10:30:00-04:00",11.760000228881836,12.380000114440918,11.638999938964844,12.239999771118164,12.239999771118164,62450
"CYTH","Cyclo Therapeutics, Inc. - Common Stock","2021-03-19 11:30:00-04:00",12.239999771118164,12.43000030517578,12.020099639892578,12.279999732971191,12.279999732971191,45988
"CYTH","Cyclo Therapeutics, Inc. - Common Stock","2021-03-19 12:30:00-04:00",12.3100004196167,12.404999732971191,12.18340015411377,12.199999809265137,12.199999809265137,23444
"CYTH","Cyclo Therapeutics, Inc. - Common Stock","2021-03-19 13:30:00-04:00",12.239999771118164,12.34000015258789,12.101400375366213,12.140000343322754,12.140000343322754,23225
"CYTH","Cyclo Therapeutics, Inc. - Common Stock","2021-03-19 14:30:00-04:00",12.079999923706056,12.220000267028809,11.529999732971191,12.09000015258789,12.09000015258789,101844
"CYTH","Cyclo Therapeutics, Inc. - Common Stock","2021-03-19 15:30:00-04:00",11.96500015258789,12.050000190734863,11.600000381469728,11.8100004196167,11.8100004196167,60571
"CYTH","Cyclo Therapeutics, Inc. - Common Stock","2021-03-19 16:00:00-04:00",11.57,12.02,11.4,11.71,11.71,0
"CYTH","Cyclo Therapeutics, Inc. - Common Stock","2021-03-19 17:00:00-04:00",12.0,12.0,11.54,11.71,11.71,0
"CYTH","Cyclo Therapeutics, Inc. - Common Stock","2021-03-19 18:00:00-04:00",11.57,11.75,11.56,11.75,11.75,0
"CYTH","Cyclo Therapeutics, Inc. - Common Stock","2021-03-19 19:00:00-04:00",11.99,11.99,11.54,11.54,11.54,0
"CYTH","Cyclo Therapeutics, Inc. - Common Stock","2021-03-22 04:00:00-04:00",11.3,11.5,10.99,11.5,11.5,0
"CYTH","Cyclo Therapeutics, Inc. - Common Stock","2021-03-22 06:00:00-04:00",11.51,11.7,11.45,11.45,11.45,0
"CYTH","Cyclo Therapeutics, Inc. - Common Stock","2021-03-22 07:00:00-04:00",11.51,12.5,11.5,11.57,11.57,0
"CYTH","Cyclo Therapeutics, Inc. - Common Stock","2021-03-22 08:00:00-04:00",11.5,12.16,11.5,12.16,12.16,0
"CYTH","Cyclo Therapeutics, Inc. - Common Stock","2021-03-22 09:00:00-04:00",11.55,12.21,11.48,11.54,11.54,0
"CYTH","Cyclo Therapeutics, Inc. - Common Stock","2021-03-22 09:30:00-04:00",11.470000267028809,12.375100135803224,11.449999809265137,11.800000190734863,11.800000190734863,74492
"CYTH","Cyclo Therapeutics, Inc. - Common Stock","2021-03-22 10:30:00-04:00",11.883999824523926,12.27970027923584,11.800000190734863,11.920000076293944,11.920000076293944,54469
"CYTH","Cyclo Therapeutics, Inc. - Common Stock","2021-03-22 11:30:00-04:00",11.899999618530272,12.34000015258789,11.899999618530272,12.0,12.0,73548
"CYTH","Cyclo Therapeutics, Inc. - Common Stock","2021-03-22 12:30:00-04:00",12.149999618530272,12.420000076293944,12.010000228881836,12.09000015258789,12.09000015258789,47190
"CYTH","Cyclo Therapeutics, Inc. - Common Stock","2021-03-22 13:30:00-04:00",12.029999732971191,12.31999969482422,11.920000076293944,11.93000030517578,11.93000030517578,69228
"CYTH","Cyclo Therapeutics, Inc. - Common Stock","2021-03-22 14:30:00-04:00",12.010000228881836,12.199999809265137,11.899999618530272,12.05490016937256,12.05490016937256,23915
"CYTH","Cyclo Therapeutics, Inc. - Common Stock","2021-03-22 15:30:00-04:00",12.114999771118164,12.5,11.95680046081543,12.449999809265137,12.449999809265137,79214
"CYTH","Cyclo Therapeutics, Inc. - Common Stock","2021-03-22 16:00:00-04:00",12.45,12.49,12.4399,12.49,12.49,0
"CYTH","Cyclo Therapeutics, Inc. - Common Stock","2021-03-22 17:00:00-04:00",12.49,12.49,12.45,12.45,12.45,0
"CYTH","Cyclo Therapeutics, Inc. - Common Stock","2021-03-22 18:00:00-04:00",12.45,12.45,12.45,12.45,12.45,0
"CYTH","Cyclo Therapeutics, Inc. - Common Stock","2021-03-22 19:00:00-04:00",12.45,12.45,12.45,12.45,12.45,0
"CYTH","Cyclo Therapeutics, Inc. - Common Stock","2021-03-23 04:00:00-04:00",12.44,12.44,12.44,12.44,12.44,0
"CYTH","Cyclo Therapeutics, Inc. - Common Stock","2021-03-23 05:00:00-04:00",12.44,12.44,12.44,12.44,12.44,0
"CYTH","Cyclo Therapeutics, Inc. - Common Stock","2021-03-23 06:00:00-04:00",12.49,12.49,12.44,12.44,12.44,0
"CYTH","Cyclo Therapeutics, Inc. - Common Stock","2021-03-23 08:00:00-04:00",12.3,12.43,11.9,11.94,11.94,0
"CYTH","Cyclo Therapeutics, Inc. - Common Stock","2021-03-23 09:00:00-04:00",12.0,12.2,12.0,12.05,12.05,0
"CYTH","Cyclo Therapeutics, Inc. - Common Stock","2021-03-23 09:30:00-04:00",12.109999656677246,12.199999809265137,11.4399995803833,11.59000015258789,11.59000015258789,97229
"CYTH","Cyclo Therapeutics, Inc. - Common Stock","2021-03-23 10:30:00-04:00",11.5600004196167,11.699999809265137,11.270000457763672,11.489999771118164,11.489999771118164,59439
"CYTH","Cyclo Therapeutics, Inc. - Common Stock","2021-03-23 11:30:00-04:00",11.56999969482422,11.56999969482422,11.047499656677246,11.1899995803833,11.1899995803833,60322
"CYTH","Cyclo Therapeutics, Inc. - Common Stock","2021-03-23 12:30:00-04:00",11.255000114440918,11.3100004196167,11.150099754333496,11.210000038146973,11.210000038146973,21401
"CYTH","Cyclo Therapeutics, Inc. - Common Stock","2021-03-23 13:30:00-04:00",11.220000267028809,11.390000343322754,11.170000076293944,11.25,11.25,6873
"CYTH","Cyclo Therapeutics, Inc. - Common Stock","2021-03-23 14:30:00-04:00",11.262100219726562,11.65999984741211,11.109999656677246,11.220000267028809,11.220000267028809,74377
"CYTH","Cyclo Therapeutics, Inc. - Common Stock","2021-03-23 15:30:00-04:00",11.220000267028809,11.4399995803833,11.010000228881836,11.25,11.25,52559
"CYTH","Cyclo Therapeutics, Inc. - Common Stock","2021-03-23 16:00:00-04:00",11.26,11.26,11.0,11.14,11.14,0
"CYTH","Cyclo Therapeutics, Inc. - Common Stock","2021-03-23 17:00:00-04:00",11.14,11.8,11.12,11.4,11.4,0
"CYTH","Cyclo Therapeutics, Inc. - Common Stock","2021-03-23 18:00:00-04:00",11.4,11.5,11.2,11.2,11.2,0
"CYTH","Cyclo Therapeutics, Inc. - Common Stock","2021-03-23 19:00:00-04:00",11.5,11.95,11.5,11.95,11.95,0
"CYTH","Cyclo Therapeutics, Inc. - Common Stock","2021-03-24 04:00:00-04:00",11.05,12.49,10.99,12.48,12.48,0
"CYTH","Cyclo Therapeutics, Inc. - Common Stock","2021-03-24 05:00:00-04:00",11.05,11.05,11.05,11.05,11.05,0
"CYTH","Cyclo Therapeutics, Inc. - Common Stock","2021-03-24 06:00:00-04:00",11.05,11.5,11.05,11.05,11.05,0
"CYTH","Cyclo Therapeutics, Inc. - Common Stock","2021-03-24 07:00:00-04:00",11.05,12.48,11.05,12.02,12.02,0
"CYTH","Cyclo Therapeutics, Inc. - Common Stock","2021-03-24 08:00:00-04:00",12.1,12.29,11.5,11.9,11.9,0
"CYTH","Cyclo Therapeutics, Inc. - Common Stock","2021-03-24 09:00:00-04:00",11.76,11.76,11.65,11.7,11.7,0
"CYTH","Cyclo Therapeutics, Inc. - Common Stock","2021-03-24 09:30:00-04:00",11.09000015258789,11.244000434875488,10.520000457763672,10.649999618530272,10.649999618530272,54859
"CYTH","Cyclo Therapeutics, Inc. - Common Stock","2021-03-24 10:30:00-04:00",10.65999984741211,11.0,10.520000457763672,10.63889980316162,10.63889980316162,31017
"CYTH","Cyclo Therapeutics, Inc. - Common Stock","2021-03-24 11:30:00-04:00",10.600000381469728,10.890000343322754,10.510000228881836,10.890000343322754,10.890000343322754,36130
"CYTH","Cyclo Therapeutics, Inc. - Common Stock","2021-03-24 12:30:00-04:00",10.744999885559082,11.199999809265137,10.744999885559082,11.199999809265137,11.199999809265137,42698
"CYTH","Cyclo Therapeutics, Inc. - Common Stock","2021-03-24 13:30:00-04:00",11.149999618530272,11.73840045928955,11.149999618530272,11.619999885559082,11.619999885559082,30987
"CYTH","Cyclo Therapeutics, Inc. - Common Stock","2021-03-24 14:30:00-04:00",11.420100212097168,11.520000457763672,11.029999732971191,11.074999809265137,11.074999809265137,12962
"CYTH","Cyclo Therapeutics, Inc. - Common Stock","2021-03-24 15:30:00-04:00",11.050000190734863,11.07450008392334,10.880000114440918,10.880000114440918,10.880000114440918,9835
"CYTH","Cyclo Therapeutics, Inc. - Common Stock","2021-03-24 16:00:00-04:00",10.96,10.99,10.8,10.8,10.8,0
"CYTH","Cyclo Therapeutics, Inc. - Common Stock","2021-03-24 17:00:00-04:00",10.8,11.64,10.8,11.63,11.63,0
"CYTH","Cyclo Therapeutics, Inc. - Common Stock","2021-03-24 18:00:00-04:00",11.64,11.64,11.0,11.0,11.0,0
"CYTH","Cyclo Therapeutics, Inc. - Common Stock","2021-03-24 19:00:00-04:00",10.55,11.64,10.55,11.64,11.64,0
"CYTH","Cyclo Therapeutics, Inc. - Common Stock","2021-03-25 06:00:00-04:00",10.96,10.96,10.96,10.96,10.96,0
"CYTH","Cyclo Therapeutics, Inc. - Common Stock","2021-03-25 07:00:00-04:00",10.9,11.45,10.9,11.45,11.45,0
"CYTH","Cyclo Therapeutics, Inc. - Common Stock","2021-03-25 08:00:00-04:00",10.9,11.45,10.85,11.45,11.45,0
"CYTH","Cyclo Therapeutics, Inc. - Common Stock","2021-03-25 09:00:00-04:00",11.0,14.21,11.0,13.55,13.55,0
"CYTH","Cyclo Therapeutics, Inc. - Common Stock","2021-03-25 09:30:00-04:00",12.100000381469728,12.43000030517578,8.920000076293945,9.493399620056152,9.493399620056152,3531926
"CYTH","Cyclo Therapeutics, Inc. - Common Stock","2021-03-25 10:30:00-04:00",9.399999618530272,9.539999961853027,8.890000343322754,9.150099754333496,9.150099754333496,202284
"CYTH","Cyclo Therapeutics, Inc. - Common Stock","2021-03-25 11:30:00-04:00",9.150099754333496,9.649999618530272,9.079999923706056,9.399999618530272,9.399999618530272,150356
"CYTH","Cyclo Therapeutics, Inc. - Common Stock","2021-03-25 12:30:00-04:00",9.43000030517578,9.949999809265137,9.210000038146973,9.762700080871582,9.762700080871582,176761
"CYTH","Cyclo Therapeutics, Inc. - Common Stock","2021-03-25 13:30:00-04:00",9.750100135803224,9.859999656677246,9.31999969482422,9.380000114440918,9.380000114440918,91788
"CYTH","Cyclo Therapeutics, Inc. - Common Stock","2021-03-25 14:30:00-04:00",9.359999656677246,9.550000190734863,8.800000190734863,8.890000343322754,8.890000343322754,180662
"CYTH","Cyclo Therapeutics, Inc. - Common Stock","2021-03-25 15:30:00-04:00",8.934499740600586,9.029999732971191,8.900099754333496,9.0,9.0,114780
"CYTH","Cyclo Therapeutics, Inc. - Common Stock","2021-03-25 16:00:00-04:00",9.0,9.3,8.9,9.3,9.3,0
"CYTH","Cyclo Therapeutics, Inc. - Common Stock","2021-03-25 17:00:00-04:00",9.12,9.2,8.85,9.0,9.0,0
"CYTH","Cyclo Therapeutics, Inc. - Common Stock","2021-03-25 18:00:00-04:00",9.15,9.3,8.86,8.9,8.9,0
"CYTH","Cyclo Therapeutics, Inc. - Common Stock","2021-03-25 19:00:00-04:00",8.9,9.15,8.8,8.99,8.99,0
"CYTH","Cyclo Therapeutics, Inc. - Common Stock","2021-03-26 04:00:00-04:00",9.01,9.01,8.82,9.01,9.01,0
"CYTH","Cyclo Therapeutics, Inc. - Common Stock","2021-03-26 05:00:00-04:00",9.01,9.01,9.0,9.0,9.0,0
"CYTH","Cyclo Therapeutics, Inc. - Common Stock","2021-03-26 06:00:00-04:00",9.18,9.18,9.02,9.02,9.02,0
"CYTH","Cyclo Therapeutics, Inc. - Common Stock","2021-03-26 07:00:00-04:00",9.18,9.25,9.1,9.25,9.25,0
"CYTH","Cyclo Therapeutics, Inc. - Common Stock","2021-03-26 08:00:00-04:00",9.25,9.4,9.05,9.05,9.05,0
"CYTH","Cyclo Therapeutics, Inc. - Common Stock","2021-03-26 09:00:00-04:00",9.05,9.24,9.05,9.06,9.06,0
"CYTH","Cyclo Therapeutics, Inc. - Common Stock","2021-03-26 09:30:00-04:00",8.979999542236328,9.029999732971191,8.110799789428711,8.140000343322754,8.140000343322754,273940
"CYTH","Cyclo Therapeutics, Inc. - Common Stock","2021-03-26 10:30:00-04:00",8.119999885559082,8.223999977111816,7.510000228881836,7.910099983215332,7.910099983215332,215000
"CYTH","Cyclo Therapeutics, Inc. - Common Stock","2021-03-26 11:30:00-04:00",7.909999847412109,8.220000267028809,7.860000133514404,7.999899864196777,7.999899864196777,99306
"CYTH","Cyclo Therapeutics, Inc. - Common Stock","2021-03-26 12:30:00-04:00",8.0,8.09000015258789,7.810100078582764,7.849999904632568,7.849999904632568,61654
"CYTH","Cyclo Therapeutics, Inc. - Common Stock","2021-03-26 13:30:00-04:00",7.849999904632568,7.979899883270264,7.784900188446045,7.803699970245361,7.803699970245361,73167
"CYTH","Cyclo Therapeutics, Inc. - Common Stock","2021-03-26 14:30:00-04:00",7.900000095367432,8.1899995803833,7.760000228881836,8.019499778747559,8.019499778747559,96835
"CYTH","Cyclo Therapeutics, Inc. - Common Stock","2021-03-26 15:30:00-04:00",8.029999732971191,8.140000343322754,8.020000457763672,8.130000114440918,8.130000114440918,26676
"CYTH","Cyclo Therapeutics, Inc. - Common Stock","2021-03-26 16:00:00-04:00",8.06,8.215,7.99,7.99,7.99,0
"CYTH","Cyclo Therapeutics, Inc. - Common Stock","2021-03-26 17:00:00-04:00",7.99,8.13,7.95,8.13,8.13,0
"CYTH","Cyclo Therapeutics, Inc. - Common Stock","2021-03-26 18:00:00-04:00",8.14,8.14,8.14,8.14,8.14,0
"CYTH","Cyclo Therapeutics, Inc. - Common Stock","2021-03-26 19:00:00-04:00",8.1,8.1,8.05,8.05,8.05,0
"CYTH","Cyclo Therapeutics, Inc. - Common Stock","2021-03-29 04:00:00-04:00",7.6,7.6,7.6,7.6,7.6,0
"CYTH","Cyclo Therapeutics, Inc. - Common Stock","2021-03-29 05:00:00-04:00",7.5,8.09,7.5,8.09,8.09,0
"CYTH","Cyclo Therapeutics, Inc. - Common Stock","2021-03-29 06:00:00-04:00",8.06,8.06,7.81,7.81,7.81,0
"CYTH","Cyclo Therapeutics, Inc. - Common Stock","2021-03-29 07:00:00-04:00",7.9,8.07,7.9,8.0,8.0,0
"CYTH","Cyclo Therapeutics, Inc. - Common Stock","2021-03-29 08:00:00-04:00",7.881,8.05,7.8,7.8,7.8,0
"CYTH","Cyclo Therapeutics, Inc. - Common Stock","2021-03-29 09:00:00-04:00",7.8,8.07,7.6,7.81,7.81,0
"CYTH","Cyclo Therapeutics, Inc. - Common Stock","2021-03-29 09:30:00-04:00",8.100000381469727,8.149999618530273,7.409999847412109,7.425000190734863,7.425000190734863,144762
"CYTH","Cyclo Therapeutics, Inc. - Common Stock","2021-03-29 10:30:00-04:00",7.429999828338623,7.749899864196777,7.400000095367432,7.633800029754639,7.633800029754639,111550
"CYTH","Cyclo Therapeutics, Inc. - Common Stock","2021-03-29 11:30:00-04:00",7.579999923706055,7.7129998207092285,7.559999942779541,7.639999866485596,7.639999866485596,17194
"CYTH","Cyclo Therapeutics, Inc. - Common Stock","2021-03-29 12:30:00-04:00",7.659200191497803,7.670000076293945,7.306600093841553,7.306600093841553,7.306600093841553,52784
"CYTH","Cyclo Therapeutics, Inc. - Common Stock","2021-03-29 13:30:00-04:00",7.300099849700928,7.409999847412109,7.051300048828125,7.198999881744385,7.198999881744385,97823
"CYTH","Cyclo Therapeutics, Inc. - Common Stock","2021-03-29 14:30:00-04:00",7.199999809265137,7.309999942779541,7.119999885559082,7.170000076293945,7.170000076293945,43272
"CYTH","Cyclo Therapeutics, Inc. - Common Stock","2021-03-29 15:30:00-04:00",7.170000076293945,7.170000076293945,7.050000190734863,7.070000171661377,7.070000171661377,31425
"CYTH","Cyclo Therapeutics, Inc. - Common Stock","2021-03-29 16:00:00-04:00",7.09,7.2,7.07,7.09,7.09,0
"CYTH","Cyclo Therapeutics, Inc. - Common Stock","2021-03-29 17:00:00-04:00",7.45,7.45,7.3,7.39,7.39,0
"CYTH","Cyclo Therapeutics, Inc. - Common Stock","2021-03-29 18:00:00-04:00",7.34,7.41,7.23,7.23,7.23,0
"CYTH","Cyclo Therapeutics, Inc. - Common Stock","2021-03-29 19:00:00-04:00",7.09,7.24,7.09,7.09,7.09,0
"CYTH","Cyclo Therapeutics, Inc. - Common Stock","2021-03-30 04:00:00-04:00",7.95,7.95,7.95,7.95,7.95,0
"CYTH","Cyclo Therapeutics, Inc. - Common Stock","2021-03-30 05:00:00-04:00",7.95,7.95,7.95,7.95,7.95,0
"CYTH","Cyclo Therapeutics, Inc. - Common Stock","2021-03-30 06:00:00-04:00",7.09,7.6,7.08,7.6,7.6,0
"CYTH","Cyclo Therapeutics, Inc. - Common Stock","2021-03-30 07:00:00-04:00",7.08,7.25,7.08,7.09,7.09,0
"CYTH","Cyclo Therapeutics, Inc. - Common Stock","2021-03-30 08:00:00-04:00",7.01,7.09,7.01,7.01,7.01,0
"CYTH","Cyclo Therapeutics, Inc. - Common Stock","2021-03-30 09:00:00-04:00",7.03,7.15,7.0,7.0,7.0,0
"CYTH","Cyclo Therapeutics, Inc. - Common Stock","2021-03-30 09:30:00-04:00",6.900000095367432,7.369999885559082,6.760000228881836,7.159999847412109,7.159999847412109,85274
"CYTH","Cyclo Therapeutics, Inc. - Common Stock","2021-03-30 10:30:00-04:00",7.150000095367432,7.429900169372559,7.03000020980835,7.329999923706055,7.329999923706055,39488
"CYTH","Cyclo Therapeutics, Inc. - Common Stock","2021-03-30 11:30:00-04:00",7.300000190734863,7.449900150299072,7.21999979019165,7.375,7.375,24078
"CYTH","Cyclo Therapeutics, Inc. - Common Stock","2021-03-30 12:30:00-04:00",7.349999904632568,8.1899995803833,7.199999809265137,8.039999961853027,8.039999961853027,92769
"CYTH","Cyclo Therapeutics, Inc. - Common Stock","2021-03-30 13:30:00-04:00",8.14680004119873,8.779999732971191,7.760000228881836,8.222599983215332,8.222599983215332,295047
"CYTH","Cyclo Therapeutics, Inc. - Common Stock","2021-03-30 14:30:00-04:00",8.261699676513672,8.4399995803833,8.100000381469727,8.130000114440918,8.130000114440918,64206
"CYTH","Cyclo Therapeutics, Inc. - Common Stock","2021-03-30 15:30:00-04:00",8.129500389099121,8.45989990234375,8.100000381469727,8.37969970703125,8.37969970703125,49387
"CYTH","Cyclo Therapeutics, Inc. - Common Stock","2021-03-30 16:00:00-04:00",8.37,8.48,8.23,8.4,8.4,0
"CYTH","Cyclo Therapeutics, Inc. - Common Stock","2021-03-30 17:00:00-04:00",8.4,8.45,8.4,8.41,8.41,0
"CYTH","Cyclo Therapeutics, Inc. - Common Stock","2021-03-31 19:00:00-04:00",8.21,8.21,8.21,8.21,8.21,0
"CYTH","Cyclo Therapeutics, Inc. - Common Stock","2021-04-01 07:00:00-04:00",8.21,8.21,8.21,8.21,8.21,0
"CYTH","Cyclo Therapeutics, Inc. - Common Stock","2021-04-01 08:00:00-04:00",8.35,8.48,8.35,8.43,8.43,0
"CYTH","Cyclo Therapeutics, Inc. - Common Stock","2021-04-01 09:00:00-04:00",8.45,8.45,8.21,8.35,8.35,0
"CYTH","Cyclo Therapeutics, Inc. - Common Stock","2021-04-01 09:30:00-04:00",8.25,8.829999923706055,8.25,8.630000114440918,8.630000114440918,58218
"CYTH","Cyclo Therapeutics, Inc. - Common Stock","2021-04-01 10:30:00-04:00",8.569999694824219,8.698800086975098,8.329999923706055,8.460100173950195,8.460100173950195,142646
"CYTH","Cyclo Therapeutics, Inc. - Common Stock","2021-04-01 11:30:00-04:00",8.460000038146973,8.535599708557129,8.399999618530273,8.479999542236328,8.479999542236328,21180
"CYTH","Cyclo Therapeutics, Inc. - Common Stock","2021-04-01 12:30:00-04:00",8.5,8.59000015258789,8.430000305175781,8.430000305175781,8.430000305175781,10263
"CYTH","Cyclo Therapeutics, Inc. - Common Stock","2021-04-01 13:30:00-04:00",8.430000305175781,8.619999885559082,8.369999885559082,8.609999656677246,8.609999656677246,30282
"CYTH","Cyclo Therapeutics, Inc. - Common Stock","2021-04-01 14:30:00-04:00",8.630000114440918,8.800000190734863,8.399999618530273,8.710000038146973,8.710000038146973,24948
"CYTH","Cyclo Therapeutics, Inc. - Common Stock","2021-04-01 15:30:00-04:00",8.729999542236328,8.869999885559082,8.670100212097168,8.869999885559082,8.869999885559082,22047
"CYTH","Cyclo Therapeutics, Inc. - Common Stock","2021-04-01 16:00:00-04:00",8.87,8.87,8.8299,8.83,8.83,0
"CYTH","Cyclo Therapeutics, Inc. - Common Stock","2021-04-01 17:00:00-04:00",8.82,8.8301,8.82,8.8301,8.8301,0
"CYTH","Cyclo Therapeutics, Inc. - Common Stock","2021-04-01 18:00:00-04:00",8.6,8.6,8.6,8.6,8.6,0
"CYTH","Cyclo Therapeutics, Inc. - Common Stock","2021-04-01 19:00:00-04:00",8.83,8.83,8.69,8.69,8.69,0
"CYTH","Cyclo Therapeutics, Inc. - Common Stock","2021-04-05 04:00:00-04:00",8.25,8.87,8.25,8.87,8.87,0
"CYTH","Cyclo Therapeutics, Inc. - Common Stock","2021-04-05 06:00:00-04:00",8.93,9.1,8.93,9.1,9.1,0
"CYTH","Cyclo Therapeutics, Inc. - Common Stock","2021-04-05 07:00:00-04:00",9.1,9.1,8.83,8.83,8.83,0
"CYTH","Cyclo Therapeutics, Inc. - Common Stock","2021-04-05 08:00:00-04:00",8.94,8.99,8.7,8.95,8.95,0
"CYTH","Cyclo Therapeutics, Inc. - Common Stock","2021-04-05 09:00:00-04:00",8.9501,9.1,8.95,8.96,8.96,0
"CYTH","Cyclo Therapeutics, Inc. - Common Stock","2021-04-05 09:30:00-04:00",8.899999618530273,9.039999961853027,8.772600173950195,8.908100128173828,8.908100128173828,49890
"CYTH","Cyclo Therapeutics, Inc. - Common Stock","2021-04-05 10:30:00-04:00",8.84280014038086,8.84280014038086,8.699999809265137,8.707799911499023,8.707799911499023,32145
"CYTH","Cyclo Therapeutics, Inc. - Common Stock","2021-04-05 11:30:00-04:00",8.670000076293945,8.84000015258789,8.600000381469727,8.680700302124023,8.680700302124023,79597
"CYTH","Cyclo Therapeutics, Inc. - Common Stock","2021-04-05 12:30:00-04:00",8.654999732971191,8.65999984741211,8.539999961853027,8.642900466918945,8.642900466918945,20057
"CYTH","Cyclo Therapeutics, Inc. - Common Stock","2021-04-05 13:30:00-04:00",8.635000228881836,8.699000358581543,8.579999923706055,8.619999885559082,8.619999885559082,22785
"CYTH","Cyclo Therapeutics, Inc. - Common Stock","2021-04-05 14:30:00-04:00",8.573699951171875,8.640000343322754,8.520000457763672,8.5600004196167,8.5600004196167,5804
"CYTH","Cyclo Therapeutics, Inc. - Common Stock","2021-04-05 15:30:00-04:00",8.609999656677246,8.609999656677246,8.5,8.59000015258789,8.59000015258789,7485
"CYTH","Cyclo Therapeutics, Inc. - Common Stock","2021-04-05 16:00:00-04:00",8.59,8.61,8.5,8.59,8.59,0
"CYTH","Cyclo Therapeutics, Inc. - Common Stock","2021-04-05 17:00:00-04:00",8.6,8.6,8.6,8.6,8.6,0
"CYTH","Cyclo Therapeutics, Inc. - Common Stock","2021-04-05 19:00:00-04:00",8.6,8.6,8.6,8.6,8.6,0
"CYTH","Cyclo Therapeutics, Inc. - Common Stock","2021-04-06 08:00:00-04:00",9.0896,9.0896,9.0896,9.0896,9.0896,0
"CYTH","Cyclo Therapeutics, Inc. - Common Stock","2021-04-06 09:00:00-04:00",9.0799,9.08,8.67,8.9,8.9,0
"CYTH","Cyclo Therapeutics, Inc. - Common Stock","2021-04-06 09:30:00-04:00",8.550000190734863,8.73009967803955,8.09280014038086,8.170000076293945,8.170000076293945,121994
"CYTH","Cyclo Therapeutics, Inc. - Common Stock","2021-04-06 10:30:00-04:00",8.170000076293945,8.34000015258789,8.109999656677246,8.210000038146973,8.210000038146973,53845
"CYTH","Cyclo Therapeutics, Inc. - Common Stock","2021-04-06 11:30:00-04:00",8.130000114440918,8.329999923706055,8.119999885559082,8.130000114440918,8.130000114440918,33820
"CYTH","Cyclo Therapeutics, Inc. - Common Stock","2021-04-06 12:30:00-04:00",8.170000076293945,8.220000267028809,8.119400024414062,8.147000312805176,8.147000312805176,8636
"CYTH","Cyclo Therapeutics, Inc. - Common Stock","2021-04-06 13:30:00-04:00",8.15999984741211,8.21500015258789,8.109700202941895,8.109700202941895,8.109700202941895,13346
"CYTH","Cyclo Therapeutics, Inc. - Common Stock","2021-04-06 14:30:00-04:00",8.100000381469727,8.170000076293945,8.052399635314941,8.109999656677246,8.109999656677246,25836
"CYTH","Cyclo Therapeutics, Inc. - Common Stock","2021-04-06 15:30:00-04:00",8.130900382995605,8.279999732971191,8.0600004196167,8.210000038146973,8.210000038146973,36887
"CYTH","Cyclo Therapeutics, Inc. - Common Stock","2021-04-06 16:00:00-04:00",8.23,8.23,8.23,8.23,8.23,0
"CYTH","Cyclo Therapeutics, Inc. - Common Stock","2021-04-06 17:00:00-04:00",8.27,8.27,8.27,8.27,8.27,0
"CYTH","Cyclo Therapeutics, Inc. - Common Stock","2021-04-06 18:00:00-04:00",8.27,8.27,7.9,7.9,7.9,0
"CYTH","Cyclo Therapeutics, Inc. - Common Stock","2021-04-06 19:00:00-04:00",8.36,8.36,8.36,8.36,8.36,0
"CYTH","Cyclo Therapeutics, Inc. - Common Stock","2021-04-07 07:00:00-04:00",8.22,8.3,8.22,8.23,8.23,0
"CYTH","Cyclo Therapeutics, Inc. - Common Stock","2021-04-07 08:00:00-04:00",8.23,8.42,8.23,8.42,8.42,0
"CYTH","Cyclo Therapeutics, Inc. - Common Stock","2021-04-07 09:00:00-04:00",8.33,8.35,8.24,8.33,8.33,0
"CYTH","Cyclo Therapeutics, Inc. - Common Stock","2021-04-07 09:30:00-04:00",8.0600004196167,8.082900047302246,7.787199974060059,7.889999866485596,7.889999866485596,83087
"CYTH","Cyclo Therapeutics, Inc. - Common Stock","2021-04-07 10:30:00-04:00",7.952199935913086,7.952199935913086,7.800000190734863,7.860000133514404,7.860000133514404,14689
"CYTH","Cyclo Therapeutics, Inc. - Common Stock","2021-04-07 11:30:00-04:00",7.869999885559082,7.929999828338623,7.800000190734863,7.8572998046875,7.8572998046875,17709
"CYTH","Cyclo Therapeutics, Inc. - Common Stock","2021-04-07 12:30:00-04:00",7.856299877166748,7.940000057220459,7.800000190734863,7.895599842071533,7.895599842071533,37816
"CYTH","Cyclo Therapeutics, Inc. - Common Stock","2021-04-07 13:30:00-04:00",7.899700164794922,7.900000095367432,7.809999942779541,7.889999866485596,7.889999866485596,5830
"CYTH","Cyclo Therapeutics, Inc. - Common Stock","2021-04-07 14:30:00-04:00",7.849999904632568,7.862199783325195,7.75,7.78000020980835,7.78000020980835,10240
"CYTH","Cyclo Therapeutics, Inc. - Common Stock","2021-04-07 15:30:00-04:00",7.75,7.800000190734863,7.680600166320801,7.690000057220459,7.690000057220459,13398
"CYTH","Cyclo Therapeutics, Inc. - Common Stock","2021-04-07 16:00:00-04:00",7.83,7.83,7.67,7.83,7.83,0
"CYTH","Cyclo Therapeutics, Inc. - Common Stock","2021-04-07 17:00:00-04:00",7.83,7.83,7.75,7.75,7.75,0
"CYTH","Cyclo Therapeutics, Inc. - Common Stock","2021-04-07 18:00:00-04:00",7.75,7.75,7.75,7.75,7.75,0
"CYTH","Cyclo Therapeutics, Inc. - Common Stock","2021-04-07 19:00:00-04:00",7.75,7.94,7.75,7.94,7.94,0
"CYTH","Cyclo Therapeutics, Inc. - Common Stock","2021-04-08 06:00:00-04:00",7.83,7.83,7.83,7.83,7.83,0
"CYTH","Cyclo Therapeutics, Inc. - Common Stock","2021-04-08 07:00:00-04:00",7.83,7.83,7.83,7.83,7.83,0
"CYTH","Cyclo Therapeutics, Inc. - Common Stock","2021-04-08 09:00:00-04:00",8.0,8.0,7.83,8.0,8.0,0
"CYTH","Cyclo Therapeutics, Inc. - Common Stock","2021-04-08 09:30:00-04:00",8.126999855041504,8.146499633789062,7.659999847412109,7.870200157165527,7.870200157165527,56049
"CYTH","Cyclo Therapeutics, Inc. - Common Stock","2021-04-08 10:30:00-04:00",7.949999809265137,8.0,7.75,7.900000095367432,7.900000095367432,12337
"CYTH","Cyclo Therapeutics, Inc. - Common Stock","2021-04-08 11:30:00-04:00",7.909999847412109,8.0,7.699999809265137,7.730000019073486,7.730000019073486,24253
"CYTH","Cyclo Therapeutics, Inc. - Common Stock","2021-04-08 12:30:00-04:00",7.864999771118164,7.960000038146973,7.650000095367432,7.710000038146973,7.710000038146973,32187
"CYTH","Cyclo Therapeutics, Inc. - Common Stock","2021-04-08 13:30:00-04:00",7.679999828338623,7.869999885559082,7.610099792480469,7.739999771118164,7.739999771118164,29146
"CYTH","Cyclo Therapeutics, Inc. - Common Stock","2021-04-08 14:30:00-04:00",7.679999828338623,7.775000095367432,7.619999885559082,7.639999866485596,7.639999866485596,64041
"CYTH","Cyclo Therapeutics, Inc. - Common Stock","2021-04-08 15:30:00-04:00",7.630000114440918,7.730000019073486,7.630000114440918,7.639999866485596,7.639999866485596,21260
"CYTH","Cyclo Therapeutics, Inc. - Common Stock","2021-04-08 16:00:00-04:00",7.64,7.99,7.64,7.65,7.65,0
"CYTH","Cyclo Therapeutics, Inc. - Common Stock","2021-04-08 17:00:00-04:00",7.65,7.65,7.65,7.65,7.65,0
"CYTH","Cyclo Therapeutics, Inc. - Common Stock","2021-04-08 18:00:00-04:00",7.65,7.66,7.65,7.66,7.66,0
"CYTH","Cyclo Therapeutics, Inc. - Common Stock","2021-04-08 19:00:00-04:00",7.66,8.2,7.66,8.2,8.2,0
"CYTH","Cyclo Therapeutics, Inc. - Common Stock","2021-04-09 05:00:00-04:00",7.64,7.64,7.64,7.64,7.64,0
"CYTH","Cyclo Therapeutics, Inc. - Common Stock","2021-04-09 08:00:00-04:00",8.33,8.33,8.33,8.33,8.33,0
"CYTH","Cyclo Therapeutics, Inc. - Common Stock","2021-04-09 09:00:00-04:00",8.3,8.3,7.64,7.79,7.79,0
"CYTH","Cyclo Therapeutics, Inc. - Common Stock","2021-04-09 09:30:00-04:00",7.630000114440918,7.730000019073486,7.349999904632568,7.391200065612793,7.391200065612793,81017
"CYTH","Cyclo Therapeutics, Inc. - Common Stock","2021-04-09 10:30:00-04:00",7.380000114440918,7.480000019073486,7.25,7.420000076293945,7.420000076293945,37484
"CYTH","Cyclo Therapeutics, Inc. - Common Stock","2021-04-09 11:30:00-04:00",7.420000076293945,7.455599784851074,7.400000095367432,7.401800155639648,7.401800155639648,5868
"CYTH","Cyclo Therapeutics, Inc. - Common Stock","2021-04-09 12:30:00-04:00",7.329999923706055,7.449999809265137,7.275000095367432,7.420000076293945,7.420000076293945,100937
"CYTH","Cyclo Therapeutics, Inc. - Common Stock","2021-04-09 13:30:00-04:00",7.420000076293945,7.440000057220459,7.28000020980835,7.300000190734863,7.300000190734863,15097
"CYTH","Cyclo Therapeutics, Inc. - Common Stock","2021-04-09 14:30:00-04:00",7.409999847412109,7.429999828338623,7.199999809265137,7.28000020980835,7.28000020980835,45838
"CYTH","Cyclo Therapeutics, Inc. - Common Stock","2021-04-09 15:30:00-04:00",7.245800018310547,7.389999866485596,7.199999809265137,7.320000171661377,7.320000171661377,59677
"CYTH","Cyclo Therapeutics, Inc. - Common Stock","2021-04-09 16:00:00-04:00",7.32,7.32,7.32,7.32,7.32,0
"CYTH","Cyclo Therapeutics, Inc. - Common Stock","2021-04-09 17:00:00-04:00",7.0532,7.32,7.0532,7.31,7.31,0
"CYTH","Cyclo Therapeutics, Inc. - Common Stock","2021-04-09 19:00:00-04:00",7.36,7.36,7.36,7.36,7.36,0
"CYTH","Cyclo Therapeutics, Inc. - Common Stock","2021-04-12 04:00:00-04:00",7.32,7.32,7.32,7.32,7.32,0
"CYTH","Cyclo Therapeutics, Inc. - Common Stock","2021-04-12 05:00:00-04:00",7.26,7.32,7.24,7.32,7.32,0
"CYTH","Cyclo Therapeutics, Inc. - Common Stock","2021-04-12 06:00:00-04:00",7.25,7.25,7.16,7.16,7.16,0
"CYTH","Cyclo Therapeutics, Inc. - Common Stock","2021-04-12 07:00:00-04:00",7.05,7.25,7.05,7.25,7.25,0
"CYTH","Cyclo Therapeutics, Inc. - Common Stock","2021-04-12 08:00:00-04:00",7.25,7.52,7.25,7.32,7.32,0
"CYTH","Cyclo Therapeutics, Inc. - Common Stock","2021-04-12 09:00:00-04:00",7.53,7.53,7.31,7.5,7.5,0
"CYTH","Cyclo Therapeutics, Inc. - Common Stock","2021-04-12 09:30:00-04:00",7.25,7.309999942779541,6.260000228881836,6.610000133514404,6.610000133514404,236503
"CYTH","Cyclo Therapeutics, Inc. - Common Stock","2021-04-12 10:30:00-04:00",6.609000205993652,6.800000190734863,6.494999885559082,6.800000190734863,6.800000190734863,151063
"CYTH","Cyclo Therapeutics, Inc. - Common Stock","2021-04-12 11:30:00-04:00",6.800000190734863,6.956699848175049,6.639999866485596,6.699999809265137,6.699999809265137,75077
"CYTH","Cyclo Therapeutics, Inc. - Common Stock","2021-04-12 12:30:00-04:00",6.760000228881836,6.929999828338623,6.619999885559082,6.699999809265137,6.699999809265137,52745
"CYTH","Cyclo Therapeutics, Inc. - Common Stock","2021-04-12 13:30:00-04:00",6.699999809265137,6.800000190734863,6.610000133514404,6.690000057220459,6.690000057220459,19662
"CYTH","Cyclo Therapeutics, Inc. - Common Stock","2021-04-12 14:30:00-04:00",6.699999809265137,7.199999809265137,6.630000114440918,7.189000129699707,7.189000129699707,88189
"CYTH","Cyclo Therapeutics, Inc. - Common Stock","2021-04-12 15:30:00-04:00",7.230000019073486,7.320000171661377,6.803299903869629,6.829999923706055,6.829999923706055,71145
"CYTH","Cyclo Therapeutics, Inc. - Common Stock","2021-04-12 16:00:00-04:00",6.8,7.19,6.8,6.99,6.99,0
"CYTH","Cyclo Therapeutics, Inc. - Common Stock","2021-04-12 17:00:00-04:00",6.99,7.19,6.85,6.85,6.85,0
"CYTH","Cyclo Therapeutics, Inc. - Common Stock","2021-04-12 18:00:00-04:00",7.18,7.18,7.18,7.18,7.18,0
"CYTH","Cyclo Therapeutics, Inc. - Common Stock","2021-04-13 04:00:00-04:00",6.82,6.82,6.82,6.82,6.82,0
"CYTH","Cyclo Therapeutics, Inc. - Common Stock","2021-04-13 05:00:00-04:00",7.25,7.25,7.25,7.25,7.25,0
"CYTH","Cyclo Therapeutics, Inc. - Common Stock","2021-04-13 06:00:00-04:00",7.19,7.23,6.82,7.23,7.23,0
"CYTH","Cyclo Therapeutics, Inc. - Common Stock","2021-04-13 07:00:00-04:00",7.19,7.23,6.9,6.93,6.93,0
"CYTH","Cyclo Therapeutics, Inc. - Common Stock","2021-04-13 08:00:00-04:00",7.2,7.35,6.83,7.18,7.18,0
"CYTH","Cyclo Therapeutics, Inc. - Common Stock","2021-04-13 09:00:00-04:00",6.97,7.2,6.97,7.11,7.11,0
"CYTH","Cyclo Therapeutics, Inc. - Common Stock","2021-04-13 09:30:00-04:00",7.039999961853027,7.119999885559082,6.800000190734863,6.849999904632568,6.849999904632568,46180
"CYTH","Cyclo Therapeutics, Inc. - Common Stock","2021-04-13 10:30:00-04:00",6.842400074005127,6.980000019073486,6.784999847412109,6.93720006942749,6.93720006942749,41864
"CYTH","Cyclo Therapeutics, Inc. - Common Stock","2021-04-13 11:30:00-04:00",6.949999809265137,7.0,6.889999866485596,6.925000190734863,6.925000190734863,19099
"CYTH","Cyclo Therapeutics, Inc. - Common Stock","2021-04-13 12:30:00-04:00",6.920000076293945,6.989999771118164,6.900000095367432,6.954999923706055,6.954999923706055,13726
"CYTH","Cyclo Therapeutics, Inc. - Common Stock","2021-04-13 13:30:00-04:00",6.940100193023682,7.119999885559082,6.940100193023682,7.039999961853027,7.039999961853027,34048
"CYTH","Cyclo Therapeutics, Inc. - Common Stock","2021-04-13 14:30:00-04:00",7.070000171661377,7.25,7.009399890899658,7.139999866485596,7.139999866485596,27426
"CYTH","Cyclo Therapeutics, Inc. - Common Stock","2021-04-13 15:30:00-04:00",7.21999979019165,7.21999979019165,7.110000133514404,7.160099983215332,7.160099983215332,17480
"CYTH","Cyclo Therapeutics, Inc. - Common Stock","2021-04-13 16:00:00-04:00",7.22,7.47,7.22,7.42,7.42,0
"CYTH","Cyclo Therapeutics, Inc. - Common Stock","2021-04-13 17:00:00-04:00",7.39,7.39,7.28,7.39,7.39,0
"CYTH","Cyclo Therapeutics, Inc. - Common Stock","2021-04-13 18:00:00-04:00",7.3,7.3,7.28,7.3,7.3,0
"CYTH","Cyclo Therapeutics, Inc. - Common Stock","2021-04-13 19:00:00-04:00",7.3,7.35,6.9,7.35,7.35,0
"CYTH","Cyclo Therapeutics, Inc. - Common Stock","2021-04-14 06:00:00-04:00",7.22,7.22,7.22,7.22,7.22,0
"CYTH","Cyclo Therapeutics, Inc. - Common Stock","2021-04-14 07:00:00-04:00",7.18,7.45,7.18,7.25,7.25,0
"CYTH","Cyclo Therapeutics, Inc. - Common Stock","2021-04-14 08:00:00-04:00",7.22,7.26,7.22,7.23,7.23,0
"CYTH","Cyclo Therapeutics, Inc. - Common Stock","2021-04-14 09:00:00-04:00",7.16,7.5,7.06,7.08,7.08,0
"CYTH","Cyclo Therapeutics, Inc. - Common Stock","2021-04-14 09:30:00-04:00",7.300000190734863,7.457300186157227,7.070000171661377,7.258600234985352,7.258600234985352,96213
"CYTH","Cyclo Therapeutics, Inc. - Common Stock","2021-04-14 10:30:00-04:00",7.230000019073486,7.360000133514404,7.159999847412109,7.25,7.25,31334
"CYTH","Cyclo Therapeutics, Inc. - Common Stock","2021-04-14 11:30:00-04:00",7.269999980926514,7.289999961853027,7.0,7.110000133514404,7.110000133514404,42573
"CYTH","Cyclo Therapeutics, Inc. - Common Stock","2021-04-14 12:30:00-04:00",7.130000114440918,7.229899883270264,7.059999942779541,7.150000095367432,7.150000095367432,14640
"CYTH","Cyclo Therapeutics, Inc. - Common Stock","2021-04-14 13:30:00-04:00",7.130000114440918,7.199999809265137,7.079999923706055,7.150000095367432,7.150000095367432,16128
"CYTH","Cyclo Therapeutics, Inc. - Common Stock","2021-04-14 14:30:00-04:00",7.204999923706055,7.210000038146973,7.019999980926514,7.143799781799316,7.143799781799316,15684
"CYTH","Cyclo Therapeutics, Inc. - Common Stock","2021-04-14 15:30:00-04:00",7.039999961853027,7.139999866485596,6.920000076293945,7.139999866485596,7.139999866485596,35498
"CYTH","Cyclo Therapeutics, Inc. - Common Stock","2021-04-14 16:00:00-04:00",7.08,7.08,7.08,7.08,7.08,0
"CYTH","Cyclo Therapeutics, Inc. - Common Stock","2021-04-14 17:00:00-04:00",7.15,7.15,7.15,7.15,7.15,0
"CYTH","Cyclo Therapeutics, Inc. - Common Stock","2021-04-14 19:00:00-04:00",6.92,6.92,6.92,6.92,6.92,0
"CYTH","Cyclo Therapeutics, Inc. - Common Stock","2021-04-15 06:00:00-04:00",7.08,7.08,7.02,7.02,7.02,0
"CYTH","Cyclo Therapeutics, Inc. - Common Stock","2021-04-15 09:00:00-04:00",7.1,7.1,7.08,7.08,7.08,0
"CYTH","Cyclo Therapeutics, Inc. - Common Stock","2021-04-15 09:30:00-04:00",7.099999904632568,7.099999904632568,6.849999904632568,6.909999847412109,6.909999847412109,38322
"CYTH","Cyclo Therapeutics, Inc. - Common Stock","2021-04-15 10:30:00-04:00",6.889999866485596,6.949900150299072,6.829999923706055,6.889999866485596,6.889999866485596,24365
"CYTH","Cyclo Therapeutics, Inc. - Common Stock","2021-04-15 11:30:00-04:00",6.890200138092041,6.980000019073486,6.809999942779541,6.925000190734863,6.925000190734863,46866
"CYTH","Cyclo Therapeutics, Inc. - Common Stock","2021-04-15 12:30:00-04:00",6.940000057220459,6.96999979019165,6.840000152587891,6.96999979019165,6.96999979019165,36618
"CYTH","Cyclo Therapeutics, Inc. - Common Stock","2021-04-15 13:30:00-04:00",7.0,7.199999809265137,6.929999828338623,7.014999866485596,7.014999866485596,47302
"CYTH","Cyclo Therapeutics, Inc. - Common Stock","2021-04-15 14:30:00-04:00",7.019999980926514,7.099999904632568,6.910099983215332,6.929999828338623,6.929999828338623,38937
"CYTH","Cyclo Therapeutics, Inc. - Common Stock","2021-04-15 15:30:00-04:00",6.900000095367432,6.980000019073486,6.869999885559082,6.980000019073486,6.980000019073486,5343
"CYTH","Cyclo Therapeutics, Inc. - Common Stock","2021-04-15 16:00:00-04:00",6.89,6.89,6.88,6.88,6.88,0
"CYTH","Cyclo Therapeutics, Inc. - Common Stock","2021-04-15 17:00:00-04:00",6.9,6.9,6.9,6.9,6.9,0
"CYTH","Cyclo Therapeutics, Inc. - Common Stock","2021-04-15 19:00:00-04:00",6.85,6.85,6.85,6.85,6.85,0
"CYTH","Cyclo Therapeutics, Inc. - Common Stock","2021-04-16 06:00:00-04:00",6.88,6.88,6.88,6.88,6.88,0
"CYTH","Cyclo Therapeutics, Inc. - Common Stock","2021-04-16 08:00:00-04:00",7.36,7.36,6.8,6.8,6.8,0
"CYTH","Cyclo Therapeutics, Inc. - Common Stock","2021-04-16 09:00:00-04:00",6.88,6.89,6.74,6.88,6.88,0
"CYTH","Cyclo Therapeutics, Inc. - Common Stock","2021-04-16 09:30:00-04:00",6.829999923706055,6.829999923706055,6.400000095367432,6.564300060272217,6.564300060272217,72070
"CYTH","Cyclo Therapeutics, Inc. - Common Stock","2021-04-16 10:30:00-04:00",6.570000171661377,6.570000171661377,6.401000022888184,6.420000076293945,6.420000076293945,29732
"CYTH","Cyclo Therapeutics, Inc. - Common Stock","2021-04-16 11:30:00-04:00",6.429999828338623,6.46999979019165,6.25,6.349999904632568,6.349999904632568,34518
"CYTH","Cyclo Therapeutics, Inc. - Common Stock","2021-04-16 12:30:00-04:00",6.331099987030029,6.599999904632568,6.269999980926514,6.570000171661377,6.570000171661377,54010
"CYTH","Cyclo Therapeutics, Inc. - Common Stock","2021-04-16 13:30:00-04:00",6.5970001220703125,6.809999942779541,6.559999942779541,6.809999942779541,6.809999942779541,24469
"CYTH","Cyclo Therapeutics, Inc. - Common Stock","2021-04-16 14:30:00-04:00",6.929999828338623,6.989999771118164,6.730000019073486,6.949999809265137,6.949999809265137,67210
"CYTH","Cyclo Therapeutics, Inc. - Common Stock","2021-04-16 15:30:00-04:00",7.0,7.050000190734863,6.949999809265137,7.039999961853027,7.039999961853027,17013
"CYTH","Cyclo Therapeutics, Inc. - Common Stock","2021-04-16 16:00:00-04:00",7.05,7.05,6.81,7.0,7.0,0
"CYTH","Cyclo Therapeutics, Inc. - Common Stock","2021-04-16 17:00:00-04:00",7.0,7.15,7.0,7.15,7.15,0
"CYTH","Cyclo Therapeutics, Inc. - Common Stock","2021-04-16 18:00:00-04:00",7.15,7.15,7.15,7.15,7.15,0
"CYTH","Cyclo Therapeutics, Inc. - Common Stock","2021-04-19 05:00:00-04:00",7.32,7.32,7.32,7.32,7.32,0
"CYTH","Cyclo Therapeutics, Inc. - Common Stock","2021-04-19 08:00:00-04:00",7.32,7.32,7.02,7.02,7.02,0
"CYTH","Cyclo Therapeutics, Inc. - Common Stock","2021-04-19 09:00:00-04:00",7.02,7.02,6.8,7.02,7.02,0
"CYTH","Cyclo Therapeutics, Inc. - Common Stock","2021-04-19 09:30:00-04:00",7.019999980926514,7.130000114440918,6.809999942779541,6.875999927520752,6.875999927520752,55072
"CYTH","Cyclo Therapeutics, Inc. - Common Stock","2021-04-19 10:30:00-04:00",6.880000114440918,7.010000228881836,6.610000133514404,6.619999885559082,6.619999885559082,11375
"CYTH","Cyclo Therapeutics, Inc. - Common Stock","2021-04-19 11:30:00-04:00",6.593999862670898,6.6595001220703125,6.429999828338623,6.480000019073486,6.480000019073486,39482
"CYTH","Cyclo Therapeutics, Inc. - Common Stock","2021-04-19 12:30:00-04:00",6.499800205230713,6.550000190734863,6.449999809265137,6.525000095367432,6.525000095367432,9075
"CYTH","Cyclo Therapeutics, Inc. - Common Stock","2021-04-19 13:30:00-04:00",6.525000095367432,6.699999809265137,6.409999847412109,6.699999809265137,6.699999809265137,16926
"CYTH","Cyclo Therapeutics, Inc. - Common Stock","2021-04-19 14:30:00-04:00",6.605000019073486,6.869999885559082,6.599999904632568,6.760000228881836,6.760000228881836,10950
"CYTH","Cyclo Therapeutics, Inc. - Common Stock","2021-04-19 15:30:00-04:00",6.674799919128418,6.674799919128418,6.519999980926514,6.610000133514404,6.610000133514404,9889
"CYTH","Cyclo Therapeutics, Inc. - Common Stock","2021-04-19 16:00:00-04:00",6.58,6.74,6.58,6.74,6.74,0
"CYTH","Cyclo Therapeutics, Inc. - Common Stock","2021-04-19 17:00:00-04:00",6.59,6.6,6.4,6.4,6.4,0
"CYTH","Cyclo Therapeutics, Inc. - Common Stock","2021-04-19 19:00:00-04:00",6.72,6.72,6.72,6.72,6.72,0
"CYTH","Cyclo Therapeutics, Inc. - Common Stock","2021-04-20 05:00:00-04:00",6.61,6.61,6.61,6.61,6.61,0
"CYTH","Cyclo Therapeutics, Inc. - Common Stock","2021-04-20 07:00:00-04:00",7.12,7.13,7.12,7.13,7.13,0
"CYTH","Cyclo Therapeutics, Inc. - Common Stock","2021-04-20 09:00:00-04:00",7.0,7.0,6.99,6.99,6.99,0
"CYTH","Cyclo Therapeutics, Inc. - Common Stock","2021-04-20 09:30:00-04:00",6.911699771881104,6.913000106811523,6.5100998878479,6.784999847412109,6.784999847412109,77374
"CYTH","Cyclo Therapeutics, Inc. - Common Stock","2021-04-20 10:30:00-04:00",6.760000228881836,6.980000019073486,6.690400123596191,6.789999961853027,6.789999961853027,35564
"CYTH","Cyclo Therapeutics, Inc. - Common Stock","2021-04-20 11:30:00-04:00",6.824999809265137,6.849999904632568,6.714700222015381,6.809999942779541,6.809999942779541,14761
"CYTH","Cyclo Therapeutics, Inc. - Common Stock","2021-04-20 12:30:00-04:00",6.801599979400635,6.849999904632568,6.777200222015381,6.849999904632568,6.849999904632568,9320
"CYTH","Cyclo Therapeutics, Inc. - Common Stock","2021-04-20 13:30:00-04:00",6.848299980163574,6.949999809265137,6.820000171661377,6.939199924468994,6.939199924468994,14733
"CYTH","Cyclo Therapeutics, Inc. - Common Stock","2021-04-20 14:30:00-04:00",6.860000133514404,7.119999885559082,6.860000133514404,7.010000228881836,7.010000228881836,16228
"CYTH","Cyclo Therapeutics, Inc. - Common Stock","2021-04-20 15:30:00-04:00",7.059999942779541,7.099999904632568,6.989999771118164,7.019999980926514,7.019999980926514,7592
"CYTH","Cyclo Therapeutics, Inc. - Common Stock","2021-04-20 16:00:00-04:00",7.02,7.02,7.01,7.02,7.02,0
"CYTH","Cyclo Therapeutics, Inc. - Common Stock","2021-04-20 17:00:00-04:00",7.02,7.05,7.0,7.0,7.0,0
"CYTH","Cyclo Therapeutics, Inc. - Common Stock","2021-04-20 18:00:00-04:00",7.0,7.0,7.0,7.0,7.0,0
"CYTH","Cyclo Therapeutics, Inc. - Common Stock","2021-04-20 19:00:00-04:00",7.05,7.05,7.05,7.05,7.05,0
"CYTH","Cyclo Therapeutics, Inc. - Common Stock","2021-04-21 04:00:00-04:00",7.0,7.0,7.0,7.0,7.0,0
"CYTH","Cyclo Therapeutics, Inc. - Common Stock","2021-04-21 07:00:00-04:00",7.0,7.0,7.0,7.0,7.0,0
"CYTH","Cyclo Therapeutics, Inc. - Common Stock","2021-04-21 08:00:00-04:00",6.99,7.0,6.99,7.0,7.0,0
"CYTH","Cyclo Therapeutics, Inc. - Common Stock","2021-04-21 09:00:00-04:00",6.99,7.2,6.99,7.1,7.1,0
"CYTH","Cyclo Therapeutics, Inc. - Common Stock","2021-04-21 09:30:00-04:00",7.090000152587891,7.130000114440918,6.769999980926514,7.090000152587891,7.090000152587891,19817
"CYTH","Cyclo Therapeutics, Inc. - Common Stock","2021-04-21 10:30:00-04:00",7.078199863433838,7.289999961853027,7.059999942779541,7.246399879455566,7.246399879455566,45327
"CYTH","Cyclo Therapeutics, Inc. - Common Stock","2021-04-21 11:30:00-04:00",7.244999885559082,7.304999828338623,7.126999855041504,7.230000019073486,7.230000019073486,5223
"CYTH","Cyclo Therapeutics, Inc. - Common Stock","2021-04-21 12:30:00-04:00",7.360400199890137,7.360400199890137,7.050000190734863,7.319900035858154,7.319900035858154,21345
"CYTH","Cyclo Therapeutics, Inc. - Common Stock","2021-04-21 13:30:00-04:00",7.300000190734863,7.349999904632568,7.119999885559082,7.179999828338623,7.179999828338623,66638
"CYTH","Cyclo Therapeutics, Inc. - Common Stock","2021-04-21 14:30:00-04:00",7.235000133514404,7.463300228118896,7.235000133514404,7.404699802398682,7.404699802398682,21160
"CYTH","Cyclo Therapeutics, Inc. - Common Stock","2021-04-21 15:30:00-04:00",7.380000114440918,7.420000076293945,7.300000190734863,7.389999866485596,7.389999866485596,16576
"CYTH","Cyclo Therapeutics, Inc. - Common Stock","2021-04-21 16:00:00-04:00",7.39,7.87,7.2,7.36,7.36,0
"CYTH","Cyclo Therapeutics, Inc. - Common Stock","2021-04-21 17:00:00-04:00",7.58,7.58,7.5001,7.5001,7.5001,0
"CYTH","Cyclo Therapeutics, Inc. - Common Stock","2021-04-21 18:00:00-04:00",7.58,7.58,7.5,7.58,7.58,0
"CYTH","Cyclo Therapeutics, Inc. - Common Stock","2021-04-22 07:00:00-04:00",7.77,7.77,7.77,7.77,7.77,0
"CYTH","Cyclo Therapeutics, Inc. - Common Stock","2021-04-22 08:00:00-04:00",7.7499,7.7499,7.55,7.55,7.55,0
"CYTH","Cyclo Therapeutics, Inc. - Common Stock","2021-04-22 09:00:00-04:00",7.55,7.55,7.35,7.53,7.53,0
"CYTH","Cyclo Therapeutics, Inc. - Common Stock","2021-04-22 09:30:00-04:00",7.449999809265137,7.515999794006348,7.199999809265137,7.355000019073486,7.355000019073486,51481
"CYTH","Cyclo Therapeutics, Inc. - Common Stock","2021-04-22 10:30:00-04:00",7.309999942779541,7.369999885559082,7.21999979019165,7.329999923706055,7.329999923706055,10856
"CYTH","Cyclo Therapeutics, Inc. - Common Stock","2021-04-22 11:30:00-04:00",7.389999866485596,7.679999828338623,7.389999866485596,7.572000026702881,7.572000026702881,24001
"CYTH","Cyclo Therapeutics, Inc. - Common Stock","2021-04-22 12:30:00-04:00",7.578199863433838,7.590000152587891,7.199999809265137,7.318999767303467,7.318999767303467,15020
"CYTH","Cyclo Therapeutics, Inc. - Common Stock","2021-04-22 13:30:00-04:00",7.329999923706055,7.46999979019165,7.142099857330322,7.320000171661377,7.320000171661377,8999
"CYTH","Cyclo Therapeutics, Inc. - Common Stock","2021-04-22 14:30:00-04:00",7.31820011138916,7.31820011138916,7.156000137329102,7.20989990234375,7.20989990234375,8810
"CYTH","Cyclo Therapeutics, Inc. - Common Stock","2021-04-22 15:30:00-04:00",7.154200077056885,7.210000038146973,7.120100021362305,7.139999866485596,7.139999866485596,15464
"CYTH","Cyclo Therapeutics, Inc. - Common Stock","2021-04-22 16:00:00-04:00",7.2,7.2,7.14,7.18,7.18,0
"CYTH","Cyclo Therapeutics, Inc. - Common Stock","2021-04-22 17:00:00-04:00",7.12,7.15,7.1,7.1,7.1,0
"CYTH","Cyclo Therapeutics, Inc. - Common Stock","2021-04-22 18:00:00-04:00",7.1,7.1,7.1,7.1,7.1,0
"CYTH","Cyclo Therapeutics, Inc. - Common Stock","2021-04-22 19:00:00-04:00",7.1,7.1,7.1,7.1,7.1,0
"CYTH","Cyclo Therapeutics, Inc. - Common Stock","2021-04-23 08:00:00-04:00",7.56,7.56,7.22,7.22,7.22,0
"CYTH","Cyclo Therapeutics, Inc. - Common Stock","2021-04-23 09:00:00-04:00",7.22,7.56,7.2,7.2,7.2,0
"CYTH","Cyclo Therapeutics, Inc. - Common Stock","2021-04-23 09:30:00-04:00",7.110000133514404,7.176300048828125,6.860000133514404,6.949999809265137,6.949999809265137,47336
"CYTH","Cyclo Therapeutics, Inc. - Common Stock","2021-04-23 10:30:00-04:00",6.949999809265137,7.03000020980835,6.869999885559082,7.03000020980835,7.03000020980835,24286
"CYTH","Cyclo Therapeutics, Inc. - Common Stock","2021-04-23 11:30:00-04:00",6.96999979019165,7.070000171661377,6.96999979019165,6.980599880218506,6.980599880218506,9384
"CYTH","Cyclo Therapeutics, Inc. - Common Stock","2021-04-23 12:30:00-04:00",7.023499965667725,7.059999942779541,7.0,7.0,7.0,1646
"CYTH","Cyclo Therapeutics, Inc. - Common Stock","2021-04-23 13:30:00-04:00",7.065899848937988,7.093999862670898,6.945199966430664,6.945199966430664,6.945199966430664,15422
"CYTH","Cyclo Therapeutics, Inc. - Common Stock","2021-04-23 14:30:00-04:00",6.949999809265137,7.019999980926514,6.946499824523926,6.946499824523926,6.946499824523926,6636
"CYTH","Cyclo Therapeutics, Inc. - Common Stock","2021-04-23 15:30:00-04:00",6.929999828338623,7.099999904632568,6.929999828338623,7.019999980926514,7.019999980926514,31242
"CYTH","Cyclo Therapeutics, Inc. - Common Stock","2021-04-23 16:00:00-04:00",7.02,7.41,6.96,7.41,7.41,0
"CYTH","Cyclo Therapeutics, Inc. - Common Stock","2021-04-23 17:00:00-04:00",7.0,7.0,7.0,7.0,7.0,0
"CYTH","Cyclo Therapeutics, Inc. - Common Stock","2021-04-23 18:00:00-04:00",7.25,7.25,7.25,7.25,7.25,0
"CYTH","Cyclo Therapeutics, Inc. - Common Stock","2021-04-23 19:00:00-04:00",7.25,7.25,7.02,7.02,7.02,0
"CYTH","Cyclo Therapeutics, Inc. - Common Stock","2021-04-26 04:00:00-04:00",7.02,7.02,7.02,7.02,7.02,0
"CYTH","Cyclo Therapeutics, Inc. - Common Stock","2021-04-26 05:00:00-04:00",7.02,7.02,7.02,7.02,7.02,0
"CYTH","Cyclo Therapeutics, Inc. - Common Stock","2021-04-26 07:00:00-04:00",7.02,7.02,7.02,7.02,7.02,0
"CYTH","Cyclo Therapeutics, Inc. - Common Stock","2021-04-26 08:00:00-04:00",7.03,7.25,7.0,7.02,7.02,0
"CYTH","Cyclo Therapeutics, Inc. - Common Stock","2021-04-26 09:30:00-04:00",7.119999885559082,7.119999885559082,6.90500020980835,7.0,7.0,10027
"CYTH","Cyclo Therapeutics, Inc. - Common Stock","2021-04-26 10:30:00-04:00",7.005300045013428,7.099999904632568,6.949999809265137,6.949999809265137,6.949999809265137,7041
"CYTH","Cyclo Therapeutics, Inc. - Common Stock","2021-04-26 11:30:00-04:00",7.025400161743164,7.089900016784668,6.989999771118164,6.989999771118164,6.989999771118164,18097
"CYTH","Cyclo Therapeutics, Inc. - Common Stock","2021-04-26 12:30:00-04:00",6.960000038146973,7.0524001121521,6.960000038146973,7.010000228881836,7.010000228881836,7314
"CYTH","Cyclo Therapeutics, Inc. - Common Stock","2021-04-26 13:30:00-04:00",7.007599830627441,7.099999904632568,7.007599830627441,7.079999923706055,7.079999923706055,5518
"CYTH","Cyclo Therapeutics, Inc. - Common Stock","2021-04-26 14:30:00-04:00",7.059999942779541,7.25,7.059999942779541,7.224999904632568,7.224999904632568,7912
"CYTH","Cyclo Therapeutics, Inc. - Common Stock","2021-04-26 15:30:00-04:00",7.208199977874756,7.21999979019165,7.121500015258789,7.179999828338623,7.179999828338623,9126
"CYTH","Cyclo Therapeutics, Inc. - Common Stock","2021-04-26 16:00:00-04:00",7.18,7.18,7.1399,7.16,7.16,0
"CYTH","Cyclo Therapeutics, Inc. - Common Stock","2021-04-26 17:00:00-04:00",7.154,7.154,7.15,7.15,7.15,0
"CYTH","Cyclo Therapeutics, Inc. - Common Stock","2021-04-26 18:00:00-04:00",7.18,7.18,7.18,7.18,7.18,0
"CYTH","Cyclo Therapeutics, Inc. - Common Stock","2021-04-27 05:00:00-04:00",7.15,7.15,7.15,7.15,7.15,0
"CYTH","Cyclo Therapeutics, Inc. - Common Stock","2021-04-27 08:00:00-04:00",7.15,7.15,7.15,7.15,7.15,0
"CYTH","Cyclo Therapeutics, Inc. - Common Stock","2021-04-27 09:00:00-04:00",7.15,7.18,7.15,7.18,7.18,0
"CYTH","Cyclo Therapeutics, Inc. - Common Stock","2021-04-27 09:30:00-04:00",7.260000228881836,7.28000020980835,7.019999980926514,7.088200092315674,7.088200092315674,30216
"CYTH","Cyclo Therapeutics, Inc. - Common Stock","2021-04-27 10:30:00-04:00",7.0157999992370605,7.074999809265137,7.010000228881836,7.03000020980835,7.03000020980835,15037
"CYTH","Cyclo Therapeutics, Inc. - Common Stock","2021-04-27 11:30:00-04:00",7.036399841308594,7.073599815368652,7.031799793243408,7.057799816131592,7.057799816131592,6224
"CYTH","Cyclo Therapeutics, Inc. - Common Stock","2021-04-27 12:30:00-04:00",7.050000190734863,7.059899806976318,7.010000228881836,7.010000228881836,7.010000228881836,7987
"CYTH","Cyclo Therapeutics, Inc. - Common Stock","2021-04-27 13:30:00-04:00",7.027999877929688,7.054999828338623,7.027999877929688,7.054999828338623,7.054999828338623,720
"CYTH","Cyclo Therapeutics, Inc. - Common Stock","2021-04-27 14:30:00-04:00",7.06440019607544,7.06440019607544,7.010000228881836,7.039999961853027,7.039999961853027,3827
"CYTH","Cyclo Therapeutics, Inc. - Common Stock","2021-04-27 15:30:00-04:00",7.028299808502197,7.320000171661377,7.028299808502197,7.289999961853027,7.289999961853027,73781
"CYTH","Cyclo Therapeutics, Inc. - Common Stock","2021-04-27 16:00:00-04:00",7.25,7.3,7.25,7.3,7.3,0
"CYTH","Cyclo Therapeutics, Inc. - Common Stock","2021-04-27 17:00:00-04:00",7.29,7.29,7.29,7.29,7.29,0
"CYTH","Cyclo Therapeutics, Inc. - Common Stock","2021-04-27 18:00:00-04:00",7.25,7.25,7.25,7.25,7.25,0
"CYTH","Cyclo Therapeutics, Inc. - Common Stock","2021-04-27 19:00:00-04:00",7.29,7.29,7.28,7.28,7.28,0
"CYTH","Cyclo Therapeutics, Inc. - Common Stock","2021-04-28 05:00:00-04:00",7.02,7.02,7.01,7.01,7.01,0
"CYTH","Cyclo Therapeutics, Inc. - Common Stock","2021-04-28 06:00:00-04:00",7.0,7.01,6.75,6.75,6.75,0
"CYTH","Cyclo Therapeutics, Inc. - Common Stock","2021-04-28 07:00:00-04:00",7.0,7.25,7.0,7.25,7.25,0
"CYTH","Cyclo Therapeutics, Inc. - Common Stock","2021-04-28 08:00:00-04:00",7.25,7.26,7.25,7.26,7.26,0
"CYTH","Cyclo Therapeutics, Inc. - Common Stock","2021-04-28 09:00:00-04:00",7.26,7.26,7.2,7.2,7.2,0
"CYTH","Cyclo Therapeutics, Inc. - Common Stock","2021-04-28 09:30:00-04:00",7.25,7.769899845123291,7.25,7.619999885559082,7.619999885559082,105487
"CYTH","Cyclo Therapeutics, Inc. - Common Stock","2021-04-28 10:30:00-04:00",7.690000057220459,8.0,7.630000114440918,7.742499828338623,7.742499828338623,63541
"CYTH","Cyclo Therapeutics, Inc. - Common Stock","2021-04-28 11:30:00-04:00",7.785399913787842,7.889999866485596,7.710000038146973,7.730000019073486,7.730000019073486,24524
"CYTH","Cyclo Therapeutics, Inc. - Common Stock","2021-04-28 12:30:00-04:00",7.760000228881836,7.900000095367432,7.690000057220459,7.800000190734863,7.800000190734863,26063
"CYTH","Cyclo Therapeutics, Inc. - Common Stock","2021-04-28 13:30:00-04:00",7.769999980926514,7.949999809265137,7.769999980926514,7.920000076293945,7.920000076293945,22993
"CYTH","Cyclo Therapeutics, Inc. - Common Stock","2021-04-28 14:30:00-04:00",7.900000095367432,7.989999771118164,7.849999904632568,7.959000110626221,7.959000110626221,32686
"CYTH","Cyclo Therapeutics, Inc. - Common Stock","2021-04-28 15:30:00-04:00",8.0,8.379899978637695,8.0,8.1899995803833,8.1899995803833,71059
"CYTH","Cyclo Therapeutics, Inc. - Common Stock","2021-04-28 16:00:00-04:00",8.2,8.2,8.14,8.1899,8.1899,0
"CYTH","Cyclo Therapeutics, Inc. - Common Stock","2021-04-28 17:00:00-04:00",8.19,8.19,7.86,7.9507,7.9507,0
"CYTH","Cyclo Therapeutics, Inc. - Common Stock","2021-04-28 18:00:00-04:00",8.19,8.19,8.19,8.19,8.19,0
"CYTH","Cyclo Therapeutics, Inc. - Common Stock","2021-04-28 19:00:00-04:00",8.19,8.19,8.19,8.19,8.19,0
"CYTH","Cyclo Therapeutics, Inc. - Common Stock","2021-04-29 04:00:00-04:00",8.19,8.25,8.19,8.25,8.25,0
"CYTH","Cyclo Therapeutics, Inc. - Common Stock","2021-04-29 05:00:00-04:00",8.25,8.25,8.25,8.25,8.25,0
"CYTH","Cyclo Therapeutics, Inc. - Common Stock","2021-04-29 07:00:00-04:00",8.25,8.25,8.22,8.25,8.25,0
"CYTH","Cyclo Therapeutics, Inc. - Common Stock","2021-04-29 08:00:00-04:00",8.2199,8.22,8.2001,8.2001,8.2001,0
"CYTH","Cyclo Therapeutics, Inc. - Common Stock","2021-04-29 09:00:00-04:00",8.2,8.2,8.19,8.2,8.2,0
"CYTH","Cyclo Therapeutics, Inc. - Common Stock","2021-04-29 09:30:00-04:00",8.199999809265137,8.399999618530273,7.869999885559082,7.889999866485596,7.889999866485596,53271
"CYTH","Cyclo Therapeutics, Inc. - Common Stock","2021-04-29 10:30:00-04:00",7.924200057983398,8.079999923706055,7.769999980926514,7.886000156402588,7.886000156402588,14755
"CYTH","Cyclo Therapeutics, Inc. - Common Stock","2021-04-29 11:30:00-04:00",7.849999904632568,7.894999980926514,7.619999885559082,7.760000228881836,7.760000228881836,14695
"CYTH","Cyclo Therapeutics, Inc. - Common Stock","2021-04-29 12:30:00-04:00",7.770599842071533,7.889999866485596,7.71999979019165,7.71999979019165,7.71999979019165,14822
"CYTH","Cyclo Therapeutics, Inc. - Common Stock","2021-04-29 13:30:00-04:00",7.784999847412109,7.900000095367432,7.769999980926514,7.900000095367432,7.900000095367432,4834
"CYTH","Cyclo Therapeutics, Inc. - Common Stock","2021-04-29 14:30:00-04:00",7.929999828338623,8.249899864196777,7.849999904632568,8.100000381469727,8.100000381469727,33452
"CYTH","Cyclo Therapeutics, Inc. - Common Stock","2021-04-29 15:30:00-04:00",8.199999809265137,8.380000114440918,8.010000228881836,8.079999923706055,8.079999923706055,95453
"CYTH","Cyclo Therapeutics, Inc. - Common Stock","2021-04-29 16:00:00-04:00",8.15,8.3,7.84,8.08,8.08,0
"CYTH","Cyclo Therapeutics, Inc. - Common Stock","2021-04-29 17:00:00-04:00",8.2,8.2,8.1999,8.2,8.2,0
"CYTH","Cyclo Therapeutics, Inc. - Common Stock","2021-04-30 18:00:00-04:00",9.01,9.2,9.01,9.01,9.01,0
"CYTH","Cyclo Therapeutics, Inc. - Common Stock","2021-04-30 19:00:00-04:00",9.01,9.01,8.9,8.9,8.9,0
"CYTH","Cyclo Therapeutics, Inc. - Common Stock","2021-05-03 04:00:00-04:00",9.2,9.27,9.2,9.27,9.27,0
"CYTH","Cyclo Therapeutics, Inc. - Common Stock","2021-05-03 06:00:00-04:00",9.5,9.8,9.48,9.76,9.76,0
"CYTH","Cyclo Therapeutics, Inc. - Common Stock","2021-05-03 07:00:00-04:00",9.8,9.9,9.18,9.18,9.18,0
"CYTH","Cyclo Therapeutics, Inc. - Common Stock","2021-05-03 08:00:00-04:00",9.18,9.25,8.75,9.0,9.0,0
"CYTH","Cyclo Therapeutics, Inc. - Common Stock","2021-05-03 09:00:00-04:00",9.23,9.23,9.23,9.23,9.23,0
"CYTH","Cyclo Therapeutics, Inc. - Common Stock","2021-05-03 09:30:00-04:00",9.130000114440918,9.212499618530272,8.609999656677246,9.039899826049805,9.039899826049805,111832
"CYTH","Cyclo Therapeutics, Inc. - Common Stock","2021-05-03 10:30:00-04:00",8.989999771118164,8.989999771118164,8.369999885559082,8.579999923706055,8.579999923706055,92864
"CYTH","Cyclo Therapeutics, Inc. - Common Stock","2021-05-03 11:30:00-04:00",8.510000228881836,8.660499572753906,8.210100173950195,8.300100326538086,8.300100326538086,77148
"CYTH","Cyclo Therapeutics, Inc. - Common Stock","2021-05-03 12:30:00-04:00",8.35219955444336,8.369999885559082,8.220000267028809,8.329999923706055,8.329999923706055,16891
"CYTH","Cyclo Therapeutics, Inc. - Common Stock","2021-05-03 13:30:00-04:00",8.305000305175781,8.529999732971191,8.305000305175781,8.44219970703125,8.44219970703125,24373
"CYTH","Cyclo Therapeutics, Inc. - Common Stock","2021-05-03 14:30:00-04:00",8.449899673461914,8.75,8.413100242614746,8.5600004196167,8.5600004196167,37809
"CYTH","Cyclo Therapeutics, Inc. - Common Stock","2021-05-03 15:30:00-04:00",8.550000190734863,8.609999656677246,8.34000015258789,8.359999656677246,8.359999656677246,22834
"CYTH","Cyclo Therapeutics, Inc. - Common Stock","2021-05-03 16:00:00-04:00",8.34,8.6,8.34,8.55,8.55,0
"CYTH","Cyclo Therapeutics, Inc. - Common Stock","2021-05-03 17:00:00-04:00",8.55,8.55,8.55,8.55,8.55,0
"CYTH","Cyclo Therapeutics, Inc. - Common Stock","2021-05-03 19:00:00-04:00",8.35,8.35,8.21,8.21,8.21,0
"CYTH","Cyclo Therapeutics, Inc. - Common Stock","2021-05-04 07:00:00-04:00",8.64,8.64,8.34,8.34,8.34,0
"CYTH","Cyclo Therapeutics, Inc. - Common Stock","2021-05-04 08:00:00-04:00",8.34,8.9,8.34,8.79,8.79,0
"CYTH","Cyclo Therapeutics, Inc. - Common Stock","2021-05-04 09:00:00-04:00",8.79,8.79,8.34,8.34,8.34,0
"CYTH","Cyclo Therapeutics, Inc. - Common Stock","2021-05-04 09:30:00-04:00",8.270000457763672,8.479999542236328,7.679999828338623,8.058099746704102,8.058099746704102,61485
"CYTH","Cyclo Therapeutics, Inc. - Common Stock","2021-05-04 10:30:00-04:00",8.029999732971191,8.130000114440918,7.849999904632568,7.849999904632568,7.849999904632568,42246
"CYTH","Cyclo Therapeutics, Inc. - Common Stock","2021-05-04 11:30:00-04:00",7.750699996948242,7.909999847412109,7.740099906921387,7.860199928283691,7.860199928283691,13069
"CYTH","Cyclo Therapeutics, Inc. - Common Stock","2021-05-04 12:30:00-04:00",7.849999904632568,8.380000114440918,7.829999923706055,8.0,8.0,53011
"CYTH","Cyclo Therapeutics, Inc. - Common Stock","2021-05-04 13:30:00-04:00",8.010000228881836,8.024999618530273,7.840000152587891,7.850100040435791,7.850100040435791,14189
"CYTH","Cyclo Therapeutics, Inc. - Common Stock","2021-05-04 14:30:00-04:00",7.900000095367432,8.069999694824219,7.860000133514404,7.92710018157959,7.92710018157959,8387
"CYTH","Cyclo Therapeutics, Inc. - Common Stock","2021-05-04 15:30:00-04:00",8.060199737548828,8.060199737548828,7.929999828338623,7.989999771118164,7.989999771118164,13908
"CYTH","Cyclo Therapeutics, Inc. - Common Stock","2021-05-04 16:00:00-04:00",8.0,8.0,7.89,7.89,7.89,0
"CYTH","Cyclo Therapeutics, Inc. - Common Stock","2021-05-04 17:00:00-04:00",7.86,7.86,7.86,7.86,7.86,0
"CYTH","Cyclo Therapeutics, Inc. - Common Stock","2021-05-05 06:00:00-04:00",7.86,7.86,7.86,7.86,7.86,0
"CYTH","Cyclo Therapeutics, Inc. - Common Stock","2021-05-05 08:00:00-04:00",8.28,8.28,8.0,8.0,8.0,0
"CYTH","Cyclo Therapeutics, Inc. - Common Stock","2021-05-05 09:30:00-04:00",7.960000038146973,7.960000038146973,7.710000038146973,7.745699882507324,7.745699882507324,16617
"CYTH","Cyclo Therapeutics, Inc. - Common Stock","2021-05-05 10:30:00-04:00",7.739999771118164,8.4399995803833,7.739999771118164,7.989999771118164,7.989999771118164,70876
"CYTH","Cyclo Therapeutics, Inc. - Common Stock","2021-05-05 11:30:00-04:00",7.990600109100342,8.220000267028809,7.940000057220459,7.949999809265137,7.949999809265137,4542
"CYTH","Cyclo Therapeutics, Inc. - Common Stock","2021-05-05 12:30:00-04:00",7.989999771118164,8.100000381469727,7.889999866485596,7.909999847412109,7.909999847412109,24629
"CYTH","Cyclo Therapeutics, Inc. - Common Stock","2021-05-05 13:30:00-04:00",8.05620002746582,8.05620002746582,7.911600112915039,7.960000038146973,7.960000038146973,3662
"CYTH","Cyclo Therapeutics, Inc. - Common Stock","2021-05-05 14:30:00-04:00",7.940000057220459,7.940000057220459,7.824999809265137,7.875699996948242,7.875699996948242,14286
"CYTH","Cyclo Therapeutics, Inc. - Common Stock","2021-05-05 15:30:00-04:00",7.855000019073486,7.96999979019165,7.820000171661377,7.96999979019165,7.96999979019165,10102
"CYTH","Cyclo Therapeutics, Inc. - Common Stock","2021-05-05 16:00:00-04:00",7.98,7.98,7.98,7.98,7.98,0
"CYTH","Cyclo Therapeutics, Inc. - Common Stock","2021-05-05 19:00:00-04:00",8.2,8.2,8.2,8.2,8.2,0
"CYTH","Cyclo Therapeutics, Inc. - Common Stock","2021-05-06 05:00:00-04:00",7.72,7.72,7.72,7.72,7.72,0
"CYTH","Cyclo Therapeutics, Inc. - Common Stock","2021-05-06 08:00:00-04:00",8.32,8.32,8.32,8.32,8.32,0
"CYTH","Cyclo Therapeutics, Inc. - Common Stock","2021-05-06 09:00:00-04:00",7.9,8.3,7.8303,8.11,8.11,0
"CYTH","Cyclo Therapeutics, Inc. - Common Stock","2021-05-06 09:30:00-04:00",8.100000381469727,8.270000457763672,7.71999979019165,8.001799583435059,8.001799583435059,53662
"CYTH","Cyclo Therapeutics, Inc. - Common Stock","2021-05-06 10:30:00-04:00",7.789999961853027,8.029999732971191,7.679999828338623,7.800000190734863,7.800000190734863,16392
"CYTH","Cyclo Therapeutics, Inc. - Common Stock","2021-05-06 11:30:00-04:00",7.940000057220459,7.940000057220459,7.800000190734863,7.829999923706055,7.829999923706055,4000
"CYTH","Cyclo Therapeutics, Inc. - Common Stock","2021-05-06 12:30:00-04:00",7.889999866485596,7.940000057220459,7.869999885559082,7.940000057220459,7.940000057220459,4730
"CYTH","Cyclo Therapeutics, Inc. - Common Stock","2021-05-06 13:30:00-04:00",7.940000057220459,7.974999904632568,7.789999961853027,7.789999961853027,7.789999961853027,10290
"CYTH","Cyclo Therapeutics, Inc. - Common Stock","2021-05-06 14:30:00-04:00",7.861299991607666,7.861299991607666,7.730000019073486,7.730000019073486,7.730000019073486,9176
"CYTH","Cyclo Therapeutics, Inc. - Common Stock","2021-05-06 15:30:00-04:00",7.78000020980835,7.949999809265137,7.71999979019165,7.949999809265137,7.949999809265137,12326
"CYTH","Cyclo Therapeutics, Inc. - Common Stock","2021-05-06 16:00:00-04:00",7.97,7.97,7.95,7.95,7.95,0
"CYTH","Cyclo Therapeutics, Inc. - Common Stock","2021-05-06 19:00:00-04:00",7.7,7.95,7.7,7.95,7.95,0
"CYTH","Cyclo Therapeutics, Inc. - Common Stock","2021-05-07 05:00:00-04:00",8.25,8.25,7.68,7.68,7.68,0
"CYTH","Cyclo Therapeutics, Inc. - Common Stock","2021-05-07 08:00:00-04:00",7.7,7.965,7.7,7.965,7.965,0
"CYTH","Cyclo Therapeutics, Inc. - Common Stock","2021-05-07 09:00:00-04:00",7.75,7.77,7.75,7.77,7.77,0
"CYTH","Cyclo Therapeutics, Inc. - Common Stock","2021-05-07 09:30:00-04:00",8.079999923706055,8.170000076293945,7.949999809265137,8.039999961853027,8.039999961853027,12345
"CYTH","Cyclo Therapeutics, Inc. - Common Stock","2021-05-07 10:30:00-04:00",8.0600004196167,8.0600004196167,7.900000095367432,7.900000095367432,7.900000095367432,9072
"CYTH","Cyclo Therapeutics, Inc. - Common Stock","2021-05-07 11:30:00-04:00",7.869999885559082,7.96999979019165,7.829999923706055,7.849999904632568,7.849999904632568,3637
"CYTH","Cyclo Therapeutics, Inc. - Common Stock","2021-05-07 12:30:00-04:00",7.889999866485596,7.889999866485596,7.760000228881836,7.881899833679199,7.881899833679199,2213
"CYTH","Cyclo Therapeutics, Inc. - Common Stock","2021-05-07 13:30:00-04:00",7.849999904632568,7.909999847412109,7.798299789428711,7.869999885559082,7.869999885559082,2685
"CYTH","Cyclo Therapeutics, Inc. - Common Stock","2021-05-07 14:30:00-04:00",7.789999961853027,7.880000114440918,7.789999961853027,7.869999885559082,7.869999885559082,9630
"CYTH","Cyclo Therapeutics, Inc. - Common Stock","2021-05-07 15:30:00-04:00",7.889999866485596,7.889999866485596,7.760000228881836,7.784500122070312,7.784500122070312,5329
"CYTH","Cyclo Therapeutics, Inc. - Common Stock","2021-05-07 16:00:00-04:00",7.75,7.75,7.75,7.75,7.75,456
"CYTH","Cyclo Therapeutics, Inc. - Common Stock","2021-05-07 17:00:00-04:00",7.78,7.78,7.75,7.75,7.75,0
"CYTH","Cyclo Therapeutics, Inc. - Common Stock","2021-05-07 18:00:00-04:00",7.85,7.85,7.75,7.75,7.75,0
"CYTH","Cyclo Therapeutics, Inc. - Common Stock","2021-05-10 07:00:00-04:00",8.23,8.23,8.23,8.23,8.23,0
"CYTH","Cyclo Therapeutics, Inc. - Common Stock","2021-05-10 08:00:00-04:00",7.715,7.715,7.715,7.715,7.715,0
"CYTH","Cyclo Therapeutics, Inc. - Common Stock","2021-05-10 09:00:00-04:00",7.75,7.75,7.67,7.67,7.67,0
"CYTH","Cyclo Therapeutics, Inc. - Common Stock","2021-05-10 09:30:00-04:00",7.769999980926514,7.875999927520752,7.559999942779541,7.699999809265137,7.699999809265137,17115
"CYTH","Cyclo Therapeutics, Inc. - Common Stock","2021-05-10 10:30:00-04:00",7.638400077819824,7.638400077819824,7.510000228881836,7.510000228881836,7.510000228881836,11695
"CYTH","Cyclo Therapeutics, Inc. - Common Stock","2021-05-10 11:30:00-04:00",7.53819990158081,7.589900016784668,7.320000171661377,7.420000076293945,7.420000076293945,32370
"CYTH","Cyclo Therapeutics, Inc. - Common Stock","2021-05-10 12:30:00-04:00",7.405300140380859,7.480000019073486,7.340000152587891,7.340000152587891,7.340000152587891,6532
"CYTH","Cyclo Therapeutics, Inc. - Common Stock","2021-05-10 13:30:00-04:00",7.343999862670898,7.441100120544434,7.289999961853027,7.289999961853027,7.289999961853027,5846
"CYTH","Cyclo Therapeutics, Inc. - Common Stock","2021-05-10 14:30:00-04:00",7.309999942779541,7.400000095367432,7.289999961853027,7.320000171661377,7.320000171661377,13162
"CYTH","Cyclo Therapeutics, Inc. - Common Stock","2021-05-10 15:30:00-04:00",7.380000114440918,7.5,7.309999942779541,7.480000019073486,7.480000019073486,9965
"CYTH","Cyclo Therapeutics, Inc. - Common Stock","2021-05-10 16:00:00-04:00",7.5,7.5,7.3,7.35,7.35,0
"CYTH","Cyclo Therapeutics, Inc. - Common Stock","2021-05-10 17:00:00-04:00",7.4899,7.4899,7.4899,7.4899,7.4899,0
"CYTH","Cyclo Therapeutics, Inc. - Common Stock","2021-05-11 08:00:00-04:00",7.26,7.26,7.0,7.05,7.05,0
"CYTH","Cyclo Therapeutics, Inc. - Common Stock","2021-05-11 09:00:00-04:00",7.5,7.5,7.25,7.25,7.25,0
"CYTH","Cyclo Therapeutics, Inc. - Common Stock","2021-05-11 09:30:00-04:00",7.119999885559082,7.260499954223633,6.985300064086914,7.050000190734863,7.050000190734863,35535
"CYTH","Cyclo Therapeutics, Inc. - Common Stock","2021-05-11 10:30:00-04:00",7.130000114440918,7.210000038146973,7.039999961853027,7.079999923706055,7.079999923706055,8877
"CYTH","Cyclo Therapeutics, Inc. - Common Stock","2021-05-11 11:30:00-04:00",7.039999961853027,7.150000095367432,7.039999961853027,7.070000171661377,7.070000171661377,6531
"CYTH","Cyclo Therapeutics, Inc. - Common Stock","2021-05-11 12:30:00-04:00",7.110000133514404,7.25,7.110000133514404,7.199999809265137,7.199999809265137,8786
"CYTH","Cyclo Therapeutics, Inc. - Common Stock","2021-05-11 13:30:00-04:00",7.303999900817871,7.329999923706055,7.239999771118164,7.329999923706055,7.329999923706055,4919
"CYTH","Cyclo Therapeutics, Inc. - Common Stock","2021-05-11 14:30:00-04:00",7.343500137329102,7.349999904632568,7.210000038146973,7.269999980926514,7.269999980926514,9115
"CYTH","Cyclo Therapeutics, Inc. - Common Stock","2021-05-11 15:30:00-04:00",7.199999809265137,7.239999771118164,7.179999828338623,7.190000057220459,7.190000057220459,2880
"CYTH","Cyclo Therapeutics, Inc. - Common Stock","2021-05-11 16:00:00-04:00",7.3,7.3,7.13,7.3,7.3,0
"CYTH","Cyclo Therapeutics, Inc. - Common Stock","2021-05-11 17:00:00-04:00",7.13,7.13,7.13,7.13,7.13,0
"CYTH","Cyclo Therapeutics, Inc. - Common Stock","2021-05-12 09:30:00-04:00",7.139999866485596,7.25,7.050000190734863,7.106500148773193,7.106500148773193,8530
"CYTH","Cyclo Therapeutics, Inc. - Common Stock","2021-05-12 10:30:00-04:00",7.10920000076294,7.139999866485596,6.849999904632568,7.130000114440918,7.130000114440918,20033
"CYTH","Cyclo Therapeutics, Inc. - Common Stock","2021-05-12 11:30:00-04:00",7.010000228881836,7.130000114440918,7.0,7.007199764251709,7.007199764251709,10155
"CYTH","Cyclo Therapeutics, Inc. - Common Stock","2021-05-12 12:30:00-04:00",7.012199878692627,7.264200210571289,7.004099845886231,7.264200210571289,7.264200210571289,18354
"CYTH","Cyclo Therapeutics, Inc. - Common Stock","2021-05-12 13:30:00-04:00",7.26639986038208,7.26639986038208,7.179999828338623,7.179999828338623,7.179999828338623,2422
"CYTH","Cyclo Therapeutics, Inc. - Common Stock","2021-05-12 14:30:00-04:00",7.179999828338623,7.260000228881836,7.138999938964844,7.179999828338623,7.179999828338623,6178
"CYTH","Cyclo Therapeutics, Inc. - Common Stock","2021-05-12 15:30:00-04:00",7.099999904632568,7.239999771118164,7.070099830627441,7.230000019073486,7.230000019073486,5186
"CYTH","Cyclo Therapeutics, Inc. - Common Stock","2021-05-12 16:00:00-04:00",7.25,7.25,7.25,7.25,7.25,0
"CYTH","Cyclo Therapeutics, Inc. - Common Stock","2021-05-12 17:00:00-04:00",7.2,7.3,7.2,7.3,7.3,0
"CYTH","Cyclo Therapeutics, Inc. - Common Stock","2021-05-13 05:00:00-04:00",6.8,6.8,6.8,6.8,6.8,0
"CYTH","Cyclo Therapeutics, Inc. - Common Stock","2021-05-13 09:00:00-04:00",7.24,7.24,6.85,7.24,7.24,0
"CYTH","Cyclo Therapeutics, Inc. - Common Stock","2021-05-13 09:30:00-04:00",7.239999771118164,7.409999847412109,7.050000190734863,7.130000114440918,7.130000114440918,19918
"CYTH","Cyclo Therapeutics, Inc. - Common Stock","2021-05-13 10:30:00-04:00",7.050000190734863,7.269999980926514,6.949999809265137,6.95989990234375,6.95989990234375,20882
"CYTH","Cyclo Therapeutics, Inc. - Common Stock","2021-05-13 11:30:00-04:00",6.909999847412109,6.960000038146973,6.810100078582764,6.885000228881836,6.885000228881836,9780
"CYTH","Cyclo Therapeutics, Inc. - Common Stock","2021-05-13 12:30:00-04:00",6.850100040435791,6.880000114440918,6.630000114440918,6.726399898529053,6.726399898529053,12484
"CYTH","Cyclo Therapeutics, Inc. - Common Stock","2021-05-13 13:30:00-04:00",6.73859977722168,6.829899787902832,6.579999923706055,6.71999979019165,6.71999979019165,30922
"CYTH","Cyclo Therapeutics, Inc. - Common Stock","2021-05-13 14:30:00-04:00",6.829999923706055,6.829999923706055,6.71999979019165,6.78000020980835,6.78000020980835,8180
"CYTH","Cyclo Therapeutics, Inc. - Common Stock","2021-05-13 15:30:00-04:00",6.78000020980835,6.829999923706055,6.71999979019165,6.71999979019165,6.71999979019165,4822
"CYTH","Cyclo Therapeutics, Inc. - Common Stock","2021-05-13 16:00:00-04:00",6.75,6.75,6.75,6.75,6.75,0
"CYTH","Cyclo Therapeutics, Inc. - Common Stock","2021-05-13 17:00:00-04:00",6.75,6.75,6.75,6.75,6.75,0
"CYTH","Cyclo Therapeutics, Inc. - Common Stock","2021-05-14 08:00:00-04:00",6.7499,6.75,6.7499,6.75,6.75,0
"CYTH","Cyclo Therapeutics, Inc. - Common Stock","2021-05-14 09:00:00-04:00",7.41,7.41,7.41,7.41,7.41,0
"CYTH","Cyclo Therapeutics, Inc. - Common Stock","2021-05-14 09:30:00-04:00",6.849999904632568,7.245500087738037,6.849999904632568,7.21999979019165,7.21999979019165,12153
"CYTH","Cyclo Therapeutics, Inc. - Common Stock","2021-05-14 10:30:00-04:00",7.138199806213379,7.139999866485596,6.960000038146973,7.02839994430542,7.02839994430542,11516
"CYTH","Cyclo Therapeutics, Inc. - Common Stock","2021-05-14 11:30:00-04:00",7.025000095367432,7.130000114440918,7.0,7.019499778747559,7.019499778747559,5347
"CYTH","Cyclo Therapeutics, Inc. - Common Stock","2021-05-14 12:30:00-04:00",7.010000228881836,7.050000190734863,7.010000228881836,7.03000020980835,7.03000020980835,2398
"CYTH","Cyclo Therapeutics, Inc. - Common Stock","2021-05-14 13:30:00-04:00",7.049900054931641,7.049900054931641,6.940000057220459,7.0,7.0,3402
"CYTH","Cyclo Therapeutics, Inc. - Common Stock","2021-05-14 14:30:00-04:00",6.96999979019165,7.050000190734863,6.942500114440918,6.949999809265137,6.949999809265137,4353
"CYTH","Cyclo Therapeutics, Inc. - Common Stock","2021-05-14 15:30:00-04:00",6.96589994430542,7.0,6.850100040435791,6.900000095367432,6.900000095367432,6151
"CYTH","Cyclo Therapeutics, Inc. - Common Stock","2021-05-14 16:00:00-04:00",7.0,7.0,7.0,7.0,7.0,553
"CYTH","Cyclo Therapeutics, Inc. - Common Stock","2021-05-14 18:00:00-04:00",6.77,6.95,6.77,6.95,6.95,0
"CYTH","Cyclo Therapeutics, Inc. - Common Stock","2021-05-17 05:00:00-04:00",7.0,7.0,7.0,7.0,7.0,0
"CYTH","Cyclo Therapeutics, Inc. - Common Stock","2021-05-17 08:00:00-04:00",7.0,7.0,7.0,7.0,7.0,0
"CYTH","Cyclo Therapeutics, Inc. - Common Stock","2021-05-17 09:00:00-04:00",7.25,7.35,7.25,7.35,7.35,0
"CYTH","Cyclo Therapeutics, Inc. - Common Stock","2021-05-17 09:30:00-04:00",7.329999923706055,7.329999923706055,7.070000171661377,7.070000171661377,7.070000171661377,18803
"CYTH","Cyclo Therapeutics, Inc. - Common Stock","2021-05-17 10:30:00-04:00",7.199999809265137,7.199999809265137,7.054200172424316,7.076300144195557,7.076300144195557,6040
"CYTH","Cyclo Therapeutics, Inc. - Common Stock","2021-05-17 11:30:00-04:00",7.170000076293945,7.170000076293945,7.099999904632568,7.10099983215332,7.10099983215332,565
"CYTH","Cyclo Therapeutics, Inc. - Common Stock","2021-05-17 12:30:00-04:00",7.070000171661377,7.070000171661377,7.010000228881836,7.010000228881836,7.010000228881836,816
"CYTH","Cyclo Therapeutics, Inc. - Common Stock","2021-05-17 13:30:00-04:00",7.054999828338623,7.099999904632568,7.019999980926514,7.019999980926514,7.019999980926514,4404
"CYTH","Cyclo Therapeutics, Inc. - Common Stock","2021-05-17 14:30:00-04:00",7.092100143432617,7.099999904632568,7.019999980926514,7.085000038146973,7.085000038146973,1930
"CYTH","Cyclo Therapeutics, Inc. - Common Stock","2021-05-17 15:30:00-04:00",7.050000190734863,7.110000133514404,6.96999979019165,7.039999961853027,7.039999961853027,10408
"CYTH","Cyclo Therapeutics, Inc. - Common Stock","2021-05-17 16:00:00-04:00",7.04,7.04,6.75,7.0,7.0,0
"CYTH","Cyclo Therapeutics, Inc. - Common Stock","2021-05-17 17:00:00-04:00",7.0,7.0,7.0,7.0,7.0,0
"CYTH","Cyclo Therapeutics, Inc. - Common Stock","2021-05-17 18:00:00-04:00",7.0,7.0,7.0,7.0,7.0,0
"CYTH","Cyclo Therapeutics, Inc. - Common Stock","2021-05-17 19:00:00-04:00",7.0,7.0,7.0,7.0,7.0,0
"CYTH","Cyclo Therapeutics, Inc. - Common Stock","2021-05-18 07:00:00-04:00",7.04,7.04,7.04,7.04,7.04,0
"CYTH","Cyclo Therapeutics, Inc. - Common Stock","2021-05-18 09:30:00-04:00",7.0,7.440000057220459,6.960000038146973,7.28000020980835,7.28000020980835,25087
"CYTH","Cyclo Therapeutics, Inc. - Common Stock","2021-05-18 10:30:00-04:00",7.335899829864502,7.340000152587891,7.208099842071533,7.208099842071533,7.208099842071533,1385
"CYTH","Cyclo Therapeutics, Inc. - Common Stock","2021-05-18 11:30:00-04:00",7.190000057220459,7.299900054931641,7.050000190734863,7.190000057220459,7.190000057220459,7834
"CYTH","Cyclo Therapeutics, Inc. - Common Stock","2021-05-18 12:30:00-04:00",7.170000076293945,7.292099952697754,7.170000076293945,7.279900074005127,7.279900074005127,5486
"CYTH","Cyclo Therapeutics, Inc. - Common Stock","2021-05-18 13:30:00-04:00",7.260000228881836,7.269999980926514,7.21999979019165,7.21999979019165,7.21999979019165,6803
"CYTH","Cyclo Therapeutics, Inc. - Common Stock","2021-05-18 14:30:00-04:00",7.200099945068359,7.200099945068359,7.119999885559082,7.179999828338623,7.179999828338623,3584
"CYTH","Cyclo Therapeutics, Inc. - Common Stock","2021-05-18 15:30:00-04:00",7.159999847412109,7.260000228881836,7.130000114440918,7.260000228881836,7.260000228881836,8533
"CYTH","Cyclo Therapeutics, Inc. - Common Stock","2021-05-18 16:00:00-04:00",7.26,7.26,7.26,7.26,7.26,0
"CYTH","Cyclo Therapeutics, Inc. - Common Stock","2021-05-18 17:00:00-04:00",7.41,7.41,7.41,7.41,7.41,0
"CYTH","Cyclo Therapeutics, Inc. - Common Stock","2021-05-18 18:00:00-04:00",7.06,7.06,7.06,7.06,7.06,0
"CYTH","Cyclo Therapeutics, Inc. - Common Stock","2021-05-19 09:30:00-04:00",7.079999923706055,7.262100219726562,7.059999942779541,7.070000171661377,7.070000171661377,14160
"CYTH","Cyclo Therapeutics, Inc. - Common Stock","2021-05-19 10:30:00-04:00",7.050000190734863,7.051199913024902,7.0,7.011300086975098,7.011300086975098,2178
"CYTH","Cyclo Therapeutics, Inc. - Common Stock","2021-05-19 11:30:00-04:00",7.0,7.139999866485596,6.960000038146973,7.03000020980835,7.03000020980835,10733
"CYTH","Cyclo Therapeutics, Inc. - Common Stock","2021-05-19 12:30:00-04:00",7.0,7.082200050354004,7.0,7.019999980926514,7.019999980926514,2037
"CYTH","Cyclo Therapeutics, Inc. - Common Stock","2021-05-19 13:30:00-04:00",7.010000228881836,7.070000171661377,7.010000228881836,7.070000171661377,7.070000171661377,1405
"CYTH","Cyclo Therapeutics, Inc. - Common Stock","2021-05-19 14:30:00-04:00",7.159999847412109,7.159999847412109,7.070000171661377,7.074999809265137,7.074999809265137,1057
"CYTH","Cyclo Therapeutics, Inc. - Common Stock","2021-05-19 15:30:00-04:00",7.079999923706055,7.079999923706055,7.010000228881836,7.014400005340576,7.014400005340576,1831
"CYTH","Cyclo Therapeutics, Inc. - Common Stock","2021-05-19 16:00:00-04:00",7.08,7.08,7.0,7.01,7.01,0
"CYTH","Cyclo Therapeutics, Inc. - Common Stock","2021-05-19 17:00:00-04:00",7.26,7.26,7.26,7.26,7.26,0
"CYTH","Cyclo Therapeutics, Inc. - Common Stock","2021-05-19 18:00:00-04:00",7.26,7.26,7.26,7.26,7.26,0
"CYTH","Cyclo Therapeutics, Inc. - Common Stock","2021-05-20 08:00:00-04:00",7.08,7.08,7.08,7.08,7.08,0
"CYTH","Cyclo Therapeutics, Inc. - Common Stock","2021-05-20 09:00:00-04:00",7.0,7.29,6.99,7.29,7.29,0
"CYTH","Cyclo Therapeutics, Inc. - Common Stock","2021-05-20 09:30:00-04:00",7.119999885559082,7.25,7.0,7.184999942779541,7.184999942779541,12947
"CYTH","Cyclo Therapeutics, Inc. - Common Stock","2021-05-20 10:30:00-04:00",7.148600101470947,7.199999809265137,7.148600101470947,7.150000095367432,7.150000095367432,2695
"CYTH","Cyclo Therapeutics, Inc. - Common Stock","2021-05-20 11:30:00-04:00",7.190000057220459,7.21999979019165,7.140100002288818,7.210000038146973,7.210000038146973,6010
"CYTH","Cyclo Therapeutics, Inc. - Common Stock","2021-05-20 12:30:00-04:00",7.210000038146973,7.210000038146973,7.110000133514404,7.210000038146973,7.210000038146973,10186
"CYTH","Cyclo Therapeutics, Inc. - Common Stock","2021-05-20 13:30:00-04:00",7.239999771118164,7.260000228881836,7.190000057220459,7.25,7.25,1793
"CYTH","Cyclo Therapeutics, Inc. - Common Stock","2021-05-20 14:30:00-04:00",7.252200126647949,7.420000076293945,7.239999771118164,7.420000076293945,7.420000076293945,5842
"CYTH","Cyclo Therapeutics, Inc. - Common Stock","2021-05-20 15:30:00-04:00",7.429999828338623,7.53000020980835,7.38700008392334,7.480000019073486,7.480000019073486,14915
"CYTH","Cyclo Therapeutics, Inc. - Common Stock","2021-05-20 16:00:00-04:00",7.49,7.67,7.49,7.67,7.67,0
"CYTH","Cyclo Therapeutics, Inc. - Common Stock","2021-05-20 17:00:00-04:00",7.64,7.66,7.64,7.65,7.65,0
"CYTH","Cyclo Therapeutics, Inc. - Common Stock","2021-05-21 08:00:00-04:00",7.9799,7.9799,7.9799,7.9799,7.9799,0
"CYTH","Cyclo Therapeutics, Inc. - Common Stock","2021-05-21 09:00:00-04:00",7.7,7.9,7.49,7.9,7.9,0
"CYTH","Cyclo Therapeutics, Inc. - Common Stock","2021-05-21 09:30:00-04:00",7.679999828338623,9.199899673461914,7.460000038146973,8.207799911499023,8.207799911499023,807882
"CYTH","Cyclo Therapeutics, Inc. - Common Stock","2021-05-21 10:30:00-04:00",8.180000305175781,8.359999656677246,8.180000305175781,8.3100004196167,8.3100004196167,95106
"CYTH","Cyclo Therapeutics, Inc. - Common Stock","2021-05-21 11:30:00-04:00",8.300000190734863,8.649999618530273,8.260000228881836,8.401599884033203,8.401599884033203,127425
"CYTH","Cyclo Therapeutics, Inc. - Common Stock","2021-05-21 12:30:00-04:00",8.416600227355957,10.369500160217283,8.350000381469727,9.119999885559082,9.119999885559082,2532390
"CYTH","Cyclo Therapeutics, Inc. - Common Stock","2021-05-21 13:30:00-04:00",9.109999656677246,9.140000343322754,8.42389965057373,8.460000038146973,8.460000038146973,755714
"CYTH","Cyclo Therapeutics, Inc. - Common Stock","2021-05-21 14:30:00-04:00",8.520000457763672,8.569999694824219,7.900000095367432,8.050000190734863,8.050000190734863,243055
"CYTH","Cyclo Therapeutics, Inc. - Common Stock","2021-05-21 15:30:00-04:00",8.04699993133545,8.350000381469727,8.029999732971191,8.25,8.25,79473
"CYTH","Cyclo Therapeutics, Inc. - Common Stock","2021-05-21 16:00:00-04:00",8.25,8.38,8.1,8.11,8.11,0
"CYTH","Cyclo Therapeutics, Inc. - Common Stock","2021-05-21 17:00:00-04:00",8.15,8.3,8.15,8.2,8.2,0
"CYTH","Cyclo Therapeutics, Inc. - Common Stock","2021-05-21 18:00:00-04:00",8.2,8.41,8.2,8.2,8.2,0
"CYTH","Cyclo Therapeutics, Inc. - Common Stock","2021-05-21 19:00:00-04:00",8.24,8.24,8.1,8.15,8.15,0
"CYTH","Cyclo Therapeutics, Inc. - Common Stock","2021-05-24 04:00:00-04:00",8.2,8.5,8.2,8.25,8.25,0
"CYTH","Cyclo Therapeutics, Inc. - Common Stock","2021-05-24 05:00:00-04:00",8.52,9.5,8.26,8.52,8.52,0
"CYTH","Cyclo Therapeutics, Inc. - Common Stock","2021-05-24 06:00:00-04:00",8.38,8.38,8.3,8.31,8.31,0
"CYTH","Cyclo Therapeutics, Inc. - Common Stock","2021-05-24 07:00:00-04:00",8.34,8.39,8.31,8.38,8.38,0
"CYTH","Cyclo Therapeutics, Inc. - Common Stock","2021-05-24 08:00:00-04:00",8.88,8.98,8.35,8.83,8.83,0
"CYTH","Cyclo Therapeutics, Inc. - Common Stock","2021-05-24 09:00:00-04:00",8.85,8.85,8.48,8.65,8.65,0
"CYTH","Cyclo Therapeutics, Inc. - Common Stock","2021-05-24 09:30:00-04:00",8.180000305175781,8.599900245666504,7.679999828338623,7.739999771118164,7.739999771118164,267442
"CYTH","Cyclo Therapeutics, Inc. - Common Stock","2021-05-24 10:30:00-04:00",7.735000133514404,7.769899845123291,7.409999847412109,7.500100135803223,7.500100135803223,126811
"CYTH","Cyclo Therapeutics, Inc. - Common Stock","2021-05-24 11:30:00-04:00",7.533100128173828,7.809899806976318,7.440100193023682,7.610000133514404,7.610000133514404,57480
"CYTH","Cyclo Therapeutics, Inc. - Common Stock","2021-05-24 12:30:00-04:00",7.570000171661377,7.710000038146973,7.5,7.53000020980835,7.53000020980835,41195
"CYTH","Cyclo Therapeutics, Inc. - Common Stock","2021-05-24 13:30:00-04:00",7.590000152587891,7.699900150299072,7.5,7.533100128173828,7.533100128173828,61360
"CYTH","Cyclo Therapeutics, Inc. - Common Stock","2021-05-24 14:30:00-04:00",7.65749979019165,7.65749979019165,7.53000020980835,7.530099868774414,7.530099868774414,18453
"CYTH","Cyclo Therapeutics, Inc. - Common Stock","2021-05-24 15:30:00-04:00",7.53000020980835,7.650000095367432,7.53000020980835,7.619999885559082,7.619999885559082,17034
"CYTH","Cyclo Therapeutics, Inc. - Common Stock","2021-05-24 16:00:00-04:00",7.61,7.99,7.5,7.7,7.7,0
"CYTH","Cyclo Therapeutics, Inc. - Common Stock","2021-05-24 17:00:00-04:00",7.61,7.61,7.55,7.55,7.55,0
"CYTH","Cyclo Therapeutics, Inc. - Common Stock","2021-05-24 18:00:00-04:00",7.61,7.7,7.61,7.7,7.7,0
"CYTH","Cyclo Therapeutics, Inc. - Common Stock","2021-05-24 19:00:00-04:00",7.62,7.62,7.62,7.62,7.62,0
"CYTH","Cyclo Therapeutics, Inc. - Common Stock","2021-05-25 05:00:00-04:00",7.43,7.43,7.43,7.43,7.43,0
"CYTH","Cyclo Therapeutics, Inc. - Common Stock","2021-05-25 07:00:00-04:00",8.54,8.54,7.6,7.6,7.6,0
"CYTH","Cyclo Therapeutics, Inc. - Common Stock","2021-05-25 08:00:00-04:00",7.77,7.99,7.77,7.99,7.99,0
"CYTH","Cyclo Therapeutics, Inc. - Common Stock","2021-05-25 09:00:00-04:00",7.76,7.76,7.5,7.51,7.51,0
"CYTH","Cyclo Therapeutics, Inc. - Common Stock","2021-05-25 09:30:00-04:00",7.769999980926514,7.889900207519531,7.610000133514404,7.619999885559082,7.619999885559082,53841
"CYTH","Cyclo Therapeutics, Inc. - Common Stock","2021-05-25 10:30:00-04:00",7.630000114440918,7.71999979019165,7.53000020980835,7.567299842834473,7.567299842834473,12435
"CYTH","Cyclo Therapeutics, Inc. - Common Stock","2021-05-25 11:30:00-04:00",7.639900207519531,7.679999828338623,7.579999923706055,7.630000114440918,7.630000114440918,11710
"CYTH","Cyclo Therapeutics, Inc. - Common Stock","2021-05-25 12:30:00-04:00",7.579999923706055,7.630000114440918,7.210000038146973,7.230000019073486,7.230000019073486,85803
"CYTH","Cyclo Therapeutics, Inc. - Common Stock","2021-05-25 13:30:00-04:00",7.260000228881836,7.599999904632568,7.224999904632568,7.583000183105469,7.583000183105469,25956
"CYTH","Cyclo Therapeutics, Inc. - Common Stock","2021-05-25 14:30:00-04:00",7.539999961853027,7.650000095367432,7.5,7.510000228881836,7.510000228881836,27120
"CYTH","Cyclo Therapeutics, Inc. - Common Stock","2021-05-25 15:30:00-04:00",7.599899768829346,7.599899768829346,7.5,7.5,7.5,6746
"CYTH","Cyclo Therapeutics, Inc. - Common Stock","2021-05-25 16:00:00-04:00",7.54,7.54,7.54,7.54,7.54,0
"CYTH","Cyclo Therapeutics, Inc. - Common Stock","2021-05-25 17:00:00-04:00",7.39,7.56,7.39,7.54,7.54,0
"CYTH","Cyclo Therapeutics, Inc. - Common Stock","2021-05-25 18:00:00-04:00",7.7,7.7,7.4,7.4,7.4,0
"CYTH","Cyclo Therapeutics, Inc. - Common Stock","2021-05-25 19:00:00-04:00",7.4,7.7,7.4,7.7,7.7,0
"CYTH","Cyclo Therapeutics, Inc. - Common Stock","2021-05-26 04:00:00-04:00",7.7,7.7,7.7,7.7,7.7,0
"CYTH","Cyclo Therapeutics, Inc. - Common Stock","2021-05-26 06:00:00-04:00",7.7,7.7,7.7,7.7,7.7,0
"CYTH","Cyclo Therapeutics, Inc. - Common Stock","2021-05-26 07:00:00-04:00",7.7,9.0,7.7,7.7,7.7,0
"CYTH","Cyclo Therapeutics, Inc. - Common Stock","2021-05-26 08:00:00-04:00",7.7,7.76,7.51,7.51,7.51,0
"CYTH","Cyclo Therapeutics, Inc. - Common Stock","2021-05-26 09:00:00-04:00",7.51,7.51,7.51,7.51,7.51,0
"CYTH","Cyclo Therapeutics, Inc. - Common Stock","2021-05-26 09:30:00-04:00",7.53000020980835,7.650000095367432,7.400000095367432,7.634699821472168,7.634699821472168,29564
"CYTH","Cyclo Therapeutics, Inc. - Common Stock","2021-05-26 10:30:00-04:00",7.699900150299072,7.699999809265137,7.449999809265137,7.449999809265137,7.449999809265137,44235
"CYTH","Cyclo Therapeutics, Inc. - Common Stock","2021-05-26 11:30:00-04:00",7.480599880218506,7.690000057220459,7.440000057220459,7.590099811553955,7.590099811553955,17206
"CYTH","Cyclo Therapeutics, Inc. - Common Stock","2021-05-26 12:30:00-04:00",7.628200054168701,7.840000152587891,7.628200054168701,7.840000152587891,7.840000152587891,10351
"CYTH","Cyclo Therapeutics, Inc. - Common Stock","2021-05-26 13:30:00-04:00",7.809999942779541,7.849999904632568,7.730000019073486,7.730000019073486,7.730000019073486,10703
"CYTH","Cyclo Therapeutics, Inc. - Common Stock","2021-05-26 14:30:00-04:00",7.730000019073486,7.820000171661377,7.650000095367432,7.655399799346924,7.655399799346924,10361
"CYTH","Cyclo Therapeutics, Inc. - Common Stock","2021-05-26 15:30:00-04:00",7.650000095367432,7.75,7.630000114440918,7.71999979019165,7.71999979019165,18018
"CYTH","Cyclo Therapeutics, Inc. - Common Stock","2021-05-26 16:00:00-04:00",7.7,7.7,7.7,7.7,7.7,0
"CYTH","Cyclo Therapeutics, Inc. - Common Stock","2021-05-26 17:00:00-04:00",7.7,7.7,7.7,7.7,7.7,0
"CYTH","Cyclo Therapeutics, Inc. - Common Stock","2021-05-26 18:00:00-04:00",8.0,8.0,7.7,7.8,7.8,0
"CYTH","Cyclo Therapeutics, Inc. - Common Stock","2021-05-26 19:00:00-04:00",7.8,8.0,7.8,8.0,8.0,0
"CYTH","Cyclo Therapeutics, Inc. - Common Stock","2021-05-27 06:00:00-04:00",7.7,7.7,7.7,7.7,7.7,0
"CYTH","Cyclo Therapeutics, Inc. - Common Stock","2021-05-27 07:00:00-04:00",8.1,8.5,7.7,8.0,8.0,0
"CYTH","Cyclo Therapeutics, Inc. - Common Stock","2021-05-27 08:00:00-04:00",7.85,8.14,7.74,7.74,7.74,0
"CYTH","Cyclo Therapeutics, Inc. - Common Stock","2021-05-27 09:00:00-04:00",7.8,7.8,7.8,7.8,7.8,0
"CYTH","Cyclo Therapeutics, Inc. - Common Stock","2021-05-27 09:30:00-04:00",7.96999979019165,8.130000114440918,7.84499979019165,8.130000114440918,8.130000114440918,42370
"CYTH","Cyclo Therapeutics, Inc. - Common Stock","2021-05-27 10:30:00-04:00",8.09000015258789,8.119999885559082,7.870100021362305,8.010000228881836,8.010000228881836,22398
"CYTH","Cyclo Therapeutics, Inc. - Common Stock","2021-05-27 11:30:00-04:00",8.0,8.430000305175781,8.0,8.38599967956543,8.38599967956543,21511
"CYTH","Cyclo Therapeutics, Inc. - Common Stock","2021-05-27 12:30:00-04:00",8.380000114440918,8.380000114440918,8.1899995803833,8.1899995803833,8.1899995803833,9202
"CYTH","Cyclo Therapeutics, Inc. - Common Stock","2021-05-27 13:30:00-04:00",8.253000259399414,8.253000259399414,8.029999732971191,8.029999732971191,8.029999732971191,22780
"CYTH","Cyclo Therapeutics, Inc. - Common Stock","2021-05-27 14:30:00-04:00",8.0649995803833,8.079999923706055,7.900000095367432,7.900000095367432,7.900000095367432,18490
"CYTH","Cyclo Therapeutics, Inc. - Common Stock","2021-05-27 15:30:00-04:00",8.011099815368652,8.029800415039062,7.929999828338623,7.96999979019165,7.96999979019165,9219
"CYTH","Cyclo Therapeutics, Inc. - Common Stock","2021-05-27 16:00:00-04:00",8.01,8.4,7.89,8.39,8.39,0
"CYTH","Cyclo Therapeutics, Inc. - Common Stock","2021-05-27 17:00:00-04:00",8.0,8.0,8.0,8.0,8.0,0
"CYTH","Cyclo Therapeutics, Inc. - Common Stock","2021-05-27 18:00:00-04:00",8.3,8.4,8.3,8.4,8.4,0
"CYTH","Cyclo Therapeutics, Inc. - Common Stock","2021-05-27 19:00:00-04:00",8.05,8.4,8.05,8.4,8.4,0
"CYTH","Cyclo Therapeutics, Inc. - Common Stock","2021-05-28 05:00:00-04:00",8.01,8.01,8.01,8.01,8.01,0
"CYTH","Cyclo Therapeutics, Inc. - Common Stock","2021-05-28 06:00:00-04:00",8.01,8.01,8.0,8.0,8.0,0
"CYTH","Cyclo Therapeutics, Inc. - Common Stock","2021-05-28 07:00:00-04:00",7.9,7.9,7.82,7.83,7.83,0
"CYTH","Cyclo Therapeutics, Inc. - Common Stock","2021-05-28 08:00:00-04:00",7.9,8.45,7.9,8.01,8.01,0
"CYTH","Cyclo Therapeutics, Inc. - Common Stock","2021-05-28 09:00:00-04:00",8.01,8.0399,8.0,8.0,8.0,0
"CYTH","Cyclo Therapeutics, Inc. - Common Stock","2021-05-28 09:30:00-04:00",8.220000267028809,8.302000045776367,8.053500175476074,8.25,8.25,36135
"CYTH","Cyclo Therapeutics, Inc. - Common Stock","2021-05-28 10:30:00-04:00",8.180000305175781,8.180000305175781,8.09000015258789,8.100000381469727,8.100000381469727,10908
"CYTH","Cyclo Therapeutics, Inc. - Common Stock","2021-05-28 11:30:00-04:00",8.069999694824219,8.34000015258789,8.069999694824219,8.319999694824219,8.319999694824219,38774
"CYTH","Cyclo Therapeutics, Inc. - Common Stock","2021-05-28 12:30:00-04:00",8.34000015258789,8.390000343322754,8.270000457763672,8.270000457763672,8.270000457763672,11034
"CYTH","Cyclo Therapeutics, Inc. - Common Stock","2021-05-28 13:30:00-04:00",8.210100173950195,8.3100004196167,8.210100173950195,8.279999732971191,8.279999732971191,18654
"CYTH","Cyclo Therapeutics, Inc. - Common Stock","2021-05-28 14:30:00-04:00",8.300000190734863,8.3100004196167,8.270000457763672,8.289999961853027,8.289999961853027,7079
"CYTH","Cyclo Therapeutics, Inc. - Common Stock","2021-05-28 15:30:00-04:00",8.199999809265137,8.25,8.15999984741211,8.239999771118164,8.239999771118164,7088
"CYTH","Cyclo Therapeutics, Inc. - Common Stock","2021-05-28 16:00:00-04:00",8.28,8.28,8.28,8.28,8.28,1378
"CYTH","Cyclo Therapeutics, Inc. - Common Stock","2021-05-28 17:00:00-04:00",8.28,8.28,8.28,8.28,8.28,0
"CYTH","Cyclo Therapeutics, Inc. - Common Stock","2021-05-28 18:00:00-04:00",8.36,8.36,8.36,8.36,8.36,0
"CYTH","Cyclo Therapeutics, Inc. - Common Stock","2021-06-01 04:00:00-04:00",8.29,8.29,8.29,8.29,8.29,0
"CYTH","Cyclo Therapeutics, Inc. - Common Stock","2021-06-01 05:00:00-04:00",8.1,8.1,7.25,7.25,7.25,0
"CYTH","Cyclo Therapeutics, Inc. - Common Stock","2021-06-01 07:00:00-04:00",8.23,8.28,8.1,8.27,8.27,0
"CYTH","Cyclo Therapeutics, Inc. - Common Stock","2021-06-01 08:00:00-04:00",8.23,8.24,8.23,8.24,8.24,0
"CYTH","Cyclo Therapeutics, Inc. - Common Stock","2021-06-01 09:00:00-04:00",7.8,8.03,7.8,8.01,8.01,0
"CYTH","Cyclo Therapeutics, Inc. - Common Stock","2021-06-01 09:30:00-04:00",8.210000038146973,8.359999656677246,8.069999694824219,8.300000190734863,8.300000190734863,31410
"CYTH","Cyclo Therapeutics, Inc. - Common Stock","2021-06-01 10:30:00-04:00",8.260000228881836,8.284500122070312,8.149999618530273,8.262900352478027,8.262900352478027,14993
"CYTH","Cyclo Therapeutics, Inc. - Common Stock","2021-06-01 11:30:00-04:00",8.260000228881836,8.390000343322754,8.210000038146973,8.389900207519531,8.389900207519531,12099
"CYTH","Cyclo Therapeutics, Inc. - Common Stock","2021-06-01 12:30:00-04:00",8.350000381469727,8.600000381469727,8.350000381469727,8.59000015258789,8.59000015258789,10255
"CYTH","Cyclo Therapeutics, Inc. - Common Stock","2021-06-01 13:30:00-04:00",8.490099906921387,8.579999923706055,8.395700454711914,8.5,8.5,6074
"CYTH","Cyclo Therapeutics, Inc. - Common Stock","2021-06-01 14:30:00-04:00",8.53499984741211,8.550000190734863,8.4399995803833,8.489999771118164,8.489999771118164,15453
"CYTH","Cyclo Therapeutics, Inc. - Common Stock","2021-06-01 15:30:00-04:00",8.4350004196167,8.489899635314941,8.399999618530273,8.449999809265137,8.449999809265137,10769
"CYTH","Cyclo Therapeutics, Inc. - Common Stock","2021-06-01 16:00:00-04:00",8.49,8.49,8.445,8.49,8.49,0
"CYTH","Cyclo Therapeutics, Inc. - Common Stock","2021-06-01 17:00:00-04:00",8.44,8.49,8.41,8.4899,8.4899,0
"CYTH","Cyclo Therapeutics, Inc. - Common Stock","2021-06-01 18:00:00-04:00",8.41,8.41,8.41,8.41,8.41,0
"CYTH","Cyclo Therapeutics, Inc. - Common Stock","2021-06-01 19:00:00-04:00",8.49,8.49,8.49,8.49,8.49,0
"CYTH","Cyclo Therapeutics, Inc. - Common Stock","2021-06-02 05:00:00-04:00",8.5,9.0,8.5,9.0,9.0,0
"CYTH","Cyclo Therapeutics, Inc. - Common Stock","2021-06-02 07:00:00-04:00",8.48,8.49,8.48,8.49,8.49,0
"CYTH","Cyclo Therapeutics, Inc. - Common Stock","2021-06-02 08:00:00-04:00",8.49,8.55,8.49,8.55,8.55,0
"CYTH","Cyclo Therapeutics, Inc. - Common Stock","2021-06-02 09:30:00-04:00",8.619999885559082,8.6899995803833,8.456199645996094,8.477700233459473,8.477700233459473,34072
"CYTH","Cyclo Therapeutics, Inc. - Common Stock","2021-06-02 10:30:00-04:00",8.5600004196167,8.600000381469727,8.250300407409668,8.250300407409668,8.250300407409668,20493
"CYTH","Cyclo Therapeutics, Inc. - Common Stock","2021-06-02 11:30:00-04:00",8.274399757385254,8.5,8.274399757385254,8.385000228881836,8.385000228881836,13128
"CYTH","Cyclo Therapeutics, Inc. - Common Stock","2021-06-02 12:30:00-04:00",8.385000228881836,8.40999984741211,8.15999984741211,8.263099670410156,8.263099670410156,13885
"CYTH","Cyclo Therapeutics, Inc. - Common Stock","2021-06-02 13:30:00-04:00",8.26990032196045,8.26990032196045,8.079999923706055,8.079999923706055,8.079999923706055,8397
"CYTH","Cyclo Therapeutics, Inc. - Common Stock","2021-06-02 14:30:00-04:00",8.100000381469727,8.350000381469727,8.079999923706055,8.239999771118164,8.239999771118164,14633
"CYTH","Cyclo Therapeutics, Inc. - Common Stock","2021-06-02 15:30:00-04:00",8.244999885559082,8.270000457763672,8.199999809265137,8.210000038146973,8.210000038146973,4370
"CYTH","Cyclo Therapeutics, Inc. - Common Stock","2021-06-02 16:00:00-04:00",8.27,8.57,8.08,8.08,8.08,0
"CYTH","Cyclo Therapeutics, Inc. - Common Stock","2021-06-02 17:00:00-04:00",8.05,8.27,8.05,8.23,8.23,0
"CYTH","Cyclo Therapeutics, Inc. - Common Stock","2021-06-02 18:00:00-04:00",8.2,8.3,8.2,8.3,8.3,0
"CYTH","Cyclo Therapeutics, Inc. - Common Stock","2021-06-02 19:00:00-04:00",8.2,8.2,8.2,8.2,8.2,0
"CYTH","Cyclo Therapeutics, Inc. - Common Stock","2021-06-03 04:00:00-04:00",8.24,8.24,7.99,7.99,7.99,0
"CYTH","Cyclo Therapeutics, Inc. - Common Stock","2021-06-03 05:00:00-04:00",7.64,8.22,7.64,8.22,8.22,0
"CYTH","Cyclo Therapeutics, Inc. - Common Stock","2021-06-03 06:00:00-04:00",7.95,7.95,7.95,7.95,7.95,0
"CYTH","Cyclo Therapeutics, Inc. - Common Stock","2021-06-03 07:00:00-04:00",7.95,8.2,7.95,8.2,8.2,0
"CYTH","Cyclo Therapeutics, Inc. - Common Stock","2021-06-03 08:00:00-04:00",8.04,8.0752,7.95,7.95,7.95,0
"CYTH","Cyclo Therapeutics, Inc. - Common Stock","2021-06-03 09:00:00-04:00",8.07,8.07,8.07,8.07,8.07,0
"CYTH","Cyclo Therapeutics, Inc. - Common Stock","2021-06-03 09:30:00-04:00",8.100000381469727,8.100000381469727,7.870999813079834,7.989999771118164,7.989999771118164,45979
"CYTH","Cyclo Therapeutics, Inc. - Common Stock","2021-06-03 10:30:00-04:00",7.960000038146973,8.100000381469727,7.960000038146973,7.989999771118164,7.989999771118164,7951
"CYTH","Cyclo Therapeutics, Inc. - Common Stock","2021-06-03 11:30:00-04:00",8.010000228881836,8.079999923706055,7.980000019073486,8.029999732971191,8.029999732971191,10778
"CYTH","Cyclo Therapeutics, Inc. - Common Stock","2021-06-03 12:30:00-04:00",8.039999961853027,8.147600173950195,8.039999961853027,8.140000343322754,8.140000343322754,6278
"CYTH","Cyclo Therapeutics, Inc. - Common Stock","2021-06-03 13:30:00-04:00",8.039999961853027,8.130000114440918,8.0,8.069999694824219,8.069999694824219,12809
"CYTH","Cyclo Therapeutics, Inc. - Common Stock","2021-06-03 14:30:00-04:00",8.03499984741211,8.220000267028809,8.020000457763672,8.130000114440918,8.130000114440918,9034
"CYTH","Cyclo Therapeutics, Inc. - Common Stock","2021-06-03 15:30:00-04:00",8.130000114440918,8.20989990234375,8.079999923706055,8.119999885559082,8.119999885559082,8370
"CYTH","Cyclo Therapeutics, Inc. - Common Stock","2021-06-03 16:00:00-04:00",8.12,8.15,8.12,8.15,8.15,0
"CYTH","Cyclo Therapeutics, Inc. - Common Stock","2021-06-03 18:00:00-04:00",8.14,8.43,8.14,8.43,8.43,0
"CYTH","Cyclo Therapeutics, Inc. - Common Stock","2021-06-04 05:00:00-04:00",8.59,8.59,8.59,8.59,8.59,0
"CYTH","Cyclo Therapeutics, Inc. - Common Stock","2021-06-04 06:00:00-04:00",8.5,8.6,7.97,8.5,8.5,0
"CYTH","Cyclo Therapeutics, Inc. - Common Stock","2021-06-04 09:00:00-04:00",7.99,8.48,7.97,8.43,8.43,0
"CYTH","Cyclo Therapeutics, Inc. - Common Stock","2021-06-04 09:30:00-04:00",8.279999732971191,8.279999732971191,7.989999771118164,8.093700408935547,8.093700408935547,20870
"CYTH","Cyclo Therapeutics, Inc. - Common Stock","2021-06-04 10:30:00-04:00",8.149999618530273,8.260000228881836,8.100099563598633,8.1899995803833,8.1899995803833,13112
"CYTH","Cyclo Therapeutics, Inc. - Common Stock","2021-06-04 11:30:00-04:00",8.229999542236328,8.420000076293945,8.115900039672852,8.23009967803955,8.23009967803955,34831
"CYTH","Cyclo Therapeutics, Inc. - Common Stock","2021-06-04 12:30:00-04:00",8.23169994354248,8.399999618530273,8.23169994354248,8.335000038146973,8.335000038146973,2414
"CYTH","Cyclo Therapeutics, Inc. - Common Stock","2021-06-04 13:30:00-04:00",8.335000038146973,8.484999656677246,8.289999961853027,8.406599998474121,8.406599998474121,12452
"CYTH","Cyclo Therapeutics, Inc. - Common Stock","2021-06-04 14:30:00-04:00",8.410300254821777,8.539999961853027,8.410300254821777,8.419099807739258,8.419099807739258,14049
"CYTH","Cyclo Therapeutics, Inc. - Common Stock","2021-06-04 15:30:00-04:00",8.454999923706055,8.479999542236328,8.413800239562988,8.479999542236328,8.479999542236328,4536
"CYTH","Cyclo Therapeutics, Inc. - Common Stock","2021-06-04 16:00:00-04:00",8.48,8.53,8.48,8.48,8.48,0
"CYTH","Cyclo Therapeutics, Inc. - Common Stock","2021-06-04 17:00:00-04:00",8.45,8.45,8.45,8.45,8.45,0
"CYTH","Cyclo Therapeutics, Inc. - Common Stock","2021-06-04 19:00:00-04:00",8.23,8.23,8.23,8.23,8.23,0
"CYTH","Cyclo Therapeutics, Inc. - Common Stock","2021-06-07 05:00:00-04:00",8.48,8.48,8.48,8.48,8.48,0
"CYTH","Cyclo Therapeutics, Inc. - Common Stock","2021-06-07 08:00:00-04:00",8.37,8.37,8.1,8.36,8.36,0
"CYTH","Cyclo Therapeutics, Inc. - Common Stock","2021-06-07 09:00:00-04:00",8.36,8.4,8.03,8.4,8.4,0
"CYTH","Cyclo Therapeutics, Inc. - Common Stock","2021-06-07 09:30:00-04:00",8.4399995803833,8.449999809265137,8.130000114440918,8.260100364685059,8.260100364685059,34813
"CYTH","Cyclo Therapeutics, Inc. - Common Stock","2021-06-07 10:30:00-04:00",8.260100364685059,9.4399995803833,8.199999809265137,9.052800178527832,9.052800178527832,227328
"CYTH","Cyclo Therapeutics, Inc. - Common Stock","2021-06-07 11:30:00-04:00",9.050000190734863,9.109999656677246,8.890000343322754,9.038599967956545,9.038599967956545,62032
"CYTH","Cyclo Therapeutics, Inc. - Common Stock","2021-06-07 12:30:00-04:00",9.005000114440918,9.01039981842041,8.510000228881836,8.769000053405762,8.769000053405762,93184
"CYTH","Cyclo Therapeutics, Inc. - Common Stock","2021-06-07 13:30:00-04:00",8.760000228881836,8.939900398254395,8.65999984741211,8.782400131225586,8.782400131225586,90584
"CYTH","Cyclo Therapeutics, Inc. - Common Stock","2021-06-07 14:30:00-04:00",8.829999923706055,8.829999923706055,8.670100212097168,8.710000038146973,8.710000038146973,29877
"CYTH","Cyclo Therapeutics, Inc. - Common Stock","2021-06-07 15:30:00-04:00",8.720600128173828,8.800000190734863,8.710000038146973,8.710000038146973,8.710000038146973,19843
"CYTH","Cyclo Therapeutics, Inc. - Common Stock","2021-06-07 16:00:00-04:00",8.77,8.77,8.66,8.75,8.75,0
"CYTH","Cyclo Therapeutics, Inc. - Common Stock","2021-06-07 17:00:00-04:00",8.8,9.05,8.8,9.05,9.05,0
"CYTH","Cyclo Therapeutics, Inc. - Common Stock","2021-06-07 19:00:00-04:00",8.95,8.95,8.95,8.95,8.95,0
"CYTH","Cyclo Therapeutics, Inc. - Common Stock","2021-06-08 05:00:00-04:00",9.03,9.03,9.03,9.03,9.03,0
"CYTH","Cyclo Therapeutics, Inc. - Common Stock","2021-06-08 06:00:00-04:00",8.95,8.95,8.9,8.9,8.9,0
"CYTH","Cyclo Therapeutics, Inc. - Common Stock","2021-06-08 07:00:00-04:00",8.9,8.9,8.85,8.9,8.9,0
"CYTH","Cyclo Therapeutics, Inc. - Common Stock","2021-06-08 08:00:00-04:00",8.9,9.3,8.9,8.9,8.9,0
"CYTH","Cyclo Therapeutics, Inc. - Common Stock","2021-06-08 09:00:00-04:00",9.0,9.07,9.0,9.0,9.0,0
"CYTH","Cyclo Therapeutics, Inc. - Common Stock","2021-06-08 09:30:00-04:00",9.020000457763672,9.110699653625488,8.75,8.920000076293945,8.920000076293945,41714
"CYTH","Cyclo Therapeutics, Inc. - Common Stock","2021-06-08 10:30:00-04:00",8.880000114440918,8.9399995803833,8.579999923706055,8.579999923706055,8.579999923706055,28689
"CYTH","Cyclo Therapeutics, Inc. - Common Stock","2021-06-08 11:30:00-04:00",8.600000381469727,8.628999710083008,8.399999618530273,8.510000228881836,8.510000228881836,19160
"CYTH","Cyclo Therapeutics, Inc. - Common Stock","2021-06-08 12:30:00-04:00",8.510000228881836,8.858200073242188,8.510000228881836,8.770000457763672,8.770000457763672,15352
"CYTH","Cyclo Therapeutics, Inc. - Common Stock","2021-06-08 13:30:00-04:00",8.75,8.9399995803833,8.75,8.930000305175781,8.930000305175781,6428
"CYTH","Cyclo Therapeutics, Inc. - Common Stock","2021-06-08 14:30:00-04:00",8.819999694824219,8.920000076293945,8.6899995803833,8.920000076293945,8.920000076293945,9388
"CYTH","Cyclo Therapeutics, Inc. - Common Stock","2021-06-08 15:30:00-04:00",8.909899711608887,8.949999809265137,8.850000381469727,8.930000305175781,8.930000305175781,7671
"CYTH","Cyclo Therapeutics, Inc. - Common Stock","2021-06-08 16:00:00-04:00",8.93,8.93,8.85,8.85,8.85,0
"CYTH","Cyclo Therapeutics, Inc. - Common Stock","2021-06-08 17:00:00-04:00",8.85,8.95,8.85,8.85,8.85,0
"CYTH","Cyclo Therapeutics, Inc. - Common Stock","2021-06-08 18:00:00-04:00",8.85,8.85,8.85,8.85,8.85,0
"CYTH","Cyclo Therapeutics, Inc. - Common Stock","2021-06-09 05:00:00-04:00",9.19,9.19,9.19,9.19,9.19,0
"CYTH","Cyclo Therapeutics, Inc. - Common Stock","2021-06-09 06:00:00-04:00",9.19,9.19,9.19,9.19,9.19,0
"CYTH","Cyclo Therapeutics, Inc. - Common Stock","2021-06-09 08:00:00-04:00",8.85,8.93,8.85,8.93,8.93,0
"CYTH","Cyclo Therapeutics, Inc. - Common Stock","2021-06-09 09:00:00-04:00",8.6117,8.6253,8.6117,8.6253,8.6253,0
"CYTH","Cyclo Therapeutics, Inc. - Common Stock","2021-06-09 09:30:00-04:00",9.0600004196167,9.0600004196167,8.770000457763672,8.925000190734863,8.925000190734863,20551
"CYTH","Cyclo Therapeutics, Inc. - Common Stock","2021-06-09 10:30:00-04:00",8.84000015258789,8.920000076293945,8.820099830627441,8.920000076293945,8.920000076293945,1644
"CYTH","Cyclo Therapeutics, Inc. - Common Stock","2021-06-09 11:30:00-04:00",8.899999618530273,9.100000381469728,8.899999618530273,9.09000015258789,9.09000015258789,12416
"CYTH","Cyclo Therapeutics, Inc. - Common Stock","2021-06-09 12:30:00-04:00",9.115799903869627,9.385000228881836,9.115799903869627,9.199999809265137,9.199999809265137,34474
"CYTH","Cyclo Therapeutics, Inc. - Common Stock","2021-06-09 13:30:00-04:00",9.199899673461914,9.199899673461914,9.100099563598633,9.100099563598633,9.100099563598633,7546
"CYTH","Cyclo Therapeutics, Inc. - Common Stock","2021-06-09 14:30:00-04:00",9.100000381469728,9.100000381469728,8.954999923706055,8.989999771118164,8.989999771118164,13943
"CYTH","Cyclo Therapeutics, Inc. - Common Stock","2021-06-09 15:30:00-04:00",8.948200225830078,9.0600004196167,8.948200225830078,9.010000228881836,9.010000228881836,10122
"CYTH","Cyclo Therapeutics, Inc. - Common Stock","2021-06-09 16:00:00-04:00",9.05,9.05,9.05,9.05,9.05,0
"CYTH","Cyclo Therapeutics, Inc. - Common Stock","2021-06-09 19:00:00-04:00",8.75,9.0,8.75,9.0,9.0,0
"CYTH","Cyclo Therapeutics, Inc. - Common Stock","2021-06-10 04:00:00-04:00",9.05,9.05,9.05,9.05,9.05,0
"CYTH","Cyclo Therapeutics, Inc. - Common Stock","2021-06-10 07:00:00-04:00",9.05,9.05,9.05,9.05,9.05,0
"CYTH","Cyclo Therapeutics, Inc. - Common Stock","2021-06-10 08:00:00-04:00",9.05,9.05,8.95,8.95,8.95,0
"CYTH","Cyclo Therapeutics, Inc. - Common Stock","2021-06-10 09:30:00-04:00",8.920000076293945,9.210000038146973,8.899999618530273,9.140000343322754,9.140000343322754,12763
"CYTH","Cyclo Therapeutics, Inc. - Common Stock","2021-06-10 10:30:00-04:00",9.149999618530272,9.199999809265137,9.016799926757812,9.09000015258789,9.09000015258789,17696
"CYTH","Cyclo Therapeutics, Inc. - Common Stock","2021-06-10 11:30:00-04:00",9.050000190734863,9.330300331115724,9.050000190734863,9.270000457763672,9.270000457763672,25091
"CYTH","Cyclo Therapeutics, Inc. - Common Stock","2021-06-10 12:30:00-04:00",9.249099731445312,9.43000030517578,9.210100173950195,9.399999618530272,9.399999618530272,26883
"CYTH","Cyclo Therapeutics, Inc. - Common Stock","2021-06-10 13:30:00-04:00",9.36769962310791,10.029999732971191,9.36769962310791,9.969400405883787,9.969400405883787,219071
"CYTH","Cyclo Therapeutics, Inc. - Common Stock","2021-06-10 14:30:00-04:00",10.0,13.0,9.840999603271484,10.265999794006348,10.265999794006348,4153319
"CYTH","Cyclo Therapeutics, Inc. - Common Stock","2021-06-10 15:30:00-04:00",10.270000457763672,10.48989963531494,10.010000228881836,10.09000015258789,10.09000015258789,341059
"CYTH","Cyclo Therapeutics, Inc. - Common Stock","2021-06-10 16:00:00-04:00",10.11,10.65,9.76,10.15,10.15,0
"CYTH","Cyclo Therapeutics, Inc. - Common Stock","2021-06-10 17:00:00-04:00",10.15,10.43,10.01,10.382,10.382,0
"CYTH","Cyclo Therapeutics, Inc. - Common Stock","2021-06-10 18:00:00-04:00",10.36,10.36,10.04,10.06,10.06,0
"CYTH","Cyclo Therapeutics, Inc. - Common Stock","2021-06-10 19:00:00-04:00",10.03,10.11,10.0,10.0,10.0,0
"CYTH","Cyclo Therapeutics, Inc. - Common Stock","2021-06-11 04:00:00-04:00",10.0,10.11,10.0,10.0,10.0,0
"CYTH","Cyclo Therapeutics, Inc. - Common Stock","2021-06-11 05:00:00-04:00",10.11,10.11,9.23,9.99,9.99,0
"CYTH","Cyclo Therapeutics, Inc. - Common Stock","2021-06-11 06:00:00-04:00",9.54,9.59,9.54,9.59,9.59,0
"CYTH","Cyclo Therapeutics, Inc. - Common Stock","2021-06-11 07:00:00-04:00",9.95,9.98,9.58,9.86,9.86,0
"CYTH","Cyclo Therapeutics, Inc. - Common Stock","2021-06-11 08:00:00-04:00",9.86,10.11,9.58,9.78,9.78,0
"CYTH","Cyclo Therapeutics, Inc. - Common Stock","2021-06-11 09:00:00-04:00",9.7801,10.39,9.78,10.13,10.13,0
"CYTH","Cyclo Therapeutics, Inc. - Common Stock","2021-06-11 09:30:00-04:00",10.100000381469728,10.60990047454834,10.0,10.350799560546877,10.350799560546877,184730
"CYTH","Cyclo Therapeutics, Inc. - Common Stock","2021-06-11 10:30:00-04:00",10.380000114440918,11.050000190734863,10.25,10.989999771118164,10.989999771118164,140111
"CYTH","Cyclo Therapeutics, Inc. - Common Stock","2021-06-11 11:30:00-04:00",10.982600212097168,10.989999771118164,10.239999771118164,10.65999984741211,10.65999984741211,137856
"CYTH","Cyclo Therapeutics, Inc. - Common Stock","2021-06-11 12:30:00-04:00",10.65999984741211,10.75,10.489999771118164,10.510000228881836,10.510000228881836,76451
"CYTH","Cyclo Therapeutics, Inc. - Common Stock","2021-06-11 13:30:00-04:00",10.550000190734863,10.600000381469728,10.369999885559082,10.59000015258789,10.59000015258789,59082
"CYTH","Cyclo Therapeutics, Inc. - Common Stock","2021-06-11 14:30:00-04:00",10.5600004196167,10.779999732971191,10.5,10.661999702453612,10.661999702453612,76006
"CYTH","Cyclo Therapeutics, Inc. - Common Stock","2021-06-11 15:30:00-04:00",10.68000030517578,10.800000190734863,10.5600004196167,10.779999732971191,10.779999732971191,55690
"CYTH","Cyclo Therapeutics, Inc. - Common Stock","2021-06-11 16:00:00-04:00",10.78,10.79,10.5,10.78,10.78,0
"CYTH","Cyclo Therapeutics, Inc. - Common Stock","2021-06-11 17:00:00-04:00",10.75,10.8317,10.5,10.78,10.78,0
"CYTH","Cyclo Therapeutics, Inc. - Common Stock","2021-06-11 18:00:00-04:00",10.78,10.78,10.78,10.78,10.78,0
"CYTH","Cyclo Therapeutics, Inc. - Common Stock","2021-06-11 19:00:00-04:00",10.8,10.8,10.78,10.78,10.78,0
"CYTH","Cyclo Therapeutics, Inc. - Common Stock","2021-06-14 04:00:00-04:00",10.78,10.78,10.77,10.77,10.77,0
"CYTH","Cyclo Therapeutics, Inc. - Common Stock","2021-06-14 06:00:00-04:00",10.16,10.73,10.08,10.11,10.11,0
"CYTH","Cyclo Therapeutics, Inc. - Common Stock","2021-06-14 07:00:00-04:00",10.76,10.84,10.28,10.28,10.28,0
"CYTH","Cyclo Therapeutics, Inc. - Common Stock","2021-06-14 08:00:00-04:00",10.28,10.99,10.28,10.99,10.99,0
"CYTH","Cyclo Therapeutics, Inc. - Common Stock","2021-06-14 09:00:00-04:00",10.75,11.3,10.75,11.23,11.23,0
"CYTH","Cyclo Therapeutics, Inc. - Common Stock","2021-06-14 09:30:00-04:00",11.100000381469728,11.377400398254396,10.800000190734863,10.97089958190918,10.97089958190918,143706
"CYTH","Cyclo Therapeutics, Inc. - Common Stock","2021-06-14 10:30:00-04:00",10.94499969482422,10.979999542236328,10.420000076293944,10.494999885559082,10.494999885559082,63041
"CYTH","Cyclo Therapeutics, Inc. - Common Stock","2021-06-14 11:30:00-04:00",10.449199676513672,10.550000190734863,10.18000030517578,10.300000190734863,10.300000190734863,73931
"CYTH","Cyclo Therapeutics, Inc. - Common Stock","2021-06-14 12:30:00-04:00",10.31779956817627,10.579999923706056,10.270000457763672,10.470000267028809,10.470000267028809,21977
"CYTH","Cyclo Therapeutics, Inc. - Common Stock","2021-06-14 13:30:00-04:00",10.489999771118164,10.56999969482422,10.285699844360352,10.31999969482422,10.31999969482422,16777
"CYTH","Cyclo Therapeutics, Inc. - Common Stock","2021-06-14 14:30:00-04:00",10.31999969482422,10.539999961853027,10.300100326538086,10.520000457763672,10.520000457763672,16900
"CYTH","Cyclo Therapeutics, Inc. - Common Stock","2021-06-14 15:30:00-04:00",10.484999656677246,10.800000190734863,10.449999809265137,10.739999771118164,10.739999771118164,43301
"CYTH","Cyclo Therapeutics, Inc. - Common Stock","2021-06-14 16:00:00-04:00",10.81,10.81,10.35,10.36,10.36,0
"CYTH","Cyclo Therapeutics, Inc. - Common Stock","2021-06-14 17:00:00-04:00",10.65,10.65,10.65,10.65,10.65,0
"CYTH","Cyclo Therapeutics, Inc. - Common Stock","2021-06-14 18:00:00-04:00",10.9,10.9,10.85,10.9,10.9,0
"CYTH","Cyclo Therapeutics, Inc. - Common Stock","2021-06-14 19:00:00-04:00",11.19,11.19,10.9,10.9,10.9,0
"CYTH","Cyclo Therapeutics, Inc. - Common Stock","2021-06-15 05:00:00-04:00",10.5,10.5,10.5,10.5,10.5,0
"CYTH","Cyclo Therapeutics, Inc. - Common Stock","2021-06-15 06:00:00-04:00",10.89,10.89,10.81,10.81,10.81,0
"CYTH","Cyclo Therapeutics, Inc. - Common Stock","2021-06-15 07:00:00-04:00",10.52,10.9,10.52,10.9,10.9,0
"CYTH","Cyclo Therapeutics, Inc. - Common Stock","2021-06-15 08:00:00-04:00",10.95,11.49,10.9,11.4,11.4,0
"CYTH","Cyclo Therapeutics, Inc. - Common Stock","2021-06-15 09:00:00-04:00",11.32,11.32,10.9,11.0,11.0,0
"CYTH","Cyclo Therapeutics, Inc. - Common Stock","2021-06-15 09:30:00-04:00",10.720000267028809,10.779999732971191,10.100000381469728,10.21840000152588,10.21840000152588,76087
"CYTH","Cyclo Therapeutics, Inc. - Common Stock","2021-06-15 10:30:00-04:00",10.199999809265137,10.399999618530272,10.079999923706056,10.399999618530272,10.399999618530272,13903
"CYTH","Cyclo Therapeutics, Inc. - Common Stock","2021-06-15 11:30:00-04:00",10.300000190734863,10.399999618530272,10.109999656677246,10.369000434875488,10.369000434875488,32237
"CYTH","Cyclo Therapeutics, Inc. - Common Stock","2021-06-15 12:30:00-04:00",10.279999732971191,10.59000015258789,10.279999732971191,10.4399995803833,10.4399995803833,6844
"CYTH","Cyclo Therapeutics, Inc. - Common Stock","2021-06-15 13:30:00-04:00",10.354999542236328,10.449999809265137,10.279999732971191,10.39900016784668,10.39900016784668,16023
"CYTH","Cyclo Therapeutics, Inc. - Common Stock","2021-06-15 14:30:00-04:00",10.35099983215332,10.390000343322754,10.25,10.251399993896484,10.251399993896484,14494
"CYTH","Cyclo Therapeutics, Inc. - Common Stock","2021-06-15 15:30:00-04:00",10.260000228881836,10.282299995422363,10.109999656677246,10.239999771118164,10.239999771118164,13816
"CYTH","Cyclo Therapeutics, Inc. - Common Stock","2021-06-15 16:00:00-04:00",10.25,10.59,10.25,10.26,10.26,0
"CYTH","Cyclo Therapeutics, Inc. - Common Stock","2021-06-15 17:00:00-04:00",10.6,10.6,10.27,10.27,10.27,0
"CYTH","Cyclo Therapeutics, Inc. - Common Stock","2021-06-15 19:00:00-04:00",10.18,10.53,10.15,10.15,10.15,0
"CYTH","Cyclo Therapeutics, Inc. - Common Stock","2021-06-16 04:00:00-04:00",10.14,10.14,10.14,10.14,10.14,0
"CYTH","Cyclo Therapeutics, Inc. - Common Stock","2021-06-16 06:00:00-04:00",10.6,10.6,10.0,10.14,10.14,0
"CYTH","Cyclo Therapeutics, Inc. - Common Stock","2021-06-16 07:00:00-04:00",10.09,10.24,10.09,10.24,10.24,0
"CYTH","Cyclo Therapeutics, Inc. - Common Stock","2021-06-16 09:00:00-04:00",10.17,10.2,10.0,10.05,10.05,0
"CYTH","Cyclo Therapeutics, Inc. - Common Stock","2021-06-16 09:30:00-04:00",10.050000190734863,10.397899627685549,10.0,10.220000267028809,10.220000267028809,23199
"CYTH","Cyclo Therapeutics, Inc. - Common Stock","2021-06-16 10:30:00-04:00",10.420000076293944,10.420000076293944,10.199999809265137,10.364999771118164,10.364999771118164,20973
"CYTH","Cyclo Therapeutics, Inc. - Common Stock","2021-06-16 11:30:00-04:00",10.390000343322754,10.449999809265137,10.130000114440918,10.420000076293944,10.420000076293944,22055
"CYTH","Cyclo Therapeutics, Inc. - Common Stock","2021-06-16 12:30:00-04:00",10.170000076293944,10.850000381469728,10.130000114440918,10.329999923706056,10.329999923706056,221418
"CYTH","Cyclo Therapeutics, Inc. - Common Stock","2021-06-16 13:30:00-04:00",10.289999961853027,10.34000015258789,10.050000190734863,10.279999732971191,10.279999732971191,22866
"CYTH","Cyclo Therapeutics, Inc. - Common Stock","2021-06-16 14:30:00-04:00",10.109999656677246,10.22410011291504,10.010000228881836,10.100000381469728,10.100000381469728,38955
"CYTH","Cyclo Therapeutics, Inc. - Common Stock","2021-06-16 15:30:00-04:00",10.127300262451172,10.260000228881836,10.095000267028809,10.15999984741211,10.15999984741211,25461
"CYTH","Cyclo Therapeutics, Inc. - Common Stock","2021-06-16 16:00:00-04:00",10.2,10.29,10.0,10.0,10.0,0
"CYTH","Cyclo Therapeutics, Inc. - Common Stock","2021-06-16 17:00:00-04:00",10.28,10.5,10.28,10.38,10.38,0
"CYTH","Cyclo Therapeutics, Inc. - Common Stock","2021-06-16 18:00:00-04:00",10.21,10.21,10.16,10.16,10.16,0
"CYTH","Cyclo Therapeutics, Inc. - Common Stock","2021-06-16 19:00:00-04:00",10.2,10.38,10.2,10.2,10.2,0
"CYTH","Cyclo Therapeutics, Inc. - Common Stock","2021-06-17 07:00:00-04:00",10.2,10.2,10.2,10.2,10.2,0
"CYTH","Cyclo Therapeutics, Inc. - Common Stock","2021-06-17 08:00:00-04:00",10.2,11.25,10.2,11.1,11.1,0
"CYTH","Cyclo Therapeutics, Inc. - Common Stock","2021-06-17 09:00:00-04:00",11.0,11.0,10.2,10.41,10.41,0
"CYTH","Cyclo Therapeutics, Inc. - Common Stock","2021-06-17 09:30:00-04:00",10.600000381469728,11.100000381469728,10.479999542236328,10.800000190734863,10.800000190734863,128236
"CYTH","Cyclo Therapeutics, Inc. - Common Stock","2021-06-17 10:30:00-04:00",10.75,10.800000190734863,10.3100004196167,10.449999809265137,10.449999809265137,53352
"CYTH","Cyclo Therapeutics, Inc. - Common Stock","2021-06-17 11:30:00-04:00",10.449999809265137,10.75,10.359999656677246,10.369999885559082,10.369999885559082,22848
"CYTH","Cyclo Therapeutics, Inc. - Common Stock","2021-06-17 12:30:00-04:00",10.35890007019043,10.472100257873535,10.25,10.46660041809082,10.46660041809082,11259
"CYTH","Cyclo Therapeutics, Inc. - Common Stock","2021-06-17 13:30:00-04:00",10.43000030517578,10.449999809265137,10.329999923706056,10.329999923706056,10.329999923706056,6860
"CYTH","Cyclo Therapeutics, Inc. - Common Stock","2021-06-17 14:30:00-04:00",10.369999885559082,10.623700141906738,10.3100004196167,10.48989963531494,10.48989963531494,33940
"CYTH","Cyclo Therapeutics, Inc. - Common Stock","2021-06-17 15:30:00-04:00",10.489999771118164,10.566200256347656,10.380000114440918,10.479999542236328,10.479999542236328,51207
"CYTH","Cyclo Therapeutics, Inc. - Common Stock","2021-06-17 16:00:00-04:00",10.56,10.6,10.15,10.32,10.32,0
"CYTH","Cyclo Therapeutics, Inc. - Common Stock","2021-06-17 17:00:00-04:00",10.16,10.51,10.16,10.51,10.51,0
"CYTH","Cyclo Therapeutics, Inc. - Common Stock","2021-06-17 18:00:00-04:00",10.4,10.65,10.4,10.65,10.65,0
"CYTH","Cyclo Therapeutics, Inc. - Common Stock","2021-06-17 19:00:00-04:00",10.65,10.65,10.65,10.65,10.65,0
"CYTH","Cyclo Therapeutics, Inc. - Common Stock","2021-06-18 05:00:00-04:00",10.56,10.56,10.56,10.56,10.56,0
"CYTH","Cyclo Therapeutics, Inc. - Common Stock","2021-06-18 08:00:00-04:00",10.95,11.3,10.8,11.12,11.12,0
"CYTH","Cyclo Therapeutics, Inc. - Common Stock","2021-06-18 09:00:00-04:00",11.1,11.2,10.995,11.0999,11.0999,0
"CYTH","Cyclo Therapeutics, Inc. - Common Stock","2021-06-18 09:30:00-04:00",10.600000381469728,11.489999771118164,10.600000381469728,10.800000190734863,10.800000190734863,257220
"CYTH","Cyclo Therapeutics, Inc. - Common Stock","2021-06-18 10:30:00-04:00",10.800000190734863,11.0,10.779999732971191,10.90999984741211,10.90999984741211,38063
"CYTH","Cyclo Therapeutics, Inc. - Common Stock","2021-06-18 11:30:00-04:00",10.90999984741211,11.09000015258789,10.800000190734863,10.84000015258789,10.84000015258789,53893
"CYTH","Cyclo Therapeutics, Inc. - Common Stock","2021-06-18 12:30:00-04:00",10.800000190734863,11.0,10.71969985961914,10.778800010681152,10.778800010681152,93549
"CYTH","Cyclo Therapeutics, Inc. - Common Stock","2021-06-18 13:30:00-04:00",10.76010036468506,10.864999771118164,10.600000381469728,10.69379997253418,10.69379997253418,23621
"CYTH","Cyclo Therapeutics, Inc. - Common Stock","2021-06-18 14:30:00-04:00",10.726300239562988,10.812299728393556,10.68000030517578,10.812299728393556,10.812299728393556,17744
"CYTH","Cyclo Therapeutics, Inc. - Common Stock","2021-06-18 15:30:00-04:00",10.810400009155272,10.999899864196776,10.729999542236328,10.829999923706056,10.829999923706056,14948
"CYTH","Cyclo Therapeutics, Inc. - Common Stock","2021-06-18 16:00:00-04:00",10.759,11.1,10.5,10.5,10.5,0
"CYTH","Cyclo Therapeutics, Inc. - Common Stock","2021-06-18 17:00:00-04:00",10.8,10.8,10.5,10.5,10.5,0
"CYTH","Cyclo Therapeutics, Inc. - Common Stock","2021-06-18 18:00:00-04:00",10.95,10.95,10.95,10.95,10.95,0
"CYTH","Cyclo Therapeutics, Inc. - Common Stock","2021-06-21 07:00:00-04:00",10.52,10.52,10.52,10.52,10.52,0
"CYTH","Cyclo Therapeutics, Inc. - Common Stock","2021-06-21 08:00:00-04:00",10.55,10.55,10.19,10.19,10.19,0
"CYTH","Cyclo Therapeutics, Inc. - Common Stock","2021-06-21 09:00:00-04:00",10.31,11.04,10.3,10.3,10.3,0
"CYTH","Cyclo Therapeutics, Inc. - Common Stock","2021-06-21 09:30:00-04:00",10.538100242614746,10.899900436401367,10.375,10.388400077819824,10.388400077819824,55447
"CYTH","Cyclo Therapeutics, Inc. - Common Stock","2021-06-21 10:30:00-04:00",10.313400268554688,10.470000267028809,10.149999618530272,10.25,10.25,38726
"CYTH","Cyclo Therapeutics, Inc. - Common Stock","2021-06-21 11:30:00-04:00",10.225000381469728,10.225000381469728,10.0,10.039999961853027,10.039999961853027,56115
"CYTH","Cyclo Therapeutics, Inc. - Common Stock","2021-06-21 12:30:00-04:00",10.079999923706056,10.279999732971191,10.079999923706056,10.220000267028809,10.220000267028809,11813
"CYTH","Cyclo Therapeutics, Inc. - Common Stock","2021-06-21 13:30:00-04:00",10.220000267028809,10.366700172424316,10.1899995803833,10.244999885559082,10.244999885559082,17867
"CYTH","Cyclo Therapeutics, Inc. - Common Stock","2021-06-21 14:30:00-04:00",10.239999771118164,10.34000015258789,10.101499557495115,10.199999809265137,10.199999809265137,16043
"CYTH","Cyclo Therapeutics, Inc. - Common Stock","2021-06-21 15:30:00-04:00",10.199999809265137,10.244999885559082,10.09000015258789,10.130000114440918,10.130000114440918,20936
"CYTH","Cyclo Therapeutics, Inc. - Common Stock","2021-06-21 16:00:00-04:00",10.25,10.25,10.25,10.25,10.25,0
"CYTH","Cyclo Therapeutics, Inc. - Common Stock","2021-06-21 17:00:00-04:00",10.06,10.07,10.06,10.07,10.07,0
"CYTH","Cyclo Therapeutics, Inc. - Common Stock","2021-06-21 18:00:00-04:00",10.25,10.25,10.25,10.25,10.25,0
"CYTH","Cyclo Therapeutics, Inc. - Common Stock","2021-06-21 19:00:00-04:00",10.25,10.25,10.25,10.25,10.25,0
"CYTH","Cyclo Therapeutics, Inc. - Common Stock","2021-06-22 04:00:00-04:00",10.25,10.25,10.25,10.25,10.25,0
"CYTH","Cyclo Therapeutics, Inc. - Common Stock","2021-06-22 05:00:00-04:00",9.8,9.8,9.8,9.8,9.8,0
"CYTH","Cyclo Therapeutics, Inc. - Common Stock","2021-06-22 06:00:00-04:00",9.8,10.0,9.7,10.0,10.0,0
"CYTH","Cyclo Therapeutics, Inc. - Common Stock","2021-06-22 07:00:00-04:00",9.5,10.1,9.15,9.56,9.56,0
"CYTH","Cyclo Therapeutics, Inc. - Common Stock","2021-06-22 08:00:00-04:00",9.62,9.8,9.61,9.79,9.79,0
"CYTH","Cyclo Therapeutics, Inc. - Common Stock","2021-06-22 09:00:00-04:00",9.78,10.0,9.78,9.9,9.9,0
"CYTH","Cyclo Therapeutics, Inc. - Common Stock","2021-06-22 09:30:00-04:00",10.210000038146973,10.210000038146973,10.0,10.020000457763672,10.020000457763672,85646
"CYTH","Cyclo Therapeutics, Inc. - Common Stock","2021-06-22 10:30:00-04:00",10.063400268554688,10.063400268554688,9.649999618530272,9.819499969482422,9.819499969482422,89683
"CYTH","Cyclo Therapeutics, Inc. - Common Stock","2021-06-22 11:30:00-04:00",9.800000190734863,9.81999969482422,9.69760036468506,9.79300022125244,9.79300022125244,26830
"CYTH","Cyclo Therapeutics, Inc. - Common Stock","2021-06-22 12:30:00-04:00",9.754599571228027,9.81060028076172,9.70009994506836,9.770000457763672,9.770000457763672,11076
"CYTH","Cyclo Therapeutics, Inc. - Common Stock","2021-06-22 13:30:00-04:00",9.800000190734863,9.81999969482422,9.640000343322754,9.65999984741211,9.65999984741211,35547
"CYTH","Cyclo Therapeutics, Inc. - Common Stock","2021-06-22 14:30:00-04:00",9.729999542236328,9.739999771118164,9.5600004196167,9.699999809265137,9.699999809265137,17966
"CYTH","Cyclo Therapeutics, Inc. - Common Stock","2021-06-22 15:30:00-04:00",9.725000381469728,9.859999656677246,9.699999809265137,9.859999656677246,9.859999656677246,28258
"CYTH","Cyclo Therapeutics, Inc. - Common Stock","2021-06-22 16:00:00-04:00",9.87,9.87,9.869,9.87,9.87,0
"CYTH","Cyclo Therapeutics, Inc. - Common Stock","2021-06-22 18:00:00-04:00",9.64,9.64,9.51,9.51,9.51,0
"CYTH","Cyclo Therapeutics, Inc. - Common Stock","2021-06-22 19:00:00-04:00",9.87,9.95,9.53,9.95,9.95,0
"CYTH","Cyclo Therapeutics, Inc. - Common Stock","2021-06-23 05:00:00-04:00",9.88,9.88,9.88,9.88,9.88,0
"CYTH","Cyclo Therapeutics, Inc. - Common Stock","2021-06-23 07:00:00-04:00",9.8,10.0,9.8,10.0,10.0,0
"CYTH","Cyclo Therapeutics, Inc. - Common Stock","2021-06-23 08:00:00-04:00",10.0,10.0,10.0,10.0,10.0,0
"CYTH","Cyclo Therapeutics, Inc. - Common Stock","2021-06-23 09:00:00-04:00",9.93,9.93,9.8,9.87,9.87,0
"CYTH","Cyclo Therapeutics, Inc. - Common Stock","2021-06-23 09:30:00-04:00",9.850000381469728,10.158300399780272,9.742600440979004,9.949999809265137,9.949999809265137,27104
"CYTH","Cyclo Therapeutics, Inc. - Common Stock","2021-06-23 10:30:00-04:00",10.134699821472168,10.449999809265137,10.020000457763672,10.260000228881836,10.260000228881836,65319
"CYTH","Cyclo Therapeutics, Inc. - Common Stock","2021-06-23 11:30:00-04:00",10.399999618530272,10.399999618530272,10.147600173950195,10.25,10.25,13706
"CYTH","Cyclo Therapeutics, Inc. - Common Stock","2021-06-23 12:30:00-04:00",10.358200073242188,10.640000343322754,10.255000114440918,10.5649995803833,10.5649995803833,76294
"CYTH","Cyclo Therapeutics, Inc. - Common Stock","2021-06-23 13:30:00-04:00",10.550000190734863,10.585000038146973,10.3100004196167,10.31999969482422,10.31999969482422,20039
"CYTH","Cyclo Therapeutics, Inc. - Common Stock","2021-06-23 14:30:00-04:00",10.333499908447266,10.59000015258789,10.333499908447266,10.589900016784668,10.589900016784668,30596
"CYTH","Cyclo Therapeutics, Inc. - Common Stock","2021-06-23 15:30:00-04:00",10.579999923706056,10.65999984741211,10.5,10.65999984741211,10.65999984741211,28993
"CYTH","Cyclo Therapeutics, Inc. - Common Stock","2021-06-23 16:00:00-04:00",10.67,10.74,10.67,10.74,10.74,0
"CYTH","Cyclo Therapeutics, Inc. - Common Stock","2021-06-23 17:00:00-04:00",10.5,10.72,10.5,10.72,10.72,0
"CYTH","Cyclo Therapeutics, Inc. - Common Stock","2021-06-23 19:00:00-04:00",10.74,10.85,10.72,10.72,10.72,0
"CYTH","Cyclo Therapeutics, Inc. - Common Stock","2021-06-24 08:00:00-04:00",10.8,10.85,10.8,10.85,10.85,0
"CYTH","Cyclo Therapeutics, Inc. - Common Stock","2021-06-24 09:00:00-04:00",10.86,10.87,10.72,10.72,10.72,0
"CYTH","Cyclo Therapeutics, Inc. - Common Stock","2021-06-24 09:30:00-04:00",10.869999885559082,10.999899864196776,10.699999809265137,10.786199569702148,10.786199569702148,54564
"CYTH","Cyclo Therapeutics, Inc. - Common Stock","2021-06-24 10:30:00-04:00",10.765000343322754,10.800000190734863,10.25,10.420000076293944,10.420000076293944,18990
"CYTH","Cyclo Therapeutics, Inc. - Common Stock","2021-06-24 11:30:00-04:00",10.508999824523926,10.508999824523926,10.378000259399414,10.425000190734863,10.425000190734863,11073
"CYTH","Cyclo Therapeutics, Inc. - Common Stock","2021-06-24 12:30:00-04:00",10.43000030517578,10.43000030517578,10.260000228881836,10.427499771118164,10.427499771118164,16166
"CYTH","Cyclo Therapeutics, Inc. - Common Stock","2021-06-24 13:30:00-04:00",10.300000190734863,10.34000015258789,10.239999771118164,10.3100004196167,10.3100004196167,12049
"CYTH","Cyclo Therapeutics, Inc. - Common Stock","2021-06-24 14:30:00-04:00",10.288999557495115,10.739999771118164,10.270000457763672,10.739999771118164,10.739999771118164,23065
"CYTH","Cyclo Therapeutics, Inc. - Common Stock","2021-06-24 15:30:00-04:00",10.68000030517578,10.850000381469728,10.602700233459473,10.84000015258789,10.84000015258789,34023
"CYTH","Cyclo Therapeutics, Inc. - Common Stock","2021-06-24 16:00:00-04:00",10.85,10.85,10.53,10.53,10.53,0
"CYTH","Cyclo Therapeutics, Inc. - Common Stock","2021-06-24 17:00:00-04:00",10.81,10.81,10.79,10.79,10.79,0
"CYTH","Cyclo Therapeutics, Inc. - Common Stock","2021-06-24 18:00:00-04:00",10.79,10.79,10.79,10.79,10.79,0
"CYTH","Cyclo Therapeutics, Inc. - Common Stock","2021-06-24 19:00:00-04:00",10.79,10.79,10.79,10.79,10.79,0
"CYTH","Cyclo Therapeutics, Inc. - Common Stock","2021-06-25 07:00:00-04:00",10.8,10.81,10.8,10.81,10.81,0
"CYTH","Cyclo Therapeutics, Inc. - Common Stock","2021-06-25 09:30:00-04:00",10.8100004196167,10.81760025024414,10.359999656677246,10.789999961853027,10.789999961853027,31929
"CYTH","Cyclo Therapeutics, Inc. - Common Stock","2021-06-25 10:30:00-04:00",10.770000457763672,10.779999732971191,10.539999961853027,10.68000030517578,10.68000030517578,40046
"CYTH","Cyclo Therapeutics, Inc. - Common Stock","2021-06-25 11:30:00-04:00",10.64900016784668,10.770000457763672,10.610099792480469,10.6899995803833,10.6899995803833,5716
"CYTH","Cyclo Therapeutics, Inc. - Common Stock","2021-06-25 12:30:00-04:00",10.654999732971191,10.738699913024902,10.60990047454834,10.649999618530272,10.649999618530272,7511
"CYTH","Cyclo Therapeutics, Inc. - Common Stock","2021-06-25 13:30:00-04:00",10.65999984741211,10.739999771118164,10.609999656677246,10.699999809265137,10.699999809265137,5894
"CYTH","Cyclo Therapeutics, Inc. - Common Stock","2021-06-25 14:30:00-04:00",10.699999809265137,10.890000343322754,10.699999809265137,10.829999923706056,10.829999923706056,17571
"CYTH","Cyclo Therapeutics, Inc. - Common Stock","2021-06-25 15:30:00-04:00",10.755900382995604,10.899999618530272,10.728400230407717,10.850000381469728,10.850000381469728,23814
"CYTH","Cyclo Therapeutics, Inc. - Common Stock","2021-06-25 16:00:00-04:00",10.85,11.0,10.51,10.52,10.52,0
"CYTH","Cyclo Therapeutics, Inc. - Common Stock","2021-06-25 17:00:00-04:00",10.52,11.0,10.52,10.98,10.98,0
"CYTH","Cyclo Therapeutics, Inc. - Common Stock","2021-06-28 04:00:00-04:00",10.99,10.99,10.99,10.99,10.99,0
"CYTH","Cyclo Therapeutics, Inc. - Common Stock","2021-06-28 07:00:00-04:00",10.5,10.59,10.5,10.59,10.59,0
"CYTH","Cyclo Therapeutics, Inc. - Common Stock","2021-06-28 08:00:00-04:00",10.5,10.5,10.46,10.46,10.46,0
"CYTH","Cyclo Therapeutics, Inc. - Common Stock","2021-06-28 09:00:00-04:00",10.48,10.85,10.48,10.49,10.49,0
"CYTH","Cyclo Therapeutics, Inc. - Common Stock","2021-06-28 09:30:00-04:00",10.989999771118164,10.989999771118164,10.650099754333496,10.859999656677246,10.859999656677246,45121
"CYTH","Cyclo Therapeutics, Inc. - Common Stock","2021-06-28 10:30:00-04:00",10.829999923706056,11.149999618530272,10.65530014038086,10.65530014038086,10.65530014038086,84546
"CYTH","Cyclo Therapeutics, Inc. - Common Stock","2021-06-28 11:30:00-04:00",10.642399787902832,10.789999961853027,10.550100326538086,10.789999961853027,10.789999961853027,11701
"CYTH","Cyclo Therapeutics, Inc. - Common Stock","2021-06-28 12:30:00-04:00",10.800000190734863,10.800000190734863,10.630000114440918,10.699999809265137,10.699999809265137,17262
"CYTH","Cyclo Therapeutics, Inc. - Common Stock","2021-06-28 13:30:00-04:00",10.6899995803833,10.760000228881836,10.576499938964844,10.65999984741211,10.65999984741211,13569
"CYTH","Cyclo Therapeutics, Inc. - Common Stock","2021-06-28 14:30:00-04:00",10.587499618530272,10.670000076293944,10.529999732971191,10.529999732971191,10.529999732971191,6281
"CYTH","Cyclo Therapeutics, Inc. - Common Stock","2021-06-28 15:30:00-04:00",10.619999885559082,10.619999885559082,10.5,10.550000190734863,10.550000190734863,26814
"CYTH","Cyclo Therapeutics, Inc. - Common Stock","2021-06-28 16:00:00-04:00",10.59,10.88,10.59,10.88,10.88,0
"CYTH","Cyclo Therapeutics, Inc. - Common Stock","2021-06-29 08:00:00-04:00",10.45,10.45,10.45,10.45,10.45,0
"CYTH","Cyclo Therapeutics, Inc. - Common Stock","2021-06-29 09:00:00-04:00",10.43,10.879,10.36,10.62,10.62,0
"CYTH","Cyclo Therapeutics, Inc. - Common Stock","2021-06-29 09:30:00-04:00",10.420000076293944,10.5,10.26010036468506,10.300000190734863,10.300000190734863,26257
"CYTH","Cyclo Therapeutics, Inc. - Common Stock","2021-06-29 10:30:00-04:00",10.31999969482422,10.324999809265137,10.09000015258789,10.289999961853027,10.289999961853027,41221
"CYTH","Cyclo Therapeutics, Inc. - Common Stock","2021-06-29 11:30:00-04:00",10.241999626159668,10.279999732971191,10.099900245666504,10.140000343322754,10.140000343322754,37578
"CYTH","Cyclo Therapeutics, Inc. - Common Stock","2021-06-29 12:30:00-04:00",10.105600357055664,10.199000358581545,10.105600357055664,10.119999885559082,10.119999885559082,3258
"CYTH","Cyclo Therapeutics, Inc. - Common Stock","2021-06-29 13:30:00-04:00",10.119999885559082,10.170000076293944,10.0600004196167,10.085399627685549,10.085399627685549,11526
"CYTH","Cyclo Therapeutics, Inc. - Common Stock","2021-06-29 14:30:00-04:00",10.06999969482422,10.099300384521484,9.949999809265137,9.955599784851074,9.955599784851074,27268
"CYTH","Cyclo Therapeutics, Inc. - Common Stock","2021-06-29 15:30:00-04:00",9.991299629211426,10.079999923706056,9.960100173950195,10.079999923706056,10.079999923706056,15467
"CYTH","Cyclo Therapeutics, Inc. - Common Stock","2021-06-29 16:00:00-04:00",10.01,10.1,9.86,10.1,10.1,0
"CYTH","Cyclo Therapeutics, Inc. - Common Stock","2021-06-29 17:00:00-04:00",10.1,10.1,10.1,10.1,10.1,0
"CYTH","Cyclo Therapeutics, Inc. - Common Stock","2021-07-01 05:00:00-04:00",10.25,10.25,10.25,10.25,10.25,0
"CYTH","Cyclo Therapeutics, Inc. - Common Stock","2021-07-01 07:00:00-04:00",10.0,10.1,10.0,10.1,10.1,0
"CYTH","Cyclo Therapeutics, Inc. - Common Stock","2021-07-01 08:00:00-04:00",10.23,10.23,10.22,10.22,10.22,0
"CYTH","Cyclo Therapeutics, Inc. - Common Stock","2021-07-01 09:30:00-04:00",10.270000457763672,10.399999618530272,10.1899995803833,10.270000457763672,10.270000457763672,14546
"CYTH","Cyclo Therapeutics, Inc. - Common Stock","2021-07-01 10:30:00-04:00",10.207300186157228,10.289999961853027,10.119999885559082,10.119999885559082,10.119999885559082,10582
"CYTH","Cyclo Therapeutics, Inc. - Common Stock","2021-07-01 11:30:00-04:00",10.123600006103516,10.270000457763672,10.123600006103516,10.260000228881836,10.260000228881836,5960
"CYTH","Cyclo Therapeutics, Inc. - Common Stock","2021-07-01 12:30:00-04:00",10.199999809265137,10.239999771118164,10.020000457763672,10.239999771118164,10.239999771118164,3951
"CYTH","Cyclo Therapeutics, Inc. - Common Stock","2021-07-01 13:30:00-04:00",10.239999771118164,10.239999771118164,10.100000381469728,10.109999656677246,10.109999656677246,7427
"CYTH","Cyclo Therapeutics, Inc. - Common Stock","2021-07-01 14:30:00-04:00",10.095000267028809,10.199999809265137,10.095000267028809,10.18000030517578,10.18000030517578,2928
"CYTH","Cyclo Therapeutics, Inc. - Common Stock","2021-07-01 15:30:00-04:00",10.130000114440918,10.220000267028809,10.0600004196167,10.0600004196167,10.0600004196167,15414
"CYTH","Cyclo Therapeutics, Inc. - Common Stock","2021-07-01 16:00:00-04:00",10.04,10.04,10.04,10.04,10.04,0
"CYTH","Cyclo Therapeutics, Inc. - Common Stock","2021-07-01 17:00:00-04:00",10.04,10.04,10.04,10.04,10.04,0
"CYTH","Cyclo Therapeutics, Inc. - Common Stock","2021-07-01 19:00:00-04:00",9.98,9.98,9.98,9.98,9.98,0
"CYTH","Cyclo Therapeutics, Inc. - Common Stock","2021-07-02 04:00:00-04:00",10.04,10.04,10.04,10.04,10.04,0
"CYTH","Cyclo Therapeutics, Inc. - Common Stock","2021-07-02 05:00:00-04:00",9.86,9.86,9.6,9.8,9.8,0
"CYTH","Cyclo Therapeutics, Inc. - Common Stock","2021-07-02 06:00:00-04:00",10.01,10.01,9.8,9.8,9.8,0
"CYTH","Cyclo Therapeutics, Inc. - Common Stock","2021-07-02 07:00:00-04:00",10.04,10.04,9.8,9.8,9.8,0
"CYTH","Cyclo Therapeutics, Inc. - Common Stock","2021-07-02 08:00:00-04:00",9.75,10.04,9.75,10.04,10.04,0
"CYTH","Cyclo Therapeutics, Inc. - Common Stock","2021-07-02 09:30:00-04:00",10.09000015258789,10.178199768066406,9.850000381469728,9.949999809265137,9.949999809265137,15531
"CYTH","Cyclo Therapeutics, Inc. - Common Stock","2021-07-02 10:30:00-04:00",9.850000381469728,9.949999809265137,9.78499984741211,9.869999885559082,9.869999885559082,8789
"CYTH","Cyclo Therapeutics, Inc. - Common Stock","2021-07-02 11:30:00-04:00",9.81999969482422,9.891400337219238,9.75,9.869999885559082,9.869999885559082,17514
"CYTH","Cyclo Therapeutics, Inc. - Common Stock","2021-07-02 12:30:00-04:00",9.890000343322754,9.890000343322754,9.800000190734863,9.890000343322754,9.890000343322754,6132
"CYTH","Cyclo Therapeutics, Inc. - Common Stock","2021-07-02 13:30:00-04:00",9.890000343322754,9.890000343322754,9.84000015258789,9.869999885559082,9.869999885559082,1434
"CYTH","Cyclo Therapeutics, Inc. - Common Stock","2021-07-02 14:30:00-04:00",9.84000015258789,9.989999771118164,9.84000015258789,9.98960018157959,9.98960018157959,11531
"CYTH","Cyclo Therapeutics, Inc. - Common Stock","2021-07-02 15:30:00-04:00",10.0,10.0600004196167,9.979999542236328,9.979999542236328,9.979999542236328,6705
"CYTH","Cyclo Therapeutics, Inc. - Common Stock","2021-07-02 16:00:00-04:00",10.01,10.01,10.01,10.01,10.01,400
"CYTH","Cyclo Therapeutics, Inc. - Common Stock","2021-07-02 17:00:00-04:00",10.0,10.29,10.0,10.29,10.29,0
"CYTH","Cyclo Therapeutics, Inc. - Common Stock","2021-07-06 04:00:00-04:00",9.5,9.5,9.5,9.5,9.5,0
"CYTH","Cyclo Therapeutics, Inc. - Common Stock","2021-07-06 05:00:00-04:00",10.2,10.2,10.2,10.2,10.2,0
"CYTH","Cyclo Therapeutics, Inc. - Common Stock","2021-07-06 08:00:00-04:00",10.01,10.05,9.552,10.05,10.05,0
"CYTH","Cyclo Therapeutics, Inc. - Common Stock","2021-07-06 09:00:00-04:00",10.05,10.05,10.05,10.05,10.05,0
"CYTH","Cyclo Therapeutics, Inc. - Common Stock","2021-07-06 09:30:00-04:00",9.949999809265137,10.079999923706056,9.5600004196167,9.729999542236328,9.729999542236328,29430
"CYTH","Cyclo Therapeutics, Inc. - Common Stock","2021-07-06 10:30:00-04:00",9.760000228881836,9.867300033569336,9.694000244140623,9.729999542236328,9.729999542236328,9580
"CYTH","Cyclo Therapeutics, Inc. - Common Stock","2021-07-06 11:30:00-04:00",9.70009994506836,9.850000381469728,9.649999618530272,9.734999656677246,9.734999656677246,14870
"CYTH","Cyclo Therapeutics, Inc. - Common Stock","2021-07-06 12:30:00-04:00",9.651000022888184,9.699999809265137,9.5600004196167,9.619999885559082,9.619999885559082,10277
"CYTH","Cyclo Therapeutics, Inc. - Common Stock","2021-07-06 13:30:00-04:00",9.619199752807615,9.619999885559082,9.300100326538086,9.312600135803224,9.312600135803224,25140
"CYTH","Cyclo Therapeutics, Inc. - Common Stock","2021-07-06 14:30:00-04:00",9.520000457763672,9.560199737548828,9.359999656677246,9.359999656677246,9.359999656677246,6921
"CYTH","Cyclo Therapeutics, Inc. - Common Stock","2021-07-06 15:30:00-04:00",9.364999771118164,9.403400421142578,9.31999969482422,9.329999923706056,9.329999923706056,8130
"CYTH","Cyclo Therapeutics, Inc. - Common Stock","2021-07-06 16:00:00-04:00",9.32,9.32,9.32,9.32,9.32,0
"CYTH","Cyclo Therapeutics, Inc. - Common Stock","2021-07-07 08:00:00-04:00",9.32,9.33,9.32,9.32,9.32,0
"CYTH","Cyclo Therapeutics, Inc. - Common Stock","2021-07-07 09:30:00-04:00",9.4399995803833,9.585000038146973,9.260000228881836,9.263799667358398,9.263799667358398,19731
"CYTH","Cyclo Therapeutics, Inc. - Common Stock","2021-07-07 10:30:00-04:00",9.290900230407717,9.290900230407717,9.103500366210938,9.13010025024414,9.13010025024414,19163
"CYTH","Cyclo Therapeutics, Inc. - Common Stock","2021-07-07 11:30:00-04:00",9.25,9.270000457763672,9.130000114440918,9.170000076293944,9.170000076293944,10175
"CYTH","Cyclo Therapeutics, Inc. - Common Stock","2021-07-07 12:30:00-04:00",9.197699546813965,9.330900192260742,9.197699546813965,9.270000457763672,9.270000457763672,7211
"CYTH","Cyclo Therapeutics, Inc. - Common Stock","2021-07-07 13:30:00-04:00",9.25,9.279999732971191,9.196100234985352,9.25,9.25,2548
"CYTH","Cyclo Therapeutics, Inc. - Common Stock","2021-07-07 14:30:00-04:00",9.199999809265137,9.229999542236328,9.149999618530272,9.151000022888184,9.151000022888184,4412
"CYTH","Cyclo Therapeutics, Inc. - Common Stock","2021-07-07 15:30:00-04:00",9.175000190734863,9.25,9.119999885559082,9.119999885559082,9.119999885559082,4421
"CYTH","Cyclo Therapeutics, Inc. - Common Stock","2021-07-07 16:00:00-04:00",9.12,9.12,9.12,9.12,9.12,649
"CYTH","Cyclo Therapeutics, Inc. - Common Stock","2021-07-07 17:00:00-04:00",9.5,9.99,9.12,9.93,9.93,0
"CYTH","Cyclo Therapeutics, Inc. - Common Stock","2021-07-07 18:00:00-04:00",9.99,9.99,9.99,9.99,9.99,0
"CYTH","Cyclo Therapeutics, Inc. - Common Stock","2021-07-08 07:00:00-04:00",9.0,9.0,9.0,9.0,9.0,0
"CYTH","Cyclo Therapeutics, Inc. - Common Stock","2021-07-08 08:00:00-04:00",9.03,9.04,9.0,9.03,9.03,0
"CYTH","Cyclo Therapeutics, Inc. - Common Stock","2021-07-08 09:00:00-04:00",9.08,9.08,9.08,9.08,9.08,0
"CYTH","Cyclo Therapeutics, Inc. - Common Stock","2021-07-08 09:30:00-04:00",9.119999885559082,9.199899673461914,8.859999656677246,9.0,9.0,49164
"CYTH","Cyclo Therapeutics, Inc. - Common Stock","2021-07-08 10:30:00-04:00",9.010000228881836,9.119999885559082,9.0,9.119999885559082,9.119999885559082,1877
"CYTH","Cyclo Therapeutics, Inc. - Common Stock","2021-07-08 11:30:00-04:00",9.010299682617188,9.110400199890137,9.0,9.050000190734863,9.050000190734863,4568
"CYTH","Cyclo Therapeutics, Inc. - Common Stock","2021-07-08 12:30:00-04:00",9.020000457763672,9.09000015258789,8.970000267028809,9.010000228881836,9.010000228881836,6337
"CYTH","Cyclo Therapeutics, Inc. - Common Stock","2021-07-08 13:30:00-04:00",9.0,9.050000190734863,8.920000076293945,8.920000076293945,8.920000076293945,14692
"CYTH","Cyclo Therapeutics, Inc. - Common Stock","2021-07-08 14:30:00-04:00",8.949999809265137,9.0,8.859999656677246,8.989999771118164,8.989999771118164,14820
"CYTH","Cyclo Therapeutics, Inc. - Common Stock","2021-07-08 15:30:00-04:00",8.979999542236328,8.979999542236328,8.890000343322754,8.890000343322754,8.890000343322754,6977
"CYTH","Cyclo Therapeutics, Inc. - Common Stock","2021-07-08 16:00:00-04:00",8.95,8.95,8.95,8.95,8.95,0
"CYTH","Cyclo Therapeutics, Inc. - Common Stock","2021-07-08 17:00:00-04:00",8.9,8.9,8.9,8.9,8.9,0
"CYTH","Cyclo Therapeutics, Inc. - Common Stock","2021-07-09 04:00:00-04:00",8.79,8.79,8.78,8.78,8.78,0
"CYTH","Cyclo Therapeutics, Inc. - Common Stock","2021-07-09 05:00:00-04:00",8.95,8.95,8.95,8.95,8.95,0
"CYTH","Cyclo Therapeutics, Inc. - Common Stock","2021-07-09 07:00:00-04:00",8.9,8.9,8.9,8.9,8.9,0
"CYTH","Cyclo Therapeutics, Inc. - Common Stock","2021-07-09 09:00:00-04:00",8.86,8.8604,8.86,8.8604,8.8604,0
"CYTH","Cyclo Therapeutics, Inc. - Common Stock","2021-07-09 09:30:00-04:00",8.960000038146973,9.020000457763672,8.869999885559082,8.989999771118164,8.989999771118164,11042
"CYTH","Cyclo Therapeutics, Inc. - Common Stock","2021-07-09 10:30:00-04:00",8.989999771118164,9.119999885559082,8.914999961853027,9.119999885559082,9.119999885559082,6221
"CYTH","Cyclo Therapeutics, Inc. - Common Stock","2021-07-09 11:30:00-04:00",9.100000381469728,9.119999885559082,9.09000015258789,9.110099792480469,9.110099792480469,1542
"CYTH","Cyclo Therapeutics, Inc. - Common Stock","2021-07-09 12:30:00-04:00",9.110099792480469,9.15999984741211,9.058799743652344,9.058799743652344,9.058799743652344,5355
"CYTH","Cyclo Therapeutics, Inc. - Common Stock","2021-07-09 13:30:00-04:00",9.079999923706056,9.15999984741211,9.0600004196167,9.118200302124023,9.118200302124023,6952
"CYTH","Cyclo Therapeutics, Inc. - Common Stock","2021-07-09 14:30:00-04:00",9.119999885559082,9.119999885559082,9.07009983062744,9.08899974822998,9.08899974822998,1726
"CYTH","Cyclo Therapeutics, Inc. - Common Stock","2021-07-09 15:30:00-04:00",9.143099784851074,9.31999969482422,9.130000114440918,9.31999969482422,9.31999969482422,11141
"CYTH","Cyclo Therapeutics, Inc. - Common Stock","2021-07-09 16:00:00-04:00",9.27,9.27,9.27,9.27,9.27,321
"CYTH","Cyclo Therapeutics, Inc. - Common Stock","2021-07-09 17:00:00-04:00",9.25,9.25,9.25,9.25,9.25,0
"CYTH","Cyclo Therapeutics, Inc. - Common Stock","2021-07-09 18:00:00-04:00",9.25,9.25,9.25,9.25,9.25,0
"CYTH","Cyclo Therapeutics, Inc. - Common Stock","2021-07-09 19:00:00-04:00",9.25,9.25,9.25,9.25,9.25,0
"CYTH","Cyclo Therapeutics, Inc. - Common Stock","2021-07-12 06:00:00-04:00",9.27,9.27,9.27,9.27,9.27,0
"CYTH","Cyclo Therapeutics, Inc. - Common Stock","2021-07-12 07:00:00-04:00",9.0,9.0,9.0,9.0,9.0,0
"CYTH","Cyclo Therapeutics, Inc. - Common Stock","2021-07-12 08:00:00-04:00",9.59,9.59,8.91,8.91,8.91,0
"CYTH","Cyclo Therapeutics, Inc. - Common Stock","2021-07-12 09:30:00-04:00",9.40999984741211,9.45639991760254,9.300000190734863,9.380000114440918,9.380000114440918,12007
"CYTH","Cyclo Therapeutics, Inc. - Common Stock","2021-07-12 10:30:00-04:00",9.448100090026855,9.5,9.380000114440918,9.5,9.5,4564
"CYTH","Cyclo Therapeutics, Inc. - Common Stock","2021-07-12 11:30:00-04:00",9.5,9.692999839782717,9.5,9.630000114440918,9.630000114440918,11722
"CYTH","Cyclo Therapeutics, Inc. - Common Stock","2021-07-12 12:30:00-04:00",9.57009983062744,9.699999809265137,9.520000457763672,9.520000457763672,9.520000457763672,7822
"CYTH","Cyclo Therapeutics, Inc. - Common Stock","2021-07-12 13:30:00-04:00",9.579999923706056,9.579999923706056,9.5,9.5,9.5,3144
"CYTH","Cyclo Therapeutics, Inc. - Common Stock","2021-07-12 14:30:00-04:00",9.489999771118164,9.539999961853027,9.390000343322754,9.449999809265137,9.449999809265137,4421
"CYTH","Cyclo Therapeutics, Inc. - Common Stock","2021-07-12 15:30:00-04:00",9.494999885559082,9.494999885559082,9.410099983215332,9.419099807739258,9.419099807739258,2417
"CYTH","Cyclo Therapeutics, Inc. - Common Stock","2021-07-12 16:00:00-04:00",9.49,9.49,9.49,9.49,9.49,0
"CYTH","Cyclo Therapeutics, Inc. - Common Stock","2021-07-12 17:00:00-04:00",9.49,9.5,9.49,9.5,9.5,0
"CYTH","Cyclo Therapeutics, Inc. - Common Stock","2021-07-13 05:00:00-04:00",10.5,10.5,10.5,10.5,10.5,0
"CYTH","Cyclo Therapeutics, Inc. - Common Stock","2021-07-13 06:00:00-04:00",10.39,10.4,10.39,10.4,10.4,0
"CYTH","Cyclo Therapeutics, Inc. - Common Stock","2021-07-13 07:00:00-04:00",10.1,10.1,10.1,10.1,10.1,0
"CYTH","Cyclo Therapeutics, Inc. - Common Stock","2021-07-13 08:00:00-04:00",9.92,10.1,9.92,10.1,10.1,0
"CYTH","Cyclo Therapeutics, Inc. - Common Stock","2021-07-13 09:00:00-04:00",10.0,10.0,9.7,9.7,9.7,0
"CYTH","Cyclo Therapeutics, Inc. - Common Stock","2021-07-13 09:30:00-04:00",9.5,9.5,9.31999969482422,9.489999771118164,9.489999771118164,4428
"CYTH","Cyclo Therapeutics, Inc. - Common Stock","2021-07-13 10:30:00-04:00",9.350000381469728,9.464599609375,9.329999923706056,9.380000114440918,9.380000114440918,5969
"CYTH","Cyclo Therapeutics, Inc. - Common Stock","2021-07-13 11:30:00-04:00",9.399999618530272,9.479999542236328,9.390000343322754,9.390000343322754,9.390000343322754,701
"CYTH","Cyclo Therapeutics, Inc. - Common Stock","2021-07-13 12:30:00-04:00",9.399999618530272,9.40999984741211,9.329999923706056,9.40999984741211,9.40999984741211,3149
"CYTH","Cyclo Therapeutics, Inc. - Common Stock","2021-07-13 13:30:00-04:00",9.329999923706056,9.380000114440918,9.220000267028809,9.31999969482422,9.31999969482422,6434
"CYTH","Cyclo Therapeutics, Inc. - Common Stock","2021-07-13 14:30:00-04:00",9.300000190734863,9.459600448608398,9.300000190734863,9.459600448608398,9.459600448608398,317
"CYTH","Cyclo Therapeutics, Inc. - Common Stock","2021-07-13 15:30:00-04:00",9.359999656677246,9.369999885559082,9.260000228881836,9.260000228881836,9.260000228881836,3057
"CYTH","Cyclo Therapeutics, Inc. - Common Stock","2021-07-13 16:00:00-04:00",9.25,9.25,9.25,9.25,9.25,0
"CYTH","Cyclo Therapeutics, Inc. - Common Stock","2021-07-13 17:00:00-04:00",9.25,9.25,9.25,9.25,9.25,0
"CYTH","Cyclo Therapeutics, Inc. - Common Stock","2021-07-14 04:00:00-04:00",8.76,8.76,8.76,8.76,8.76,0
"CYTH","Cyclo Therapeutics, Inc. - Common Stock","2021-07-14 08:00:00-04:00",9.25,9.99,9.25,9.99,9.99,0
"CYTH","Cyclo Therapeutics, Inc. - Common Stock","2021-07-14 09:00:00-04:00",9.99,9.99,9.99,9.99,9.99,0
"CYTH","Cyclo Therapeutics, Inc. - Common Stock","2021-07-14 09:30:00-04:00",9.359999656677246,9.359999656677246,9.0600004196167,9.18000030517578,9.18000030517578,7427
"CYTH","Cyclo Therapeutics, Inc. - Common Stock","2021-07-14 10:30:00-04:00",9.149999618530272,9.210000038146973,9.010000228881836,9.079999923706056,9.079999923706056,14870
"CYTH","Cyclo Therapeutics, Inc. - Common Stock","2021-07-14 11:30:00-04:00",9.15999984741211,9.168800354003906,9.010000228881836,9.050000190734863,9.050000190734863,12157
"CYTH","Cyclo Therapeutics, Inc. - Common Stock","2021-07-14 12:30:00-04:00",9.010000228881836,9.029999732971191,8.880000114440918,8.900099754333496,8.900099754333496,12803
"CYTH","Cyclo Therapeutics, Inc. - Common Stock","2021-07-14 13:30:00-04:00",8.906800270080566,9.020000457763672,8.904999732971191,9.000100135803223,9.000100135803223,4099
"CYTH","Cyclo Therapeutics, Inc. - Common Stock","2021-07-14 14:30:00-04:00",9.020000457763672,9.020000457763672,8.880000114440918,8.880000114440918,8.880000114440918,8110
"CYTH","Cyclo Therapeutics, Inc. - Common Stock","2021-07-14 15:30:00-04:00",8.880000114440918,8.909899711608887,8.800000190734863,8.8100004196167,8.8100004196167,8367
"CYTH","Cyclo Therapeutics, Inc. - Common Stock","2021-07-14 16:00:00-04:00",8.81,8.81,8.81,8.81,8.81,0
"CYTH","Cyclo Therapeutics, Inc. - Common Stock","2021-07-14 18:00:00-04:00",9.35,9.35,9.35,9.35,9.35,0
"CYTH","Cyclo Therapeutics, Inc. - Common Stock","2021-07-14 19:00:00-04:00",9.3,9.3,9.3,9.3,9.3,0
"CYTH","Cyclo Therapeutics, Inc. - Common Stock","2021-07-15 07:00:00-04:00",9.0,9.0,9.0,9.0,9.0,0
"CYTH","Cyclo Therapeutics, Inc. - Common Stock","2021-07-15 08:00:00-04:00",9.06,9.06,9.06,9.06,9.06,0
"CYTH","Cyclo Therapeutics, Inc. - Common Stock","2021-07-15 09:30:00-04:00",8.880000114440918,9.198599815368652,8.84000015258789,8.84000015258789,8.84000015258789,8394
"CYTH","Cyclo Therapeutics, Inc. - Common Stock","2021-07-15 10:30:00-04:00",8.850000381469727,9.069000244140623,8.850000381469727,8.989999771118164,8.989999771118164,3517
"CYTH","Cyclo Therapeutics, Inc. - Common Stock","2021-07-15 11:30:00-04:00",8.980999946594238,9.06999969482422,8.979999542236328,9.011500358581545,9.011500358581545,1642
"CYTH","Cyclo Therapeutics, Inc. - Common Stock","2021-07-15 12:30:00-04:00",9.005999565124512,9.020000457763672,8.92240047454834,8.92240047454834,8.92240047454834,4338
"CYTH","Cyclo Therapeutics, Inc. - Common Stock","2021-07-15 13:30:00-04:00",8.90999984741211,8.90999984741211,8.8100004196167,8.897100448608398,8.897100448608398,4262
"CYTH","Cyclo Therapeutics, Inc. - Common Stock","2021-07-15 14:30:00-04:00",8.844099998474121,9.010000228881836,8.789999961853027,8.989999771118164,8.989999771118164,62444
"CYTH","Cyclo Therapeutics, Inc. - Common Stock","2021-07-15 15:30:00-04:00",8.899999618530273,9.0,8.859999656677246,8.989999771118164,8.989999771118164,15288
"CYTH","Cyclo Therapeutics, Inc. - Common Stock","2021-07-15 16:00:00-04:00",9.0,9.0,9.0,9.0,9.0,0
"CYTH","Cyclo Therapeutics, Inc. - Common Stock","2021-07-15 17:00:00-04:00",9.0,9.0,8.76,8.76,8.76,0
"CYTH","Cyclo Therapeutics, Inc. - Common Stock","2021-07-15 19:00:00-04:00",9.0,9.0,9.0,9.0,9.0,0
"CYTH","Cyclo Therapeutics, Inc. - Common Stock","2021-07-16 08:00:00-04:00",8.7602,9.28,8.7602,9.28,9.28,0
"CYTH","Cyclo Therapeutics, Inc. - Common Stock","2021-07-16 09:00:00-04:00",8.76,8.76,8.76,8.76,8.76,0
"CYTH","Cyclo Therapeutics, Inc. - Common Stock","2021-07-16 09:30:00-04:00",9.0,9.0,8.760000228881836,8.819999694824219,8.819999694824219,30915
"CYTH","Cyclo Therapeutics, Inc. - Common Stock","2021-07-16 10:30:00-04:00",8.880000114440918,8.880000114440918,8.819999694824219,8.835000038146973,8.835000038146973,2217
"CYTH","Cyclo Therapeutics, Inc. - Common Stock","2021-07-16 11:30:00-04:00",8.829999923706055,8.95989990234375,8.824999809265137,8.831199645996094,8.831199645996094,1073
"CYTH","Cyclo Therapeutics, Inc. - Common Stock","2021-07-16 12:30:00-04:00",8.857199668884277,8.90999984741211,8.85159969329834,8.90999984741211,8.90999984741211,1057
"CYTH","Cyclo Therapeutics, Inc. - Common Stock","2021-07-16 13:30:00-04:00",8.859999656677246,8.925000190734863,8.819999694824219,8.869999885559082,8.869999885559082,2414
"CYTH","Cyclo Therapeutics, Inc. - Common Stock","2021-07-16 14:30:00-04:00",8.84000015258789,8.854999542236328,8.545000076293945,8.624699592590332,8.624699592590332,32276
"CYTH","Cyclo Therapeutics, Inc. - Common Stock","2021-07-16 15:30:00-04:00",8.75,8.75,8.5600004196167,8.5600004196167,8.5600004196167,6489
"CYTH","Cyclo Therapeutics, Inc. - Common Stock","2021-07-16 16:00:00-04:00",8.56,8.56,8.56,8.56,8.56,1061
"CYTH","Cyclo Therapeutics, Inc. - Common Stock","2021-07-16 17:00:00-04:00",8.5,9.0,8.5,9.0,9.0,0
"CYTH","Cyclo Therapeutics, Inc. - Common Stock","2021-07-19 08:00:00-04:00",8.53,8.53,8.53,8.53,8.53,0
"CYTH","Cyclo Therapeutics, Inc. - Common Stock","2021-07-19 09:00:00-04:00",8.5,8.6,8.5,8.6,8.6,0
"CYTH","Cyclo Therapeutics, Inc. - Common Stock","2021-07-19 09:30:00-04:00",8.5,8.520000457763672,7.820000171661377,8.0649995803833,8.0649995803833,63180
"CYTH","Cyclo Therapeutics, Inc. - Common Stock","2021-07-19 10:30:00-04:00",8.030099868774414,8.239800453186035,8.030099868774414,8.199999809265137,8.199999809265137,19209
"CYTH","Cyclo Therapeutics, Inc. - Common Stock","2021-07-19 11:30:00-04:00",8.199999809265137,8.300000190734863,8.1899995803833,8.199999809265137,8.199999809265137,13210
"CYTH","Cyclo Therapeutics, Inc. - Common Stock","2021-07-19 12:30:00-04:00",8.112000465393066,8.140000343322754,8.010000228881836,8.045000076293945,8.045000076293945,3883
"CYTH","Cyclo Therapeutics, Inc. - Common Stock","2021-07-19 13:30:00-04:00",8.09000015258789,8.140000343322754,8.01729965209961,8.140000343322754,8.140000343322754,6966
"CYTH","Cyclo Therapeutics, Inc. - Common Stock","2021-07-19 14:30:00-04:00",8.204500198364258,8.460000038146973,8.100000381469727,8.460000038146973,8.460000038146973,8254
"CYTH","Cyclo Therapeutics, Inc. - Common Stock","2021-07-19 15:30:00-04:00",8.319999694824219,8.40999984741211,8.119999885559082,8.149999618530273,8.149999618530273,15147
"CYTH","Cyclo Therapeutics, Inc. - Common Stock","2021-07-19 16:00:00-04:00",8.21,8.21,8.209,8.209,8.209,0
"CYTH","Cyclo Therapeutics, Inc. - Common Stock","2021-07-19 18:00:00-04:00",8.5,8.5,8.5,8.5,8.5,0
"CYTH","Cyclo Therapeutics, Inc. - Common Stock","2021-07-20 09:30:00-04:00",8.350000381469727,8.460000038146973,8.029999732971191,8.399999618530273,8.399999618530273,5311
"CYTH","Cyclo Therapeutics, Inc. - Common Stock","2021-07-20 10:30:00-04:00",8.4399995803833,8.4399995803833,8.354999542236328,8.40999984741211,8.40999984741211,2848
"CYTH","Cyclo Therapeutics, Inc. - Common Stock","2021-07-20 11:30:00-04:00",8.399999618530273,8.430000305175781,8.359999656677246,8.359999656677246,8.359999656677246,3447
"CYTH","Cyclo Therapeutics, Inc. - Common Stock","2021-07-20 12:30:00-04:00",8.379899978637695,8.379899978637695,8.210000038146973,8.210000038146973,8.210000038146973,3174
"CYTH","Cyclo Therapeutics, Inc. - Common Stock","2021-07-20 13:30:00-04:00",8.260000228881836,8.470000267028809,8.25,8.470000267028809,8.470000267028809,2299
"CYTH","Cyclo Therapeutics, Inc. - Common Stock","2021-07-20 14:30:00-04:00",8.399999618530273,8.5,8.399900436401367,8.5,8.5,5756
"CYTH","Cyclo Therapeutics, Inc. - Common Stock","2021-07-20 15:30:00-04:00",8.5,8.539999961853027,8.359999656677246,8.449999809265137,8.449999809265137,1800
"CYTH","Cyclo Therapeutics, Inc. - Common Stock","2021-07-20 16:00:00-04:00",8.35,8.86,8.35,8.86,8.86,0
"CYTH","Cyclo Therapeutics, Inc. - Common Stock","2021-07-20 18:00:00-04:00",8.21,8.21,8.21,8.21,8.21,0
"CYTH","Cyclo Therapeutics, Inc. - Common Stock","2021-07-21 08:00:00-04:00",8.41,8.41,8.35,8.39,8.39,0
"CYTH","Cyclo Therapeutics, Inc. - Common Stock","2021-07-21 09:30:00-04:00",8.399999618530273,8.59000015258789,8.180000305175781,8.300000190734863,8.300000190734863,20299
"CYTH","Cyclo Therapeutics, Inc. - Common Stock","2021-07-21 10:30:00-04:00",8.262299537658691,8.5,8.201899528503418,8.5,8.5,12869
"CYTH","Cyclo Therapeutics, Inc. - Common Stock","2021-07-21 11:30:00-04:00",8.5,8.579999923706055,8.5,8.579999923706055,8.579999923706055,4014
"CYTH","Cyclo Therapeutics, Inc. - Common Stock","2021-07-21 12:30:00-04:00",8.520000457763672,8.85789966583252,8.5,8.800000190734863,8.800000190734863,17834
"CYTH","Cyclo Therapeutics, Inc. - Common Stock","2021-07-21 13:30:00-04:00",8.680000305175781,9.09000015258789,8.670000076293945,9.09000015258789,9.09000015258789,8805
"CYTH","Cyclo Therapeutics, Inc. - Common Stock","2021-07-21 14:30:00-04:00",8.890000343322754,8.979999542236328,8.870100021362305,8.930000305175781,8.930000305175781,9322
"CYTH","Cyclo Therapeutics, Inc. - Common Stock","2021-07-21 15:30:00-04:00",8.930000305175781,8.930000305175781,8.850000381469727,8.890000343322754,8.890000343322754,2609
"CYTH","Cyclo Therapeutics, Inc. - Common Stock","2021-07-21 16:00:00-04:00",8.85,8.85,8.85,8.85,8.85,0
"CYTH","Cyclo Therapeutics, Inc. - Common Stock","2021-07-22 08:00:00-04:00",8.85,8.85,8.85,8.85,8.85,0
"CYTH","Cyclo Therapeutics, Inc. - Common Stock","2021-07-22 09:00:00-04:00",8.85,8.85,8.85,8.85,8.85,0
"CYTH","Cyclo Therapeutics, Inc. - Common Stock","2021-07-22 09:30:00-04:00",8.84000015258789,8.84000015258789,8.604100227355957,8.670000076293945,8.670000076293945,3385
"CYTH","Cyclo Therapeutics, Inc. - Common Stock","2021-07-22 10:30:00-04:00",8.663900375366211,8.949899673461914,8.663900375366211,8.899999618530273,8.899999618530273,3371
"CYTH","Cyclo Therapeutics, Inc. - Common Stock","2021-07-22 11:30:00-04:00",8.860099792480469,8.949799537658691,8.684000015258789,8.684000015258789,8.684000015258789,5700
"CYTH","Cyclo Therapeutics, Inc. - Common Stock","2021-07-22 12:30:00-04:00",8.6899995803833,8.999899864196777,8.6899995803833,8.850000381469727,8.850000381469727,6616
"CYTH","Cyclo Therapeutics, Inc. - Common Stock","2021-07-22 13:30:00-04:00",8.966699600219727,9.479999542236328,8.850000381469727,9.270000457763672,9.270000457763672,58082
"CYTH","Cyclo Therapeutics, Inc. - Common Stock","2021-07-22 14:30:00-04:00",9.279999732971191,9.300000190734863,9.220000267028809,9.26010036468506,9.26010036468506,6671
"CYTH","Cyclo Therapeutics, Inc. - Common Stock","2021-07-22 15:30:00-04:00",9.260000228881836,9.300000190734863,9.229999542236328,9.289999961853027,9.289999961853027,8496
"CYTH","Cyclo Therapeutics, Inc. - Common Stock","2021-07-22 16:00:00-04:00",9.29,9.29,9.29,9.29,9.29,0
"CYTH","Cyclo Therapeutics, Inc. - Common Stock","2021-07-22 17:00:00-04:00",9.25,9.25,9.25,9.25,9.25,0
"CYTH","Cyclo Therapeutics, Inc. - Common Stock","2021-07-23 09:30:00-04:00",9.3100004196167,9.355600357055664,8.965399742126465,9.104999542236328,9.104999542236328,14139
"CYTH","Cyclo Therapeutics, Inc. - Common Stock","2021-07-23 10:30:00-04:00",9.210000038146973,9.210000038146973,8.807499885559082,9.100000381469728,9.100000381469728,8323
"CYTH","Cyclo Therapeutics, Inc. - Common Stock","2021-07-23 11:30:00-04:00",8.920000076293945,9.09000015258789,8.90999984741211,8.979999542236328,8.979999542236328,5417
"CYTH","Cyclo Therapeutics, Inc. - Common Stock","2021-07-23 12:30:00-04:00",8.979999542236328,8.979999542236328,8.88700008392334,8.88700008392334,8.88700008392334,1014
"CYTH","Cyclo Therapeutics, Inc. - Common Stock","2021-07-23 13:30:00-04:00",8.969900131225586,9.010000228881836,8.923500061035156,9.010000228881836,9.010000228881836,2209
"CYTH","Cyclo Therapeutics, Inc. - Common Stock","2021-07-23 14:30:00-04:00",9.010000228881836,9.079999923706056,8.93910026550293,9.020000457763672,9.020000457763672,3403
"CYTH","Cyclo Therapeutics, Inc. - Common Stock","2021-07-23 15:30:00-04:00",9.0600004196167,9.0600004196167,8.899999618530273,8.920000076293945,8.920000076293945,6086
"CYTH","Cyclo Therapeutics, Inc. - Common Stock","2021-07-23 16:00:00-04:00",8.94,8.94,8.94,8.94,8.94,241
"CYTH","Cyclo Therapeutics, Inc. - Common Stock","2021-07-23 17:00:00-04:00",8.99,8.99,8.99,8.99,8.99,0
"CYTH","Cyclo Therapeutics, Inc. - Common Stock","2021-07-26 07:00:00-04:00",9.3,9.48,9.3,9.48,9.48,0
"CYTH","Cyclo Therapeutics, Inc. - Common Stock","2021-07-26 09:30:00-04:00",8.880000114440918,9.0,8.679300308227539,8.800100326538086,8.800100326538086,13714
"CYTH","Cyclo Therapeutics, Inc. - Common Stock","2021-07-26 10:30:00-04:00",8.704999923706055,8.95460033416748,8.649999618530273,8.95460033416748,8.95460033416748,3353
"CYTH","Cyclo Therapeutics, Inc. - Common Stock","2021-07-26 11:30:00-04:00",8.65999984741211,8.699999809265137,8.220000267028809,8.288999557495117,8.288999557495117,16981
"CYTH","Cyclo Therapeutics, Inc. - Common Stock","2021-07-26 12:30:00-04:00",8.220100402832031,8.34000015258789,8.220100402832031,8.34000015258789,8.34000015258789,6378
"CYTH","Cyclo Therapeutics, Inc. - Common Stock","2021-07-26 13:30:00-04:00",8.33240032196045,8.420000076293945,8.296199798583984,8.329999923706055,8.329999923706055,3179
"CYTH","Cyclo Therapeutics, Inc. - Common Stock","2021-07-26 14:30:00-04:00",8.359999656677246,8.36989974975586,8.255000114440918,8.279999732971191,8.279999732971191,6653
"CYTH","Cyclo Therapeutics, Inc. - Common Stock","2021-07-26 15:30:00-04:00",8.329000473022461,8.350000381469727,8.25790023803711,8.350000381469727,8.350000381469727,9221
"CYTH","Cyclo Therapeutics, Inc. - Common Stock","2021-07-26 16:00:00-04:00",8.31,8.31,8.31,8.31,8.31,0
"CYTH","Cyclo Therapeutics, Inc. - Common Stock","2021-07-26 19:00:00-04:00",8.4,8.4,8.33,8.33,8.33,0
"CYTH","Cyclo Therapeutics, Inc. - Common Stock","2021-07-27 08:00:00-04:00",8.9499,10.1,8.9499,9.94,9.94,0
"CYTH","Cyclo Therapeutics, Inc. - Common Stock","2021-07-27 09:00:00-04:00",9.8,9.85,8.89,8.9,8.9,0
"CYTH","Cyclo Therapeutics, Inc. - Common Stock","2021-07-27 09:30:00-04:00",8.470000267028809,9.0,8.383999824523926,8.520000457763672,8.520000457763672,82536
"CYTH","Cyclo Therapeutics, Inc. - Common Stock","2021-07-27 10:30:00-04:00",8.5,8.539999961853027,8.301600456237793,8.479999542236328,8.479999542236328,19961
"CYTH","Cyclo Therapeutics, Inc. - Common Stock","2021-07-27 11:30:00-04:00",8.470000267028809,8.470000267028809,8.300000190734863,8.390000343322754,8.390000343322754,6205
"CYTH","Cyclo Therapeutics, Inc. - Common Stock","2021-07-27 12:30:00-04:00",8.233599662780762,8.239999771118164,8.038900375366211,8.038900375366211,8.038900375366211,3440
"CYTH","Cyclo Therapeutics, Inc. - Common Stock","2021-07-27 13:30:00-04:00",8.096599578857422,8.210000038146973,8.0600004196167,8.210000038146973,8.210000038146973,8132
"CYTH","Cyclo Therapeutics, Inc. - Common Stock","2021-07-27 14:30:00-04:00",8.300000190734863,8.359999656677246,8.260000228881836,8.275300025939941,8.275300025939941,2921
"CYTH","Cyclo Therapeutics, Inc. - Common Stock","2021-07-27 15:30:00-04:00",8.418399810791016,8.489999771118164,8.369999885559082,8.489999771118164,8.489999771118164,6543
"CYTH","Cyclo Therapeutics, Inc. - Common Stock","2021-07-27 16:00:00-04:00",8.49,8.49,8.49,8.49,8.49,0
"CYTH","Cyclo Therapeutics, Inc. - Common Stock","2021-07-27 17:00:00-04:00",8.5,8.5,8.5,8.5,8.5,0
"CYTH","Cyclo Therapeutics, Inc. - Common Stock","2021-07-27 19:00:00-04:00",8.5,8.5,8.5,8.5,8.5,0
"CYTH","Cyclo Therapeutics, Inc. - Common Stock","2021-07-28 05:00:00-04:00",9.35,9.35,9.35,9.35,9.35,0
"CYTH","Cyclo Therapeutics, Inc. - Common Stock","2021-07-28 06:00:00-04:00",9.0,9.33,9.0,9.0,9.0,0
"CYTH","Cyclo Therapeutics, Inc. - Common Stock","2021-07-28 07:00:00-04:00",9.02,9.02,9.0,9.0,9.0,0
"CYTH","Cyclo Therapeutics, Inc. - Common Stock","2021-07-28 08:00:00-04:00",9.0,9.0,9.0,9.0,9.0,0
"CYTH","Cyclo Therapeutics, Inc. - Common Stock","2021-07-28 09:00:00-04:00",8.95,8.95,8.46,8.46,8.46,0
"CYTH","Cyclo Therapeutics, Inc. - Common Stock","2021-07-28 09:30:00-04:00",8.40999984741211,8.40999984741211,8.10200023651123,8.319899559020996,8.319899559020996,27089
"CYTH","Cyclo Therapeutics, Inc. - Common Stock","2021-07-28 10:30:00-04:00",8.199999809265137,8.289999961853027,8.199999809265137,8.229999542236328,8.229999542236328,3739
"CYTH","Cyclo Therapeutics, Inc. - Common Stock","2021-07-28 11:30:00-04:00",8.289999961853027,8.34000015258789,8.220000267028809,8.225000381469727,8.225000381469727,7886
"CYTH","Cyclo Therapeutics, Inc. - Common Stock","2021-07-28 12:30:00-04:00",8.220199584960938,8.220199584960938,8.119999885559082,8.199999809265137,8.199999809265137,4012
"CYTH","Cyclo Therapeutics, Inc. - Common Stock","2021-07-28 13:30:00-04:00",8.222000122070312,8.359999656677246,8.218700408935547,8.319999694824219,8.319999694824219,6654
"CYTH","Cyclo Therapeutics, Inc. - Common Stock","2021-07-28 14:30:00-04:00",8.319999694824219,8.510000228881836,8.312999725341797,8.489999771118164,8.489999771118164,8967
"CYTH","Cyclo Therapeutics, Inc. - Common Stock","2021-07-28 15:30:00-04:00",8.47819995880127,8.550000190734863,8.449999809265137,8.54990005493164,8.54990005493164,0
"CYTH","Cyclo Therapeutics, Inc. - Common Stock","2021-07-28 17:00:00-04:00",9.0,9.35,9.0,9.0,9.0,0
"CYTH","Cyclo Therapeutics, Inc. - Common Stock","2021-07-28 18:00:00-04:00",9.0,9.0,8.99,8.99,8.99,0
"CYTH","Cyclo Therapeutics, Inc. - Common Stock","2021-07-28 19:00:00-04:00",8.95,8.95,8.95,8.95,8.95,0
"CYTH","Cyclo Therapeutics, Inc. - Common Stock","2021-07-29 08:00:00-04:00",8.69,8.75,8.69,8.75,8.75,0
"CYTH","Cyclo Therapeutics, Inc. - Common Stock","2021-07-29 09:00:00-04:00",8.69,8.69,8.69,8.69,8.69,0
"CYTH","Cyclo Therapeutics, Inc. - Common Stock","2021-07-29 09:30:00-04:00",8.600000381469727,8.600000381469727,8.279999732971191,8.339400291442871,8.339400291442871,27620
"CYTH","Cyclo Therapeutics, Inc. - Common Stock","2021-07-29 10:30:00-04:00",8.399999618530273,8.430000305175781,8.329999923706055,8.347599983215332,8.347599983215332,7092
"CYTH","Cyclo Therapeutics, Inc. - Common Stock","2021-07-29 11:30:00-04:00",8.350000381469727,8.579899787902832,8.350000381469727,8.399999618530273,8.399999618530273,13159
"CYTH","Cyclo Therapeutics, Inc. - Common Stock","2021-07-29 12:30:00-04:00",8.420000076293945,8.470000267028809,8.380000114440918,8.425000190734863,8.425000190734863,5343
"CYTH","Cyclo Therapeutics, Inc. - Common Stock","2021-07-29 13:30:00-04:00",8.430000305175781,8.45110034942627,8.300000190734863,8.3149995803833,8.3149995803833,9606
"CYTH","Cyclo Therapeutics, Inc. - Common Stock","2021-07-29 14:30:00-04:00",8.319999694824219,8.359999656677246,8.300000190734863,8.300100326538086,8.300100326538086,3885
"CYTH","Cyclo Therapeutics, Inc. - Common Stock","2021-07-29 15:30:00-04:00",8.289999961853027,8.387399673461914,8.279999732971191,8.324999809265137,8.324999809265137,5822
"CYTH","Cyclo Therapeutics, Inc. - Common Stock","2021-07-29 16:00:00-04:00",8.35,8.45,8.28,8.28,8.28,0
"CYTH","Cyclo Therapeutics, Inc. - Common Stock","2021-07-29 17:00:00-04:00",8.28,8.4,8.28,8.4,8.4,0
"CYTH","Cyclo Therapeutics, Inc. - Common Stock","2021-07-29 18:00:00-04:00",8.35,8.35,8.35,8.35,8.35,0
"CYTH","Cyclo Therapeutics, Inc. - Common Stock","2021-07-29 19:00:00-04:00",8.44,8.44,8.28,8.28,8.28,0
"CYTH","Cyclo Therapeutics, Inc. - Common Stock","2021-07-30 07:00:00-04:00",8.4,8.4,8.4,8.4,8.4,0
"CYTH","Cyclo Therapeutics, Inc. - Common Stock","2021-07-30 08:00:00-04:00",8.28,9.3,8.28,8.5,8.5,0
"CYTH","Cyclo Therapeutics, Inc. - Common Stock","2021-07-30 09:00:00-04:00",8.47,8.58,8.3,8.45,8.45,0
"CYTH","Cyclo Therapeutics, Inc. - Common Stock","2021-07-30 09:30:00-04:00",8.329999923706055,8.573599815368652,7.789999961853027,8.25,8.25,128041
"CYTH","Cyclo Therapeutics, Inc. - Common Stock","2021-07-30 10:30:00-04:00",8.25,8.59000015258789,8.210000038146973,8.510100364685059,8.510100364685059,20342
"CYTH","Cyclo Therapeutics, Inc. - Common Stock","2021-07-30 11:30:00-04:00",8.600000381469727,8.710000038146973,8.284000396728516,8.319999694824219,8.319999694824219,22560
"CYTH","Cyclo Therapeutics, Inc. - Common Stock","2021-07-30 12:30:00-04:00",8.329999923706055,8.4399995803833,8.329999923706055,8.42710018157959,8.42710018157959,2809
"CYTH","Cyclo Therapeutics, Inc. - Common Stock","2021-07-30 13:30:00-04:00",8.25,8.329899787902832,8.239999771118164,8.28499984741211,8.28499984741211,4965
"CYTH","Cyclo Therapeutics, Inc. - Common Stock","2021-07-30 14:30:00-04:00",8.309900283813477,8.430000305175781,8.251199722290039,8.251199722290039,8.251199722290039,8116
"CYTH","Cyclo Therapeutics, Inc. - Common Stock","2021-07-30 15:30:00-04:00",8.229999542236328,8.40999984741211,8.229999542236328,8.390000343322754,8.390000343322754,6382
"CYTH","Cyclo Therapeutics, Inc. - Common Stock","2021-07-30 16:00:00-04:00",8.3,8.75,8.3,8.75,8.75,0
"CYTH","Cyclo Therapeutics, Inc. - Common Stock","2021-07-30 17:00:00-04:00",8.3,8.3,8.3,8.3,8.3,0
"CYTH","Cyclo Therapeutics, Inc. - Common Stock","2021-08-02 04:00:00-04:00",8.3,8.3,8.3,8.3,8.3,0
"CYTH","Cyclo Therapeutics, Inc. - Common Stock","2021-08-02 07:00:00-04:00",8.3,8.3,8.3,8.3,8.3,0
"CYTH","Cyclo Therapeutics, Inc. - Common Stock","2021-08-02 08:00:00-04:00",7.74,8.3,7.74,8.3,8.3,0
"CYTH","Cyclo Therapeutics, Inc. - Common Stock","2021-08-02 09:00:00-04:00",8.0,8.31,8.0,8.25,8.25,0
"CYTH","Cyclo Therapeutics, Inc. - Common Stock","2021-08-02 09:30:00-04:00",8.3100004196167,8.390000343322754,8.239999771118164,8.25,8.25,18803
"CYTH","Cyclo Therapeutics, Inc. - Common Stock","2021-08-02 10:30:00-04:00",8.319999694824219,8.380000114440918,8.258500099182129,8.336999893188477,8.336999893188477,2791
"CYTH","Cyclo Therapeutics, Inc. - Common Stock","2021-08-02 11:30:00-04:00",8.350299835205078,8.350299835205078,8.300100326538086,8.300100326538086,8.300100326538086,414
"CYTH","Cyclo Therapeutics, Inc. - Common Stock","2021-08-02 12:30:00-04:00",8.304200172424316,8.379599571228027,8.304200172424316,8.356300354003906,8.356300354003906,1480
"CYTH","Cyclo Therapeutics, Inc. - Common Stock","2021-08-02 13:30:00-04:00",8.359999656677246,8.5,8.359999656677246,8.489999771118164,8.489999771118164,7876
"CYTH","Cyclo Therapeutics, Inc. - Common Stock","2021-08-02 14:30:00-04:00",8.5,8.710000038146973,8.479999542236328,8.609999656677246,8.609999656677246,10965
"CYTH","Cyclo Therapeutics, Inc. - Common Stock","2021-08-02 15:30:00-04:00",8.680000305175781,8.6899995803833,8.520099639892578,8.550000190734863,8.550000190734863,4100
"CYTH","Cyclo Therapeutics, Inc. - Common Stock","2021-08-02 16:00:00-04:00",8.51,8.51,8.51,8.51,8.51,0
"CYTH","Cyclo Therapeutics, Inc. - Common Stock","2021-08-02 17:00:00-04:00",8.5,8.5,8.32,8.32,8.32,0
"CYTH","Cyclo Therapeutics, Inc. - Common Stock","2021-08-02 18:00:00-04:00",8.5,8.5,8.5,8.5,8.5,0
"CYTH","Cyclo Therapeutics, Inc. - Common Stock","2021-08-03 08:00:00-04:00",8.75,8.75,8.75,8.75,8.75,0
"CYTH","Cyclo Therapeutics, Inc. - Common Stock","2021-08-03 09:30:00-04:00",8.640000343322754,8.720000267028809,8.539999961853027,8.539999961853027,8.539999961853027,6225
"CYTH","Cyclo Therapeutics, Inc. - Common Stock","2021-08-03 10:30:00-04:00",8.449999809265137,8.454999923706055,8.250100135803223,8.295000076293945,8.295000076293945,7432
"CYTH","Cyclo Therapeutics, Inc. - Common Stock","2021-08-03 11:30:00-04:00",8.271400451660156,8.290499687194824,8.079999923706055,8.180000305175781,8.180000305175781,8243
"CYTH","Cyclo Therapeutics, Inc. - Common Stock","2021-08-03 12:30:00-04:00",8.232999801635742,8.281999588012695,8.232999801635742,8.272299766540527,8.272299766540527,810
"CYTH","Cyclo Therapeutics, Inc. - Common Stock","2021-08-03 13:30:00-04:00",8.239999771118164,8.25,8.220000267028809,8.22700023651123,8.22700023651123,4783
"CYTH","Cyclo Therapeutics, Inc. - Common Stock","2021-08-03 14:30:00-04:00",8.201000213623047,8.227399826049805,8.199999809265137,8.199999809265137,8.199999809265137,1679
"CYTH","Cyclo Therapeutics, Inc. - Common Stock","2021-08-03 15:30:00-04:00",8.229399681091309,8.239999771118164,8.199999809265137,8.199999809265137,8.199999809265137,3033
"CYTH","Cyclo Therapeutics, Inc. - Common Stock","2021-08-03 16:00:00-04:00",8.28,8.28,8.28,8.28,8.28,0
"CYTH","Cyclo Therapeutics, Inc. - Common Stock","2021-08-04 09:00:00-04:00",8.031,8.031,8.031,8.031,8.031,0
"CYTH","Cyclo Therapeutics, Inc. - Common Stock","2021-08-04 09:30:00-04:00",8.229999542236328,8.307499885559082,8.079999923706055,8.255000114440918,8.255000114440918,6134
"CYTH","Cyclo Therapeutics, Inc. - Common Stock","2021-08-04 10:30:00-04:00",8.16100025177002,8.187000274658203,8.149999618530273,8.149999618530273,8.149999618530273,2199
"CYTH","Cyclo Therapeutics, Inc. - Common Stock","2021-08-04 11:30:00-04:00",8.142999649047852,8.142999649047852,8.09000015258789,8.119999885559082,8.119999885559082,2226
"CYTH","Cyclo Therapeutics, Inc. - Common Stock","2021-08-04 12:30:00-04:00",8.119999885559082,8.25730037689209,8.119999885559082,8.25730037689209,8.25730037689209,2151
"CYTH","Cyclo Therapeutics, Inc. - Common Stock","2021-08-04 13:30:00-04:00",8.260000228881836,8.350000381469727,8.189499855041504,8.350000381469727,8.350000381469727,2150
"CYTH","Cyclo Therapeutics, Inc. - Common Stock","2021-08-04 14:30:00-04:00",8.180000305175781,8.234999656677246,8.170000076293945,8.1899995803833,8.1899995803833,10924
"CYTH","Cyclo Therapeutics, Inc. - Common Stock","2021-08-04 15:30:00-04:00",8.229999542236328,8.239999771118164,8.157699584960938,8.194999694824219,8.194999694824219,2164
"CYTH","Cyclo Therapeutics, Inc. - Common Stock","2021-08-04 16:00:00-04:00",8.18,8.18,8.18,8.18,8.18,0
"CYTH","Cyclo Therapeutics, Inc. - Common Stock","2021-08-04 17:00:00-04:00",8.465,8.81,8.465,8.81,8.81,0
"CYTH","Cyclo Therapeutics, Inc. - Common Stock","2021-08-05 05:00:00-04:00",8.5,8.5,8.5,8.5,8.5,0
"CYTH","Cyclo Therapeutics, Inc. - Common Stock","2021-08-05 08:00:00-04:00",8.83,8.83,8.83,8.83,8.83,0
"CYTH","Cyclo Therapeutics, Inc. - Common Stock","2021-08-05 09:30:00-04:00",8.229999542236328,8.489999771118164,8.229999542236328,8.329999923706055,8.329999923706055,6899
"CYTH","Cyclo Therapeutics, Inc. - Common Stock","2021-08-05 10:30:00-04:00",8.349200248718262,8.350000381469727,8.345000267028809,8.350000381469727,8.350000381469727,1145
"CYTH","Cyclo Therapeutics, Inc. - Common Stock","2021-08-05 11:30:00-04:00",8.380000114440918,8.399999618530273,8.28499984741211,8.350000381469727,8.350000381469727,5344
"CYTH","Cyclo Therapeutics, Inc. - Common Stock","2021-08-05 12:30:00-04:00",8.260000228881836,8.34000015258789,8.210000038146973,8.34000015258789,8.34000015258789,2084
"CYTH","Cyclo Therapeutics, Inc. - Common Stock","2021-08-05 13:30:00-04:00",8.28499984741211,8.34000015258789,8.270099639892578,8.34000015258789,8.34000015258789,1401
"CYTH","Cyclo Therapeutics, Inc. - Common Stock","2021-08-05 14:30:00-04:00",8.399900436401367,8.399900436401367,8.3100004196167,8.3100004196167,8.3100004196167,895
"CYTH","Cyclo Therapeutics, Inc. - Common Stock","2021-08-05 15:30:00-04:00",8.325799942016602,8.350000381469727,8.270000457763672,8.350000381469727,8.350000381469727,2019
"CYTH","Cyclo Therapeutics, Inc. - Common Stock","2021-08-05 16:00:00-04:00",8.37,8.5,8.29,8.38,8.38,0
"CYTH","Cyclo Therapeutics, Inc. - Common Stock","2021-08-05 17:00:00-04:00",8.65,8.69,8.65,8.69,8.69,0
"CYTH","Cyclo Therapeutics, Inc. - Common Stock","2021-08-05 18:00:00-04:00",8.69,8.69,8.69,8.69,8.69,0
"CYTH","Cyclo Therapeutics, Inc. - Common Stock","2021-08-06 08:00:00-04:00",8.69,8.69,8.69,8.69,8.69,0
"CYTH","Cyclo Therapeutics, Inc. - Common Stock","2021-08-06 09:30:00-04:00",8.3100004196167,8.454500198364258,8.260000228881836,8.260000228881836,8.260000228881836,5189
"CYTH","Cyclo Therapeutics, Inc. - Common Stock","2021-08-06 10:30:00-04:00",8.284000396728516,8.284000396728516,8.279999732971191,8.279999732971191,8.279999732971191,3185
"CYTH","Cyclo Therapeutics, Inc. - Common Stock","2021-08-06 11:30:00-04:00",8.270000457763672,8.27239990234375,8.149999618530273,8.149999618530273,8.149999618530273,8064
"CYTH","Cyclo Therapeutics, Inc. - Common Stock","2021-08-06 12:30:00-04:00",8.21310043334961,8.257499694824219,8.21310043334961,8.25,8.25,1654
"CYTH","Cyclo Therapeutics, Inc. - Common Stock","2021-08-06 13:30:00-04:00",8.220000267028809,8.239999771118164,8.15999984741211,8.220000267028809,8.220000267028809,2163
"CYTH","Cyclo Therapeutics, Inc. - Common Stock","2021-08-06 14:30:00-04:00",8.229999542236328,8.300000190734863,8.21090030670166,8.25,8.25,9133
"CYTH","Cyclo Therapeutics, Inc. - Common Stock","2021-08-06 15:30:00-04:00",8.289999961853027,8.289999961853027,8.180100440979004,8.279999732971191,8.279999732971191,2705
"CYTH","Cyclo Therapeutics, Inc. - Common Stock","2021-08-06 16:00:00-04:00",8.21,8.3,8.21,8.3,8.3,0
"CYTH","Cyclo Therapeutics, Inc. - Common Stock","2021-08-06 17:00:00-04:00",8.21,8.46,8.21,8.46,8.46,0
"CYTH","Cyclo Therapeutics, Inc. - Common Stock","2021-08-09 07:00:00-04:00",8.21,8.21,8.21,8.21,8.21,0
"CYTH","Cyclo Therapeutics, Inc. - Common Stock","2021-08-09 09:00:00-04:00",8.21,8.21,8.21,8.21,8.21,0
"CYTH","Cyclo Therapeutics, Inc. - Common Stock","2021-08-09 09:30:00-04:00",8.149999618530273,8.175000190734863,8.119999885559082,8.175000190734863,8.175000190734863,8911
"CYTH","Cyclo Therapeutics, Inc. - Common Stock","2021-08-09 10:30:00-04:00",8.149999618530273,8.210000038146973,8.130000114440918,8.170000076293945,8.170000076293945,6246
"CYTH","Cyclo Therapeutics, Inc. - Common Stock","2021-08-09 11:30:00-04:00",8.1850004196167,8.1850004196167,8.160499572753906,8.181099891662598,8.181099891662598,2731
"CYTH","Cyclo Therapeutics, Inc. - Common Stock","2021-08-09 12:30:00-04:00",8.1899995803833,8.220000267028809,8.1899995803833,8.1899995803833,8.1899995803833,1448
"CYTH","Cyclo Therapeutics, Inc. - Common Stock","2021-08-09 13:30:00-04:00",8.180000305175781,8.180000305175781,8.130000114440918,8.149999618530273,8.149999618530273,3555
"CYTH","Cyclo Therapeutics, Inc. - Common Stock","2021-08-09 14:30:00-04:00",8.119999885559082,8.180000305175781,8.119999885559082,8.140000343322754,8.140000343322754,11964
"CYTH","Cyclo Therapeutics, Inc. - Common Stock","2021-08-09 15:30:00-04:00",8.124300003051758,8.149999618530273,8.100000381469727,8.149999618530273,8.149999618530273,5835
"CYTH","Cyclo Therapeutics, Inc. - Common Stock","2021-08-09 16:00:00-04:00",8.11,8.11,8.11,8.11,8.11,0
"CYTH","Cyclo Therapeutics, Inc. - Common Stock","2021-08-09 17:00:00-04:00",8.1,8.15,8.1,8.1,8.1,0
"CYTH","Cyclo Therapeutics, Inc. - Common Stock","2021-08-09 19:00:00-04:00",8.09,8.09,7.96,7.96,7.96,0
"CYTH","Cyclo Therapeutics, Inc. - Common Stock","2021-08-10 08:00:00-04:00",8.05,8.05,8.05,8.05,8.05,0
"CYTH","Cyclo Therapeutics, Inc. - Common Stock","2021-08-10 09:00:00-04:00",8.1,8.1,8.08,8.08,8.08,0
"CYTH","Cyclo Therapeutics, Inc. - Common Stock","2021-08-10 09:30:00-04:00",8.109999656677246,8.180000305175781,8.100000381469727,8.130000114440918,8.130000114440918,17286
"CYTH","Cyclo Therapeutics, Inc. - Common Stock","2021-08-10 10:30:00-04:00",8.130000114440918,8.135000228881836,8.100000381469727,8.100000381469727,8.100000381469727,7869
"CYTH","Cyclo Therapeutics, Inc. - Common Stock","2021-08-10 11:30:00-04:00",8.130000114440918,8.149999618530273,8.110099792480469,8.149999618530273,8.149999618530273,3563
"CYTH","Cyclo Therapeutics, Inc. - Common Stock","2021-08-10 12:30:00-04:00",8.149999618530273,8.189200401306152,8.109999656677246,8.148099899291992,8.148099899291992,2749
"CYTH","Cyclo Therapeutics, Inc. - Common Stock","2021-08-10 13:30:00-04:00",8.128000259399414,8.130000114440918,8.100000381469727,8.130000114440918,8.130000114440918,5975
"CYTH","Cyclo Therapeutics, Inc. - Common Stock","2021-08-10 14:30:00-04:00",8.129899978637695,8.129899978637695,8.129899978637695,8.129899978637695,8.129899978637695,1327
"CYTH","Cyclo Therapeutics, Inc. - Common Stock","2021-08-10 15:30:00-04:00",8.100000381469727,8.170000076293945,8.100000381469727,8.170000076293945,8.170000076293945,2811
"CYTH","Cyclo Therapeutics, Inc. - Common Stock","2021-08-10 16:00:00-04:00",8.1,8.1,8.1,8.1,8.1,0
"CYTH","Cyclo Therapeutics, Inc. - Common Stock","2021-08-11 07:00:00-04:00",8.1,8.1,8.1,8.1,8.1,0
"CYTH","Cyclo Therapeutics, Inc. - Common Stock","2021-08-11 08:00:00-04:00",8.1,8.4,8.1,8.4,8.4,0
"CYTH","Cyclo Therapeutics, Inc. - Common Stock","2021-08-11 09:00:00-04:00",8.8,8.8,8.8,8.8,8.8,0
"CYTH","Cyclo Therapeutics, Inc. - Common Stock","2021-08-11 09:30:00-04:00",8.390000343322754,8.390000343322754,8.100000381469727,8.150099754333496,8.150099754333496,15814
"CYTH","Cyclo Therapeutics, Inc. - Common Stock","2021-08-11 10:30:00-04:00",8.210000038146973,8.25,8.149999618530273,8.211000442504883,8.211000442504883,2819
"CYTH","Cyclo Therapeutics, Inc. - Common Stock","2021-08-11 11:30:00-04:00",8.23859977722168,8.239899635314941,8.1141996383667,8.1141996383667,8.1141996383667,6692
"CYTH","Cyclo Therapeutics, Inc. - Common Stock","2021-08-11 12:30:00-04:00",8.100099563598633,8.189900398254395,8.100099563598633,8.189900398254395,8.189900398254395,1767
"CYTH","Cyclo Therapeutics, Inc. - Common Stock","2021-08-11 13:30:00-04:00",8.102999687194824,8.1899995803833,8.102999687194824,8.169899940490723,8.169899940490723,892
"CYTH","Cyclo Therapeutics, Inc. - Common Stock","2021-08-11 14:30:00-04:00",8.100000381469727,8.211199760437012,8.100000381469727,8.191900253295898,8.191900253295898,2977
"CYTH","Cyclo Therapeutics, Inc. - Common Stock","2021-08-11 15:30:00-04:00",8.220000267028809,8.220000267028809,8.109999656677246,8.13700008392334,8.13700008392334,2559
"CYTH","Cyclo Therapeutics, Inc. - Common Stock","2021-08-11 16:00:00-04:00",8.19,8.19,8.0,8.0,8.0,0
"CYTH","Cyclo Therapeutics, Inc. - Common Stock","2021-08-11 17:00:00-04:00",8.18,8.24,8.18,8.24,8.24,0
"CYTH","Cyclo Therapeutics, Inc. - Common Stock","2021-08-12 09:00:00-04:00",8.83,8.83,8.19,8.19,8.19,0
"CYTH","Cyclo Therapeutics, Inc. - Common Stock","2021-08-12 09:30:00-04:00",8.220000267028809,8.300000190734863,8.057499885559082,8.114500045776367,8.114500045776367,8532
"CYTH","Cyclo Therapeutics, Inc. - Common Stock","2021-08-12 10:30:00-04:00",8.170000076293945,8.170000076293945,8.1003999710083,8.170000076293945,8.170000076293945,6293
"CYTH","Cyclo Therapeutics, Inc. - Common Stock","2021-08-12 11:30:00-04:00",8.135000228881836,8.135000228881836,7.949999809265137,7.980000019073486,7.980000019073486,16823
"CYTH","Cyclo Therapeutics, Inc. - Common Stock","2021-08-12 12:30:00-04:00",7.980000019073486,7.999199867248535,7.936500072479248,7.940000057220459,7.940000057220459,4461
"CYTH","Cyclo Therapeutics, Inc. - Common Stock","2021-08-12 13:30:00-04:00",7.980000019073486,8.040800094604492,7.949100017547607,8.040800094604492,8.040800094604492,1210
"CYTH","Cyclo Therapeutics, Inc. - Common Stock","2021-08-12 14:30:00-04:00",8.100000381469727,8.119999885559082,8.0600004196167,8.104999542236328,8.104999542236328,7671
"CYTH","Cyclo Therapeutics, Inc. - Common Stock","2021-08-12 15:30:00-04:00",8.125,8.125,7.96999979019165,8.050000190734863,8.050000190734863,4626
"CYTH","Cyclo Therapeutics, Inc. - Common Stock","2021-08-12 16:00:00-04:00",8.01,8.01,7.97,7.97,7.97,0
"CYTH","Cyclo Therapeutics, Inc. - Common Stock","2021-08-12 17:00:00-04:00",8.3,8.3,8.3,8.3,8.3,0
"CYTH","Cyclo Therapeutics, Inc. - Common Stock","2021-08-12 18:00:00-04:00",8.3,8.3,8.3,8.3,8.3,0
"CYTH","Cyclo Therapeutics, Inc. - Common Stock","2021-08-12 19:00:00-04:00",8.28,8.29,8.28,8.29,8.29,0
"CYTH","Cyclo Therapeutics, Inc. - Common Stock","2021-08-13 06:00:00-04:00",8.3,8.3,8.3,8.3,8.3,0
"CYTH","Cyclo Therapeutics, Inc. - Common Stock","2021-08-13 09:30:00-04:00",8.050000190734863,8.175000190734863,7.869999885559082,7.900000095367432,7.900000095367432,14049
"CYTH","Cyclo Therapeutics, Inc. - Common Stock","2021-08-13 10:30:00-04:00",7.929999828338623,7.949999809265137,7.860000133514404,7.860000133514404,7.860000133514404,9070
"CYTH","Cyclo Therapeutics, Inc. - Common Stock","2021-08-13 11:30:00-04:00",7.849999904632568,7.939899921417236,7.849999904632568,7.849999904632568,7.849999904632568,10080
"CYTH","Cyclo Therapeutics, Inc. - Common Stock","2021-08-13 12:30:00-04:00",7.889999866485596,7.920000076293945,7.883200168609619,7.914899826049805,7.914899826049805,2004
"CYTH","Cyclo Therapeutics, Inc. - Common Stock","2021-08-13 13:30:00-04:00",7.904300212860107,7.904300212860107,7.8709001541137695,7.880000114440918,7.880000114440918,779
"CYTH","Cyclo Therapeutics, Inc. - Common Stock","2021-08-13 14:30:00-04:00",7.85099983215332,7.85099983215332,7.784999847412109,7.820499897003174,7.820499897003174,5518
"CYTH","Cyclo Therapeutics, Inc. - Common Stock","2021-08-13 15:30:00-04:00",7.800000190734863,7.829899787902832,7.75,7.760000228881836,7.760000228881836,2980
"CYTH","Cyclo Therapeutics, Inc. - Common Stock","2021-08-13 16:00:00-04:00",7.85,8.15,7.85,8.15,8.15,0
"CYTH","Cyclo Therapeutics, Inc. - Common Stock","2021-08-13 17:00:00-04:00",7.95,8.13,7.95,8.11,8.11,0
"CYTH","Cyclo Therapeutics, Inc. - Common Stock","2021-08-13 19:00:00-04:00",7.75,7.75,7.74,7.74,7.74,0
"CYTH","Cyclo Therapeutics, Inc. - Common Stock","2021-08-16 05:00:00-04:00",7.87,7.87,7.87,7.87,7.87,0
"CYTH","Cyclo Therapeutics, Inc. - Common Stock","2021-08-16 08:00:00-04:00",7.87,7.87,7.87,7.87,7.87,0
"CYTH","Cyclo Therapeutics, Inc. - Common Stock","2021-08-16 09:30:00-04:00",7.650000095367432,7.767899990081787,7.130000114440918,7.349999904632568,7.349999904632568,54225
"CYTH","Cyclo Therapeutics, Inc. - Common Stock","2021-08-16 10:30:00-04:00",7.320000171661377,7.360000133514404,7.150000095367432,7.349999904632568,7.349999904632568,15866
"CYTH","Cyclo Therapeutics, Inc. - Common Stock","2021-08-16 11:30:00-04:00",7.275000095367432,7.349999904632568,7.250100135803223,7.289999961853027,7.289999961853027,3796
"CYTH","Cyclo Therapeutics, Inc. - Common Stock","2021-08-16 12:30:00-04:00",7.329999923706055,7.329999923706055,7.260000228881836,7.260000228881836,7.260000228881836,1872
"CYTH","Cyclo Therapeutics, Inc. - Common Stock","2021-08-16 13:30:00-04:00",7.25,7.25,7.110099792480469,7.110099792480469,7.110099792480469,23567
"CYTH","Cyclo Therapeutics, Inc. - Common Stock","2021-08-16 14:30:00-04:00",7.150000095367432,7.210000038146973,7.150000095367432,7.210000038146973,7.210000038146973,5785
"CYTH","Cyclo Therapeutics, Inc. - Common Stock","2021-08-16 15:30:00-04:00",7.199999809265137,7.210000038146973,7.099999904632568,7.099999904632568,7.099999904632568,7623
"CYTH","Cyclo Therapeutics, Inc. - Common Stock","2021-08-16 16:00:00-04:00",7.04,7.18,7.04,7.18,7.18,0
"CYTH","Cyclo Therapeutics, Inc. - Common Stock","2021-08-16 17:00:00-04:00",7.18,7.22,7.18,7.22,7.22,0
"CYTH","Cyclo Therapeutics, Inc. - Common Stock","2021-08-17 06:00:00-04:00",7.04,7.04,7.04,7.04,7.04,0
"CYTH","Cyclo Therapeutics, Inc. - Common Stock","2021-08-17 08:00:00-04:00",7.73,7.73,7.73,7.73,7.73,0
"CYTH","Cyclo Therapeutics, Inc. - Common Stock","2021-08-17 09:00:00-04:00",7.72,7.72,7.72,7.72,7.72,0
"CYTH","Cyclo Therapeutics, Inc. - Common Stock","2021-08-17 09:30:00-04:00",7.059999942779541,7.460000038146973,7.059999942779541,7.460000038146973,7.460000038146973,20376
"CYTH","Cyclo Therapeutics, Inc. - Common Stock","2021-08-17 10:30:00-04:00",7.452899932861328,7.669899940490723,7.452899932861328,7.492700099945068,7.492700099945068,13573
"CYTH","Cyclo Therapeutics, Inc. - Common Stock","2021-08-17 11:30:00-04:00",7.585000038146973,7.589099884033203,7.500100135803223,7.577099800109863,7.577099800109863,5917
"CYTH","Cyclo Therapeutics, Inc. - Common Stock","2021-08-17 12:30:00-04:00",7.650000095367432,7.650000095367432,7.5,7.550000190734863,7.550000190734863,4420
"CYTH","Cyclo Therapeutics, Inc. - Common Stock","2021-08-17 13:30:00-04:00",7.545000076293945,7.599999904632568,7.46999979019165,7.470099925994873,7.470099925994873,11509
"CYTH","Cyclo Therapeutics, Inc. - Common Stock","2021-08-17 14:30:00-04:00",7.300099849700928,7.489999771118164,7.300099849700928,7.360000133514404,7.360000133514404,16523
"CYTH","Cyclo Therapeutics, Inc. - Common Stock","2021-08-17 15:30:00-04:00",7.429999828338623,7.5,7.374300003051758,7.449999809265137,7.449999809265137,0
"CYTH","Cyclo Therapeutics, Inc. - Common Stock","2021-08-17 16:00:00-04:00",7.7,7.73,7.7,7.73,7.73,0
"CYTH","Cyclo Therapeutics, Inc. - Common Stock","2021-08-17 19:00:00-04:00",7.68,7.68,7.68,7.68,7.68,0
"CYTH","Cyclo Therapeutics, Inc. - Common Stock","2021-08-18 07:00:00-04:00",7.5,7.62,7.5,7.5,7.5,0
"CYTH","Cyclo Therapeutics, Inc. - Common Stock","2021-08-18 08:00:00-04:00",7.22,7.74,7.22,7.74,7.74,0
"CYTH","Cyclo Therapeutics, Inc. - Common Stock","2021-08-18 09:30:00-04:00",7.320000171661377,7.409999847412109,7.210000038146973,7.409999847412109,7.409999847412109,7799
"CYTH","Cyclo Therapeutics, Inc. - Common Stock","2021-08-18 10:30:00-04:00",7.409999847412109,7.409999847412109,7.389999866485596,7.389999866485596,7.389999866485596,2286
"CYTH","Cyclo Therapeutics, Inc. - Common Stock","2021-08-18 11:30:00-04:00",7.409999847412109,7.5081000328063965,7.381800174713135,7.449999809265137,7.449999809265137,11237
"CYTH","Cyclo Therapeutics, Inc. - Common Stock","2021-08-18 12:30:00-04:00",7.385000228881836,7.449999809265137,7.380000114440918,7.449999809265137,7.449999809265137,2204
"CYTH","Cyclo Therapeutics, Inc. - Common Stock","2021-08-18 13:30:00-04:00",7.5,7.590000152587891,7.449999809265137,7.590000152587891,7.590000152587891,3822
"CYTH","Cyclo Therapeutics, Inc. - Common Stock","2021-08-18 14:30:00-04:00",7.530099868774414,7.599999904632568,7.398799896240234,7.452600002288818,7.452600002288818,6417
"CYTH","Cyclo Therapeutics, Inc. - Common Stock","2021-08-18 15:30:00-04:00",7.46999979019165,7.46999979019165,7.360000133514404,7.380000114440918,7.380000114440918,5496
"CYTH","Cyclo Therapeutics, Inc. - Common Stock","2021-08-18 16:00:00-04:00",7.32,7.32,7.32,7.32,7.32,0
"CYTH","Cyclo Therapeutics, Inc. - Common Stock","2021-08-18 17:00:00-04:00",7.74,7.74,7.74,7.74,7.74,0
"CYTH","Cyclo Therapeutics, Inc. - Common Stock","2021-08-19 09:00:00-04:00",7.25,7.4999,7.25,7.4999,7.4999,0
"CYTH","Cyclo Therapeutics, Inc. - Common Stock","2021-08-19 09:30:00-04:00",7.21999979019165,7.320000171661377,7.21999979019165,7.252999782562256,7.252999782562256,10317
"CYTH","Cyclo Therapeutics, Inc. - Common Stock","2021-08-19 10:30:00-04:00",7.250100135803223,7.28000020980835,7.139999866485596,7.139999866485596,7.139999866485596,11384
"CYTH","Cyclo Therapeutics, Inc. - Common Stock","2021-08-19 11:30:00-04:00",7.110000133514404,7.230000019073486,7.110000133514404,7.230000019073486,7.230000019073486,10787
"CYTH","Cyclo Therapeutics, Inc. - Common Stock","2021-08-19 12:30:00-04:00",7.179999828338623,7.25,7.170000076293945,7.182300090789795,7.182300090789795,4227
"CYTH","Cyclo Therapeutics, Inc. - Common Stock","2021-08-19 13:30:00-04:00",7.204999923706055,7.239999771118164,7.17549991607666,7.17549991607666,7.17549991607666,1497
"CYTH","Cyclo Therapeutics, Inc. - Common Stock","2021-08-19 14:30:00-04:00",7.210000038146973,7.210000038146973,7.119999885559082,7.199999809265137,7.199999809265137,4384
"CYTH","Cyclo Therapeutics, Inc. - Common Stock","2021-08-19 15:30:00-04:00",7.110000133514404,7.199999809265137,7.110000133514404,7.125100135803223,7.125100135803223,2732
"CYTH","Cyclo Therapeutics, Inc. - Common Stock","2021-08-19 16:00:00-04:00",7.18,7.18,7.18,7.18,7.18,0
"CYTH","Cyclo Therapeutics, Inc. - Common Stock","2021-08-19 17:00:00-04:00",7.18,7.18,7.18,7.18,7.18,0
"CYTH","Cyclo Therapeutics, Inc. - Common Stock","2021-08-19 18:00:00-04:00",7.15,7.18,7.06,7.15,7.15,0
"CYTH","Cyclo Therapeutics, Inc. - Common Stock","2021-08-19 19:00:00-04:00",7.14,7.14,7.14,7.14,7.14,0
"CYTH","Cyclo Therapeutics, Inc. - Common Stock","2021-08-20 08:00:00-04:00",7.14,7.14,7.14,7.14,7.14,0
"CYTH","Cyclo Therapeutics, Inc. - Common Stock","2021-08-20 09:00:00-04:00",7.14,7.14,7.14,7.14,7.14,0
"CYTH","Cyclo Therapeutics, Inc. - Common Stock","2021-08-20 09:30:00-04:00",7.119999885559082,7.25,7.090000152587891,7.139999866485596,7.139999866485596,11934
"CYTH","Cyclo Therapeutics, Inc. - Common Stock","2021-08-20 10:30:00-04:00",7.170000076293945,7.210000038146973,6.400000095367432,6.769999980926514,6.769999980926514,89585
"CYTH","Cyclo Therapeutics, Inc. - Common Stock","2021-08-20 11:30:00-04:00",6.879499912261963,6.989999771118164,6.789999961853027,6.920000076293945,6.920000076293945,20241
"CYTH","Cyclo Therapeutics, Inc. - Common Stock","2021-08-20 12:30:00-04:00",6.889999866485596,7.165599822998047,6.889999866485596,7.150000095367432,7.150000095367432,4676
"CYTH","Cyclo Therapeutics, Inc. - Common Stock","2021-08-20 13:30:00-04:00",7.119999885559082,7.139999866485596,7.023499965667725,7.093500137329102,7.093500137329102,11009
"CYTH","Cyclo Therapeutics, Inc. - Common Stock","2021-08-20 14:30:00-04:00",7.03000020980835,7.039999961853027,6.920000076293945,6.930099964141846,6.930099964141846,6685
"CYTH","Cyclo Therapeutics, Inc. - Common Stock","2021-08-20 15:30:00-04:00",7.000100135803223,7.019999980926514,6.980000019073486,7.010000228881836,7.010000228881836,5760
"CYTH","Cyclo Therapeutics, Inc. - Common Stock","2021-08-20 16:00:00-04:00",6.98,7.32,6.98,7.32,7.32,0
"CYTH","Cyclo Therapeutics, Inc. - Common Stock","2021-08-20 18:00:00-04:00",7.05,7.14,7.05,7.14,7.14,0
"CYTH","Cyclo Therapeutics, Inc. - Common Stock","2021-08-23 07:00:00-04:00",6.98,6.98,6.98,6.98,6.98,0
"CYTH","Cyclo Therapeutics, Inc. - Common Stock","2021-08-23 08:00:00-04:00",6.98,6.98,6.98,6.98,6.98,0
"CYTH","Cyclo Therapeutics, Inc. - Common Stock","2021-08-23 09:00:00-04:00",6.99,6.99,6.98,6.98,6.98,0
"CYTH","Cyclo Therapeutics, Inc. - Common Stock","2021-08-23 09:30:00-04:00",6.929999828338623,7.172999858856201,6.929999828338623,7.099999904632568,7.099999904632568,19410
"CYTH","Cyclo Therapeutics, Inc. - Common Stock","2021-08-23 10:30:00-04:00",7.139999866485596,7.219900131225586,6.860000133514404,6.909999847412109,6.909999847412109,7027
"CYTH","Cyclo Therapeutics, Inc. - Common Stock","2021-08-23 11:30:00-04:00",6.991199970245361,7.099999904632568,6.890100002288818,7.097899913787842,7.097899913787842,2833
"CYTH","Cyclo Therapeutics, Inc. - Common Stock","2021-08-23 12:30:00-04:00",7.0,7.091300010681152,7.0,7.0,7.0,2648
"CYTH","Cyclo Therapeutics, Inc. - Common Stock","2021-08-23 13:30:00-04:00",7.090000152587891,7.090000152587891,6.895999908447266,6.929999828338623,6.929999828338623,8378
"CYTH","Cyclo Therapeutics, Inc. - Common Stock","2021-08-23 14:30:00-04:00",6.955399990081787,6.992700099945068,6.870100021362305,6.899400234222412,6.899400234222412,9721
"CYTH","Cyclo Therapeutics, Inc. - Common Stock","2021-08-23 15:30:00-04:00",6.8958001136779785,6.940000057220459,6.880000114440918,6.880000114440918,6.880000114440918,12393
"CYTH","Cyclo Therapeutics, Inc. - Common Stock","2021-08-23 16:00:00-04:00",6.89,6.89,6.89,6.89,6.89,0
"CYTH","Cyclo Therapeutics, Inc. - Common Stock","2021-08-23 18:00:00-04:00",6.89,6.89,6.89,6.89,6.89,0
"CYTH","Cyclo Therapeutics, Inc. - Common Stock","2021-08-24 09:30:00-04:00",6.940000057220459,7.129899978637695,6.929999828338623,7.070000171661377,7.070000171661377,18461
"CYTH","Cyclo Therapeutics, Inc. - Common Stock","2021-08-24 10:30:00-04:00",7.130000114440918,7.130000114440918,7.130000114440918,7.130000114440918,7.130000114440918,2232
"CYTH","Cyclo Therapeutics, Inc. - Common Stock","2021-08-24 11:30:00-04:00",7.170000076293945,7.300000190734863,7.170000076293945,7.300000190734863,7.300000190734863,2727
"CYTH","Cyclo Therapeutics, Inc. - Common Stock","2021-08-24 12:30:00-04:00",7.320000171661377,7.360000133514404,7.320000171661377,7.349999904632568,7.349999904632568,4788
"CYTH","Cyclo Therapeutics, Inc. - Common Stock","2021-08-24 13:30:00-04:00",7.370100021362305,7.386899948120117,7.349999904632568,7.360000133514404,7.360000133514404,4149
"CYTH","Cyclo Therapeutics, Inc. - Common Stock","2021-08-24 14:30:00-04:00",7.360000133514404,7.479899883270264,7.360000133514404,7.479899883270264,7.479899883270264,6157
"CYTH","Cyclo Therapeutics, Inc. - Common Stock","2021-08-24 15:30:00-04:00",7.440000057220459,7.46999979019165,7.400000095367432,7.449999809265137,7.449999809265137,4749
"CYTH","Cyclo Therapeutics, Inc. - Common Stock","2021-08-24 16:00:00-04:00",7.41,7.56,7.41,7.56,7.56,0
"CYTH","Cyclo Therapeutics, Inc. - Common Stock","2021-08-24 17:00:00-04:00",7.41,7.41,7.41,7.41,7.41,0
"CYTH","Cyclo Therapeutics, Inc. - Common Stock","2021-08-24 19:00:00-04:00",7.2,7.2,7.11,7.11,7.11,0
"CYTH","Cyclo Therapeutics, Inc. - Common Stock","2021-08-25 07:00:00-04:00",7.67,7.75,7.67,7.75,7.75,0
"CYTH","Cyclo Therapeutics, Inc. - Common Stock","2021-08-25 08:00:00-04:00",7.76,7.91,7.44,7.5,7.5,0
"CYTH","Cyclo Therapeutics, Inc. - Common Stock","2021-08-25 09:00:00-04:00",7.49,7.5,7.49,7.4999,7.4999,0
"CYTH","Cyclo Therapeutics, Inc. - Common Stock","2021-08-25 09:30:00-04:00",7.449999809265137,7.679999828338623,7.449999809265137,7.588900089263916,7.588900089263916,14313
"CYTH","Cyclo Therapeutics, Inc. - Common Stock","2021-08-25 10:30:00-04:00",7.599999904632568,7.640699863433838,7.360000133514404,7.360000133514404,7.360000133514404,3768
"CYTH","Cyclo Therapeutics, Inc. - Common Stock","2021-08-25 11:30:00-04:00",7.4899001121521,7.4899001121521,7.420000076293945,7.420000076293945,7.420000076293945,5673
"CYTH","Cyclo Therapeutics, Inc. - Common Stock","2021-08-25 12:30:00-04:00",7.230000019073486,7.429999828338623,7.199999809265137,7.380000114440918,7.380000114440918,5958
"CYTH","Cyclo Therapeutics, Inc. - Common Stock","2021-08-25 13:30:00-04:00",7.349999904632568,7.349999904632568,7.349999904632568,7.349999904632568,7.349999904632568,194
"CYTH","Cyclo Therapeutics, Inc. - Common Stock","2021-08-25 14:30:00-04:00",7.400000095367432,7.445000171661377,7.315499782562256,7.332399845123291,7.332399845123291,3282
"CYTH","Cyclo Therapeutics, Inc. - Common Stock","2021-08-25 15:30:00-04:00",7.311399936676025,7.429999828338623,7.311399936676025,7.429999828338623,7.429999828338623,1812
"CYTH","Cyclo Therapeutics, Inc. - Common Stock","2021-08-25 16:00:00-04:00",7.43,7.43,7.43,7.43,7.43,510
"CYTH","Cyclo Therapeutics, Inc. - Common Stock","2021-08-26 09:30:00-04:00",7.300000190734863,7.659999847412109,7.300000190734863,7.401999950408935,7.401999950408935,0
"CYTH","Cyclo Therapeutics, Inc. - Common Stock","2021-08-26 10:30:00-04:00",7.510000228881836,7.510000228881836,7.315000057220459,7.320000171661377,7.320000171661377,3576
"CYTH","Cyclo Therapeutics, Inc. - Common Stock","2021-08-26 11:30:00-04:00",7.389999866485596,7.389999866485596,7.220099925994873,7.34660005569458,7.34660005569458,5240
"CYTH","Cyclo Therapeutics, Inc. - Common Stock","2021-08-26 12:30:00-04:00",7.349899768829346,7.349899768829346,7.334400177001953,7.334400177001953,7.334400177001953,1272
"CYTH","Cyclo Therapeutics, Inc. - Common Stock","2021-08-26 13:30:00-04:00",7.309999942779541,7.309999942779541,7.249499797821045,7.249499797821045,7.249499797821045,1494
"CYTH","Cyclo Therapeutics, Inc. - Common Stock","2021-08-26 14:30:00-04:00",7.260000228881836,7.310500144958496,7.210000038146973,7.304699897766113,7.304699897766113,1643
"CYTH","Cyclo Therapeutics, Inc. - Common Stock","2021-08-26 15:30:00-04:00",7.2600998878479,7.320000171661377,7.230000019073486,7.275000095367432,7.275000095367432,5037
"CYTH","Cyclo Therapeutics, Inc. - Common Stock","2021-08-26 16:00:00-04:00",7.23,7.23,7.2,7.2,7.2,0
"CYTH","Cyclo Therapeutics, Inc. - Common Stock","2021-08-26 17:00:00-04:00",7.2,7.2,7.2,7.2,7.2,0
"CYTH","Cyclo Therapeutics, Inc. - Common Stock","2021-08-26 19:00:00-04:00",7.2,7.2,7.15,7.15,7.15,0
"CYTH","Cyclo Therapeutics, Inc. - Common Stock","2021-08-27 09:00:00-04:00",7.23,7.23,7.23,7.23,7.23,0
"CYTH","Cyclo Therapeutics, Inc. - Common Stock","2021-08-27 09:30:00-04:00",7.230000019073486,7.324399948120117,7.230000019073486,7.260000228881836,7.260000228881836,3264
"CYTH","Cyclo Therapeutics, Inc. - Common Stock","2021-08-27 10:30:00-04:00",7.349999904632568,7.380000114440918,7.260000228881836,7.380000114440918,7.380000114440918,2615
"CYTH","Cyclo Therapeutics, Inc. - Common Stock","2021-08-27 11:30:00-04:00",7.300000190734863,7.392000198364258,7.28000020980835,7.364099979400635,7.364099979400635,2371
"CYTH","Cyclo Therapeutics, Inc. - Common Stock","2021-08-27 12:30:00-04:00",7.391300201416016,7.391300201416016,7.329999923706055,7.369999885559082,7.369999885559082,3377
"CYTH","Cyclo Therapeutics, Inc. - Common Stock","2021-08-27 13:30:00-04:00",7.400000095367432,7.495999813079834,7.400000095367432,7.489999771118164,7.489999771118164,6465
"CYTH","Cyclo Therapeutics, Inc. - Common Stock","2021-08-27 14:30:00-04:00",7.445000171661377,7.5,7.429999828338623,7.5,7.5,2952
"CYTH","Cyclo Therapeutics, Inc. - Common Stock","2021-08-27 15:30:00-04:00",7.520100116729736,7.630000114440918,7.410099983215332,7.590000152587891,7.590000152587891,11925
"CYTH","Cyclo Therapeutics, Inc. - Common Stock","2021-08-27 16:00:00-04:00",7.46,7.59,7.41,7.46,7.46,0
"CYTH","Cyclo Therapeutics, Inc. - Common Stock","2021-08-27 17:00:00-04:00",7.57,7.57,7.57,7.57,7.57,0
"CYTH","Cyclo Therapeutics, Inc. - Common Stock","2021-08-27 18:00:00-04:00",7.57,7.57,7.57,7.57,7.57,0
"CYTH","Cyclo Therapeutics, Inc. - Common Stock","2021-08-30 09:30:00-04:00",7.5,7.5,7.300000190734863,7.449999809265137,7.449999809265137,9465
"CYTH","Cyclo Therapeutics, Inc. - Common Stock","2021-08-30 10:30:00-04:00",7.429999828338623,7.429999828338623,7.395800113677978,7.395800113677978,7.395800113677978,1883
"CYTH","Cyclo Therapeutics, Inc. - Common Stock","2021-08-30 11:30:00-04:00",7.365699768066406,7.5,7.365699768066406,7.5,7.5,5521
"CYTH","Cyclo Therapeutics, Inc. - Common Stock","2021-08-30 12:30:00-04:00",7.400000095367432,7.400000095367432,7.360000133514404,7.360000133514404,7.360000133514404,5279
"CYTH","Cyclo Therapeutics, Inc. - Common Stock","2021-08-30 13:30:00-04:00",7.400000095367432,7.480000019073486,7.400000095367432,7.420000076293945,7.420000076293945,3425
"CYTH","Cyclo Therapeutics, Inc. - Common Stock","2021-08-30 14:30:00-04:00",7.410999774932861,7.480000019073486,7.409999847412109,7.480000019073486,7.480000019073486,1312
"CYTH","Cyclo Therapeutics, Inc. - Common Stock","2021-08-30 15:30:00-04:00",7.479899883270264,7.479899883270264,7.446100234985352,7.446100234985352,7.446100234985352,623
"CYTH","Cyclo Therapeutics, Inc. - Common Stock","2021-08-30 16:00:00-04:00",7.45,7.45,7.35,7.35,7.35,0
"CYTH","Cyclo Therapeutics, Inc. - Common Stock","2021-08-30 17:00:00-04:00",7.42,7.42,7.42,7.42,7.42,0
"CYTH","Cyclo Therapeutics, Inc. - Common Stock","2021-09-01 07:00:00-04:00",7.36,7.36,7.25,7.31,7.31,0
"CYTH","Cyclo Therapeutics, Inc. - Common Stock","2021-09-01 09:00:00-04:00",7.75,7.75,7.75,7.75,7.75,0
"CYTH","Cyclo Therapeutics, Inc. - Common Stock","2021-09-01 09:30:00-04:00",7.550000190734863,7.671599864959717,7.5,7.519800186157227,7.519800186157227,7122
"CYTH","Cyclo Therapeutics, Inc. - Common Stock","2021-09-01 10:30:00-04:00",7.531099796295166,7.600200176239014,7.510000228881836,7.534200191497803,7.534200191497803,4006
"CYTH","Cyclo Therapeutics, Inc. - Common Stock","2021-09-01 11:30:00-04:00",7.5,7.5,7.399899959564209,7.449999809265137,7.449999809265137,3878
"CYTH","Cyclo Therapeutics, Inc. - Common Stock","2021-09-01 12:30:00-04:00",7.460000038146973,7.465000152587891,7.349999904632568,7.349999904632568,7.349999904632568,7258
"CYTH","Cyclo Therapeutics, Inc. - Common Stock","2021-09-01 13:30:00-04:00",7.364999771118164,7.400000095367432,7.31820011138916,7.31820011138916,7.31820011138916,1603
"CYTH","Cyclo Therapeutics, Inc. - Common Stock","2021-09-01 14:30:00-04:00",7.309999942779541,7.349999904632568,7.269999980926514,7.349999904632568,7.349999904632568,3538
"CYTH","Cyclo Therapeutics, Inc. - Common Stock","2021-09-01 15:30:00-04:00",7.400000095367432,7.429999828338623,7.400000095367432,7.400000095367432,7.400000095367432,2044
"CYTH","Cyclo Therapeutics, Inc. - Common Stock","2021-09-01 16:00:00-04:00",7.35,7.35,7.35,7.35,7.35,1236
"CYTH","Cyclo Therapeutics, Inc. - Common Stock","2021-09-02 08:00:00-04:00",7.7199,7.7199,7.7199,7.7199,7.7199,0
"CYTH","Cyclo Therapeutics, Inc. - Common Stock","2021-09-02 09:30:00-04:00",7.260000228881836,7.375,7.110000133514404,7.259099960327148,7.259099960327148,7981
"CYTH","Cyclo Therapeutics, Inc. - Common Stock","2021-09-02 10:30:00-04:00",7.340000152587891,7.409999847412109,7.320000171661377,7.389999866485596,7.389999866485596,1527
"CYTH","Cyclo Therapeutics, Inc. - Common Stock","2021-09-02 11:30:00-04:00",7.360000133514404,7.360000133514404,7.360000133514404,7.360000133514404,7.360000133514404,469
"CYTH","Cyclo Therapeutics, Inc. - Common Stock","2021-09-02 12:30:00-04:00",7.389999866485596,7.389999866485596,7.349999904632568,7.375,7.375,1454
"CYTH","Cyclo Therapeutics, Inc. - Common Stock","2021-09-02 13:30:00-04:00",7.400000095367432,7.420000076293945,7.371399879455566,7.371399879455566,7.371399879455566,1595
"CYTH","Cyclo Therapeutics, Inc. - Common Stock","2021-09-02 14:30:00-04:00",7.385000228881836,7.440000057220459,7.385000228881836,7.400000095367432,7.400000095367432,1248
"CYTH","Cyclo Therapeutics, Inc. - Common Stock","2021-09-02 15:30:00-04:00",7.300099849700928,7.440000057220459,7.300099849700928,7.429999828338623,7.429999828338623,980
"CYTH","Cyclo Therapeutics, Inc. - Common Stock","2021-09-02 16:00:00-04:00",7.38,7.38,7.38,7.38,7.38,827
"CYTH","Cyclo Therapeutics, Inc. - Common Stock","2021-09-03 06:00:00-04:00",7.38,7.38,7.38,7.38,7.38,0
"CYTH","Cyclo Therapeutics, Inc. - Common Stock","2021-09-03 08:00:00-04:00",7.7,7.7,7.7,7.7,7.7,0
"CYTH","Cyclo Therapeutics, Inc. - Common Stock","2021-09-03 09:30:00-04:00",7.420000076293945,7.420000076293945,7.199999809265137,7.262599945068359,7.262599945068359,17209
"CYTH","Cyclo Therapeutics, Inc. - Common Stock","2021-09-03 10:30:00-04:00",7.320000171661377,7.389900207519531,7.230000019073486,7.230000019073486,7.230000019073486,1966
"CYTH","Cyclo Therapeutics, Inc. - Common Stock","2021-09-03 11:30:00-04:00",7.239099979400635,7.260000228881836,7.239099979400635,7.260000228881836,7.260000228881836,475
"CYTH","Cyclo Therapeutics, Inc. - Common Stock","2021-09-03 12:30:00-04:00",7.300000190734863,7.300000190734863,7.239999771118164,7.239999771118164,7.239999771118164,1959
"CYTH","Cyclo Therapeutics, Inc. - Common Stock","2021-09-03 13:30:00-04:00",7.25,7.28000020980835,7.210000038146973,7.21999979019165,7.21999979019165,1570
"CYTH","Cyclo Therapeutics, Inc. - Common Stock","2021-09-03 14:30:00-04:00",7.199999809265137,7.275000095367432,7.199999809265137,7.275000095367432,7.275000095367432,2167
"CYTH","Cyclo Therapeutics, Inc. - Common Stock","2021-09-03 15:30:00-04:00",7.250100135803223,7.269999980926514,7.25,7.269999980926514,7.269999980926514,856
"CYTH","Cyclo Therapeutics, Inc. - Common Stock","2021-09-03 16:00:00-04:00",7.3,7.3,7.3,7.3,7.3,203
"CYTH","Cyclo Therapeutics, Inc. - Common Stock","2021-09-03 17:00:00-04:00",7.66,7.66,7.66,7.66,7.66,0
"CYTH","Cyclo Therapeutics, Inc. - Common Stock","2021-09-03 19:00:00-04:00",7.3,7.3,7.3,7.3,7.3,0
"CYTH","Cyclo Therapeutics, Inc. - Common Stock","2021-09-07 09:30:00-04:00",7.230000019073486,7.289999961853027,7.199999809265137,7.260000228881836,7.260000228881836,25777
"CYTH","Cyclo Therapeutics, Inc. - Common Stock","2021-09-07 10:30:00-04:00",7.206600189208984,7.249899864196777,7.160099983215332,7.230000019073486,7.230000019073486,4169
"CYTH","Cyclo Therapeutics, Inc. - Common Stock","2021-09-07 11:30:00-04:00",7.230000019073486,7.230000019073486,7.230000019073486,7.230000019073486,7.230000019073486,318
"CYTH","Cyclo Therapeutics, Inc. - Common Stock","2021-09-07 12:30:00-04:00",7.204999923706055,7.204999923706055,7.179999828338623,7.190000057220459,7.190000057220459,1648
"CYTH","Cyclo Therapeutics, Inc. - Common Stock","2021-09-07 13:30:00-04:00",7.199999809265137,7.269999980926514,7.199999809265137,7.252799987792969,7.252799987792969,2410
"CYTH","Cyclo Therapeutics, Inc. - Common Stock","2021-09-07 14:30:00-04:00",7.269299983978271,7.28000020980835,7.190000057220459,7.28000020980835,7.28000020980835,11547
"CYTH","Cyclo Therapeutics, Inc. - Common Stock","2021-09-07 15:30:00-04:00",7.260000228881836,7.300000190734863,7.260000228881836,7.289999961853027,7.289999961853027,2650
"CYTH","Cyclo Therapeutics, Inc. - Common Stock","2021-09-07 16:00:00-04:00",7.28,7.28,7.27,7.27,7.27,0
"CYTH","Cyclo Therapeutics, Inc. - Common Stock","2021-09-08 09:30:00-04:00",7.28000020980835,7.340000152587891,7.119999885559082,7.199999809265137,7.199999809265137,2588
"CYTH","Cyclo Therapeutics, Inc. - Common Stock","2021-09-08 10:30:00-04:00",7.284999847412109,7.284999847412109,7.119999885559082,7.150000095367432,7.150000095367432,16942
"CYTH","Cyclo Therapeutics, Inc. - Common Stock","2021-09-08 11:30:00-04:00",7.119999885559082,7.128300189971924,7.019999980926514,7.062099933624268,7.062099933624268,5355
"CYTH","Cyclo Therapeutics, Inc. - Common Stock","2021-09-08 12:30:00-04:00",7.129899978637695,7.130000114440918,7.12529993057251,7.130000114440918,7.130000114440918,618
"CYTH","Cyclo Therapeutics, Inc. - Common Stock","2021-09-08 13:30:00-04:00",7.179999828338623,7.179999828338623,7.110000133514404,7.120100021362305,7.120100021362305,1954
"CYTH","Cyclo Therapeutics, Inc. - Common Stock","2021-09-08 14:30:00-04:00",7.159999847412109,7.179999828338623,7.119999885559082,7.179999828338623,7.179999828338623,2179
"CYTH","Cyclo Therapeutics, Inc. - Common Stock","2021-09-08 15:30:00-04:00",7.100100040435791,7.170000076293945,7.100100040435791,7.119999885559082,7.119999885559082,1767
"CYTH","Cyclo Therapeutics, Inc. - Common Stock","2021-09-08 16:00:00-04:00",7.11,7.12,7.07,7.07,7.07,0
"CYTH","Cyclo Therapeutics, Inc. - Common Stock","2021-09-09 08:00:00-04:00",7.11,7.11,7.11,7.11,7.11,0
"CYTH","Cyclo Therapeutics, Inc. - Common Stock","2021-09-09 09:30:00-04:00",7.059999942779541,7.114999771118164,7.050000190734863,7.099999904632568,7.099999904632568,6774
"CYTH","Cyclo Therapeutics, Inc. - Common Stock","2021-09-09 10:30:00-04:00",7.139999866485596,7.150000095367432,7.139999866485596,7.150000095367432,7.150000095367432,634
"CYTH","Cyclo Therapeutics, Inc. - Common Stock","2021-09-09 11:30:00-04:00",7.099999904632568,7.199999809265137,7.090000152587891,7.199999809265137,7.199999809265137,1929
"CYTH","Cyclo Therapeutics, Inc. - Common Stock","2021-09-09 12:30:00-04:00",7.199999809265137,7.349999904632568,7.199999809265137,7.260000228881836,7.260000228881836,3158
"CYTH","Cyclo Therapeutics, Inc. - Common Stock","2021-09-09 13:30:00-04:00",7.329999923706055,7.329999923706055,7.320000171661377,7.320000171661377,7.320000171661377,942
"CYTH","Cyclo Therapeutics, Inc. - Common Stock","2021-09-09 14:30:00-04:00",7.320000171661377,7.420000076293945,7.260000228881836,7.414999961853027,7.414999961853027,2685
"CYTH","Cyclo Therapeutics, Inc. - Common Stock","2021-09-09 15:30:00-04:00",7.340000152587891,7.340000152587891,7.260000228881836,7.329999923706055,7.329999923706055,3190
"CYTH","Cyclo Therapeutics, Inc. - Common Stock","2021-09-09 16:00:00-04:00",7.25,7.4,7.25,7.4,7.4,0
"CYTH","Cyclo Therapeutics, Inc. - Common Stock","2021-09-09 19:00:00-04:00",7.72,7.72,7.72,7.72,7.72,0
"CYTH","Cyclo Therapeutics, Inc. - Common Stock","2021-09-10 07:00:00-04:00",7.71,7.71,7.71,7.71,7.71,0
"CYTH","Cyclo Therapeutics, Inc. - Common Stock","2021-09-10 08:00:00-04:00",7.26,7.719,7.26,7.64,7.64,0
"CYTH","Cyclo Therapeutics, Inc. - Common Stock","2021-09-10 09:00:00-04:00",7.61,7.61,7.25,7.4,7.4,0
"CYTH","Cyclo Therapeutics, Inc. - Common Stock","2021-09-10 09:30:00-04:00",7.260000228881836,7.380000114440918,7.25,7.25,7.25,3594
"CYTH","Cyclo Therapeutics, Inc. - Common Stock","2021-09-10 10:30:00-04:00",7.160099983215332,7.199999809265137,7.100100040435791,7.150000095367432,7.150000095367432,2099
"CYTH","Cyclo Therapeutics, Inc. - Common Stock","2021-09-10 11:30:00-04:00",7.156400203704834,7.21999979019165,7.156400203704834,7.21999979019165,7.21999979019165,895
"CYTH","Cyclo Therapeutics, Inc. - Common Stock","2021-09-10 12:30:00-04:00",7.21999979019165,7.21999979019165,7.159999847412109,7.159999847412109,7.159999847412109,676
"CYTH","Cyclo Therapeutics, Inc. - Common Stock","2021-09-10 13:30:00-04:00",7.171000003814697,7.21999979019165,7.159999847412109,7.219900131225586,7.219900131225586,2298
"CYTH","Cyclo Therapeutics, Inc. - Common Stock","2021-09-10 14:30:00-04:00",7.199999809265137,7.199999809265137,7.099999904632568,7.099999904632568,7.099999904632568,2614
"CYTH","Cyclo Therapeutics, Inc. - Common Stock","2021-09-10 15:30:00-04:00",7.159999847412109,7.21999979019165,7.099999904632568,7.099999904632568,7.099999904632568,875
"CYTH","Cyclo Therapeutics, Inc. - Common Stock","2021-09-10 16:00:00-04:00",7.1,7.4,7.1,7.4,7.4,0
"CYTH","Cyclo Therapeutics, Inc. - Common Stock","2021-09-10 17:00:00-04:00",7.5,7.5,7.15,7.4,7.4,0
"CYTH","Cyclo Therapeutics, Inc. - Common Stock","2021-09-10 18:00:00-04:00",7.25,7.25,7.15,7.15,7.15,0
"CYTH","Cyclo Therapeutics, Inc. - Common Stock","2021-09-13 07:00:00-04:00",7.13,7.13,7.11,7.11,7.11,0
"CYTH","Cyclo Therapeutics, Inc. - Common Stock","2021-09-13 08:00:00-04:00",7.11,7.11,7.11,7.11,7.11,0
"CYTH","Cyclo Therapeutics, Inc. - Common Stock","2021-09-13 09:30:00-04:00",7.074900150299072,7.150000095367432,6.730000019073486,6.840000152587891,6.840000152587891,44941
"CYTH","Cyclo Therapeutics, Inc. - Common Stock","2021-09-13 10:30:00-04:00",6.909900188446045,6.920000076293945,6.849999904632568,6.849999904632568,6.849999904632568,6921
"CYTH","Cyclo Therapeutics, Inc. - Common Stock","2021-09-13 11:30:00-04:00",6.832099914550781,6.949999809265137,6.832099914550781,6.880099773406982,6.880099773406982,9571
"CYTH","Cyclo Therapeutics, Inc. - Common Stock","2021-09-13 12:30:00-04:00",6.889999866485596,7.050000190734863,6.880000114440918,7.027299880981445,7.027299880981445,16322
"CYTH","Cyclo Therapeutics, Inc. - Common Stock","2021-09-13 13:30:00-04:00",6.880099773406982,6.980000019073486,6.5,6.687600135803223,6.687600135803223,43433
"CYTH","Cyclo Therapeutics, Inc. - Common Stock","2021-09-13 14:30:00-04:00",6.611800193786621,6.679999828338623,6.420100212097168,6.44789981842041,6.44789981842041,29190
"CYTH","Cyclo Therapeutics, Inc. - Common Stock","2021-09-13 15:30:00-04:00",6.441800117492676,6.489999771118164,6.420000076293945,6.440000057220459,6.440000057220459,14766
"CYTH","Cyclo Therapeutics, Inc. - Common Stock","2021-09-13 16:00:00-04:00",6.47,6.5,6.47,6.5,6.5,0
"CYTH","Cyclo Therapeutics, Inc. - Common Stock","2021-09-13 17:00:00-04:00",6.5,6.63,6.5,6.63,6.63,0
"CYTH","Cyclo Therapeutics, Inc. - Common Stock","2021-09-13 18:00:00-04:00",6.5,6.5,6.5,6.5,6.5,0
"CYTH","Cyclo Therapeutics, Inc. - Common Stock","2021-09-14 09:30:00-04:00",6.489999771118164,6.489999771118164,6.230000019073486,6.34499979019165,6.34499979019165,19218
"CYTH","Cyclo Therapeutics, Inc. - Common Stock","2021-09-14 10:30:00-04:00",6.300099849700928,6.360000133514404,6.224999904632568,6.230000019073486,6.230000019073486,12077
"CYTH","Cyclo Therapeutics, Inc. - Common Stock","2021-09-14 11:30:00-04:00",6.264999866485596,6.286099910736084,6.072000026702881,6.179999828338623,6.179999828338623,10492
"CYTH","Cyclo Therapeutics, Inc. - Common Stock","2021-09-14 12:30:00-04:00",6.15500020980835,6.25,6.15500020980835,6.199900150299072,6.199900150299072,6965
"CYTH","Cyclo Therapeutics, Inc. - Common Stock","2021-09-14 13:30:00-04:00",6.190100193023682,6.449999809265137,6.159999847412109,6.449900150299072,6.449900150299072,19199
"CYTH","Cyclo Therapeutics, Inc. - Common Stock","2021-09-14 14:30:00-04:00",6.449999809265137,6.454999923706055,6.28439998626709,6.410699844360352,6.410699844360352,9166
"CYTH","Cyclo Therapeutics, Inc. - Common Stock","2021-09-14 15:30:00-04:00",6.420000076293945,6.599999904632568,6.420000076293945,6.599999904632568,6.599999904632568,7154
"CYTH","Cyclo Therapeutics, Inc. - Common Stock","2021-09-14 16:00:00-04:00",6.6,6.6,6.6,6.6,6.6,337
"CYTH","Cyclo Therapeutics, Inc. - Common Stock","2021-09-14 17:00:00-04:00",6.7,6.7,6.7,6.7,6.7,0
"CYTH","Cyclo Therapeutics, Inc. - Common Stock","2021-09-14 19:00:00-04:00",6.7,6.74,6.7,6.74,6.74,0
"CYTH","Cyclo Therapeutics, Inc. - Common Stock","2021-09-15 06:00:00-04:00",6.7,6.7,6.7,6.7,6.7,0
"CYTH","Cyclo Therapeutics, Inc. - Common Stock","2021-09-15 07:00:00-04:00",6.7,6.7,6.7,6.7,6.7,0
"CYTH","Cyclo Therapeutics, Inc. - Common Stock","2021-09-15 08:00:00-04:00",6.7,6.95,6.7,6.95,6.95,0
"CYTH","Cyclo Therapeutics, Inc. - Common Stock","2021-09-15 09:30:00-04:00",6.599999904632568,6.749000072479248,6.340000152587891,6.400000095367432,6.400000095367432,15936
"CYTH","Cyclo Therapeutics, Inc. - Common Stock","2021-09-15 10:30:00-04:00",6.400000095367432,6.559999942779541,6.380000114440918,6.458399772644043,6.458399772644043,7736
"CYTH","Cyclo Therapeutics, Inc. - Common Stock","2021-09-15 11:30:00-04:00",6.517499923706055,6.517499923706055,6.21999979019165,6.260000228881836,6.260000228881836,6238
"CYTH","Cyclo Therapeutics, Inc. - Common Stock","2021-09-15 12:30:00-04:00",6.335999965667725,6.40500020980835,6.25,6.290299892425537,6.290299892425537,20132
"CYTH","Cyclo Therapeutics, Inc. - Common Stock","2021-09-15 13:30:00-04:00",6.300000190734863,6.440899848937988,6.2555999755859375,6.369999885559082,6.369999885559082,12663
"CYTH","Cyclo Therapeutics, Inc. - Common Stock","2021-09-15 14:30:00-04:00",6.389999866485596,6.460000038146973,6.260000228881836,6.460000038146973,6.460000038146973,8186
"CYTH","Cyclo Therapeutics, Inc. - Common Stock","2021-09-15 15:30:00-04:00",6.40500020980835,6.900000095367432,6.40500020980835,6.650000095367432,6.650000095367432,20901
"CYTH","Cyclo Therapeutics, Inc. - Common Stock","2021-09-15 16:00:00-04:00",6.51,6.51,6.51,6.51,6.51,0
"CYTH","Cyclo Therapeutics, Inc. - Common Stock","2021-09-15 18:00:00-04:00",6.51,6.51,6.51,6.51,6.51,0
"CYTH","Cyclo Therapeutics, Inc. - Common Stock","2021-09-16 08:00:00-04:00",7.1,7.1,7.1,7.1,7.1,0
"CYTH","Cyclo Therapeutics, Inc. - Common Stock","2021-09-16 09:30:00-04:00",6.510000228881836,7.010000228881836,6.25,6.5,6.5,26151
"CYTH","Cyclo Therapeutics, Inc. - Common Stock","2021-09-16 10:30:00-04:00",6.5,6.570000171661377,6.5,6.5,6.5,3446
"CYTH","Cyclo Therapeutics, Inc. - Common Stock","2021-09-16 11:30:00-04:00",6.489999771118164,6.589900016784668,6.480000019073486,6.550000190734863,6.550000190734863,3309
"CYTH","Cyclo Therapeutics, Inc. - Common Stock","2021-09-16 12:30:00-04:00",6.599999904632568,6.599999904632568,6.510000228881836,6.590000152587891,6.590000152587891,1877
"CYTH","Cyclo Therapeutics, Inc. - Common Stock","2021-09-16 13:30:00-04:00",6.559999942779541,6.679999828338623,6.559999942779541,6.679999828338623,6.679999828338623,3135
"CYTH","Cyclo Therapeutics, Inc. - Common Stock","2021-09-16 14:30:00-04:00",6.679999828338623,6.809999942779541,6.636600017547607,6.710000038146973,6.710000038146973,7495
"CYTH","Cyclo Therapeutics, Inc. - Common Stock","2021-09-16 15:30:00-04:00",6.800000190734863,6.800000190734863,6.60290002822876,6.679999828338623,6.679999828338623,3716
"CYTH","Cyclo Therapeutics, Inc. - Common Stock","2021-09-16 16:00:00-04:00",6.61,6.61,6.6,6.6,6.6,0
"CYTH","Cyclo Therapeutics, Inc. - Common Stock","2021-09-17 08:00:00-04:00",6.61,6.61,6.61,6.61,6.61,0
"CYTH","Cyclo Therapeutics, Inc. - Common Stock","2021-09-17 09:00:00-04:00",6.5,6.5,6.5,6.5,6.5,0
"CYTH","Cyclo Therapeutics, Inc. - Common Stock","2021-09-17 09:30:00-04:00",6.610000133514404,6.610000133514404,6.510000228881836,6.526299953460693,6.526299953460693,5348
"CYTH","Cyclo Therapeutics, Inc. - Common Stock","2021-09-17 10:30:00-04:00",6.558199882507324,6.639999866485596,6.558199882507324,6.616300106048584,6.616300106048584,2682
"CYTH","Cyclo Therapeutics, Inc. - Common Stock","2021-09-17 11:30:00-04:00",6.540999889373779,6.670000076293945,6.540999889373779,6.670000076293945,6.670000076293945,3828
"CYTH","Cyclo Therapeutics, Inc. - Common Stock","2021-09-17 12:30:00-04:00",6.659999847412109,6.824999809265137,6.659999847412109,6.820000171661377,6.820000171661377,9782
"CYTH","Cyclo Therapeutics, Inc. - Common Stock","2021-09-17 13:30:00-04:00",6.800000190734863,6.800000190734863,6.6545000076293945,6.739999771118164,6.739999771118164,1832
"CYTH","Cyclo Therapeutics, Inc. - Common Stock","2021-09-17 15:30:00-04:00",6.650000095367432,6.820000171661377,6.650000095367432,6.71999979019165,6.71999979019165,6506
"CYTH","Cyclo Therapeutics, Inc. - Common Stock","2021-09-17 16:00:00-04:00",6.81,6.85,6.81,6.85,6.85,0
"CYTH","Cyclo Therapeutics, Inc. - Common Stock","2021-09-17 17:00:00-04:00",6.81,6.81,6.81,6.81,6.81,0
"CYTH","Cyclo Therapeutics, Inc. - Common Stock","2021-09-20 07:00:00-04:00",6.75,6.75,6.75,6.75,6.75,0
"CYTH","Cyclo Therapeutics, Inc. - Common Stock","2021-09-20 08:00:00-04:00",6.75,6.75,6.55,6.55,6.55,0
"CYTH","Cyclo Therapeutics, Inc. - Common Stock","2021-09-20 09:30:00-04:00",6.650000095367432,6.699999809265137,6.400000095367432,6.400000095367432,6.400000095367432,18218
"CYTH","Cyclo Therapeutics, Inc. - Common Stock","2021-09-20 10:30:00-04:00",6.44980001449585,6.550000190734863,6.349999904632568,6.534800052642822,6.534800052642822,3633
"CYTH","Cyclo Therapeutics, Inc. - Common Stock","2021-09-20 11:30:00-04:00",6.4899001121521,6.4899001121521,6.320000171661377,6.349999904632568,6.349999904632568,12589
"CYTH","Cyclo Therapeutics, Inc. - Common Stock","2021-09-20 12:30:00-04:00",6.349999904632568,6.3531999588012695,6.25,6.340000152587891,6.340000152587891,7912
"CYTH","Cyclo Therapeutics, Inc. - Common Stock","2021-09-20 13:30:00-04:00",6.4679999351501465,6.489999771118164,6.407800197601318,6.407800197601318,6.407800197601318,2098
"CYTH","Cyclo Therapeutics, Inc. - Common Stock","2021-09-20 14:30:00-04:00",6.414999961853027,6.414999961853027,6.130000114440918,6.199900150299072,6.199900150299072,5637
"CYTH","Cyclo Therapeutics, Inc. - Common Stock","2021-09-20 15:30:00-04:00",6.175000190734863,6.260000228881836,6.164999961853027,6.210000038146973,6.210000038146973,5154
"CYTH","Cyclo Therapeutics, Inc. - Common Stock","2021-09-20 16:00:00-04:00",6.21,6.75,6.21,6.7,6.7,0
"CYTH","Cyclo Therapeutics, Inc. - Common Stock","2021-09-20 17:00:00-04:00",6.69,6.69,6.69,6.69,6.69,0
"CYTH","Cyclo Therapeutics, Inc. - Common Stock","2021-09-20 18:00:00-04:00",6.35,6.35,6.35,6.35,6.35,0
"CYTH","Cyclo Therapeutics, Inc. - Common Stock","2021-09-21 08:00:00-04:00",6.21,6.21,6.21,6.21,6.21,0
"CYTH","Cyclo Therapeutics, Inc. - Common Stock","2021-09-21 09:00:00-04:00",6.4,6.4,6.31,6.31,6.31,0
"CYTH","Cyclo Therapeutics, Inc. - Common Stock","2021-09-21 09:30:00-04:00",6.230000019073486,6.484799861907959,6.230000019073486,6.375,6.375,3679
"CYTH","Cyclo Therapeutics, Inc. - Common Stock","2021-09-21 10:30:00-04:00",6.400000095367432,6.539999961853027,6.400000095367432,6.429999828338623,6.429999828338623,5323
"CYTH","Cyclo Therapeutics, Inc. - Common Stock","2021-09-21 11:30:00-04:00",6.404200077056885,6.460000038146973,6.369999885559082,6.409999847412109,6.409999847412109,7576
"CYTH","Cyclo Therapeutics, Inc. - Common Stock","2021-09-21 12:30:00-04:00",6.400000095367432,6.440000057220459,6.28000020980835,6.349999904632568,6.349999904632568,5368
"CYTH","Cyclo Therapeutics, Inc. - Common Stock","2021-09-21 13:30:00-04:00",6.285399913787842,6.360000133514404,6.285399913787842,6.349999904632568,6.349999904632568,3285
"CYTH","Cyclo Therapeutics, Inc. - Common Stock","2021-09-21 14:30:00-04:00",6.349899768829346,6.460000038146973,6.3471999168396,6.414999961853027,6.414999961853027,6506
"CYTH","Cyclo Therapeutics, Inc. - Common Stock","2021-09-21 15:30:00-04:00",6.330100059509277,6.480000019073486,6.330100059509277,6.349999904632568,6.349999904632568,5940
"CYTH","Cyclo Therapeutics, Inc. - Common Stock","2021-09-21 16:00:00-04:00",6.3,6.3,6.3,6.3,6.3,3094
"CYTH","Cyclo Therapeutics, Inc. - Common Stock","2021-09-22 06:00:00-04:00",6.3,6.3,6.3,6.3,6.3,0
"CYTH","Cyclo Therapeutics, Inc. - Common Stock","2021-09-22 09:00:00-04:00",6.32,6.35,6.32,6.35,6.35,0
"CYTH","Cyclo Therapeutics, Inc. - Common Stock","2021-09-22 09:30:00-04:00",6.329999923706055,6.5,6.25,6.28000020980835,6.28000020980835,4238
"CYTH","Cyclo Therapeutics, Inc. - Common Stock","2021-09-22 10:30:00-04:00",6.309999942779541,6.480000019073486,6.309999942779541,6.478000164031982,6.478000164031982,3043
"CYTH","Cyclo Therapeutics, Inc. - Common Stock","2021-09-22 11:30:00-04:00",6.440000057220459,6.489999771118164,6.437600135803223,6.440000057220459,6.440000057220459,2117
"CYTH","Cyclo Therapeutics, Inc. - Common Stock","2021-09-22 12:30:00-04:00",6.449999809265137,6.5,6.449999809265137,6.5,6.5,3187
"CYTH","Cyclo Therapeutics, Inc. - Common Stock","2021-09-22 13:30:00-04:00",6.550000190734863,6.550000190734863,6.52400016784668,6.550000190734863,6.550000190734863,3406
"CYTH","Cyclo Therapeutics, Inc. - Common Stock","2021-09-22 14:30:00-04:00",6.525000095367432,6.549499988555908,6.429999828338623,6.46999979019165,6.46999979019165,7769
"CYTH","Cyclo Therapeutics, Inc. - Common Stock","2021-09-22 15:30:00-04:00",6.510000228881836,6.510000228881836,6.460000038146973,6.489999771118164,6.489999771118164,0
"CYTH","Cyclo Therapeutics, Inc. - Common Stock","2021-09-23 09:00:00-04:00",6.32,6.32,6.32,6.32,6.32,0
"CYTH","Cyclo Therapeutics, Inc. - Common Stock","2021-09-23 09:30:00-04:00",6.440000057220459,6.550000190734863,6.385000228881836,6.538000106811523,6.538000106811523,3561
"CYTH","Cyclo Therapeutics, Inc. - Common Stock","2021-09-23 10:30:00-04:00",6.539899826049805,6.650000095367432,6.519999980926514,6.574999809265137,6.574999809265137,17765
"CYTH","Cyclo Therapeutics, Inc. - Common Stock","2021-09-23 11:30:00-04:00",6.690000057220459,6.690000057220459,6.460000038146973,6.659200191497803,6.659200191497803,2494
"CYTH","Cyclo Therapeutics, Inc. - Common Stock","2021-09-23 12:30:00-04:00",6.659999847412109,6.800000190734863,6.599999904632568,6.800000190734863,6.800000190734863,2306
"CYTH","Cyclo Therapeutics, Inc. - Common Stock","2021-09-23 13:30:00-04:00",6.78000020980835,6.889999866485596,6.720799922943115,6.800000190734863,6.800000190734863,10139
"CYTH","Cyclo Therapeutics, Inc. - Common Stock","2021-09-23 14:30:00-04:00",6.760000228881836,6.760000228881836,6.550000190734863,6.699999809265137,6.699999809265137,3027
"CYTH","Cyclo Therapeutics, Inc. - Common Stock","2021-09-23 15:30:00-04:00",6.75,6.75,6.610000133514404,6.639999866485596,6.639999866485596,4013
"CYTH","Cyclo Therapeutics, Inc. - Common Stock","2021-09-23 16:00:00-04:00",6.58,6.9,6.58,6.8784,6.8784,0
"CYTH","Cyclo Therapeutics, Inc. - Common Stock","2021-09-23 17:00:00-04:00",6.62,6.8,6.62,6.8,6.8,0
"CYTH","Cyclo Therapeutics, Inc. - Common Stock","2021-09-24 05:00:00-04:00",6.6,6.6,6.6,6.6,6.6,0
"CYTH","Cyclo Therapeutics, Inc. - Common Stock","2021-09-24 06:00:00-04:00",6.53,6.53,6.53,6.53,6.53,0
"CYTH","Cyclo Therapeutics, Inc. - Common Stock","2021-09-24 08:00:00-04:00",7.07,7.07,7.07,7.07,7.07,0
"CYTH","Cyclo Therapeutics, Inc. - Common Stock","2021-09-24 09:00:00-04:00",6.75,6.75,6.75,6.75,6.75,0
"CYTH","Cyclo Therapeutics, Inc. - Common Stock","2021-09-24 09:30:00-04:00",6.570000171661377,6.739999771118164,6.570000171661377,6.739999771118164,6.739999771118164,3009
"CYTH","Cyclo Therapeutics, Inc. - Common Stock","2021-09-24 10:30:00-04:00",6.75,6.829999923706055,6.744500160217285,6.829999923706055,6.829999923706055,1834
"CYTH","Cyclo Therapeutics, Inc. - Common Stock","2021-09-24 11:30:00-04:00",6.829999923706055,6.849999904632568,6.710100173950195,6.804999828338623,6.804999828338623,1901
"CYTH","Cyclo Therapeutics, Inc. - Common Stock","2021-09-24 12:30:00-04:00",6.849999904632568,7.049600124359131,6.809999942779541,6.949999809265137,6.949999809265137,11729
"CYTH","Cyclo Therapeutics, Inc. - Common Stock","2021-09-24 13:30:00-04:00",7.03000020980835,7.03000020980835,7.018899917602539,7.018899917602539,7.018899917602539,1603
"CYTH","Cyclo Therapeutics, Inc. - Common Stock","2021-09-24 14:30:00-04:00",6.945000171661377,6.945000171661377,6.945000171661377,6.945000171661377,6.945000171661377,1416
"CYTH","Cyclo Therapeutics, Inc. - Common Stock","2021-09-24 15:30:00-04:00",6.934999942779541,6.979000091552734,6.900000095367432,6.900000095367432,6.900000095367432,2231
"CYTH","Cyclo Therapeutics, Inc. - Common Stock","2021-09-24 16:00:00-04:00",7.05,7.05,7.05,7.05,7.05,0
"CYTH","Cyclo Therapeutics, Inc. - Common Stock","2021-09-24 17:00:00-04:00",6.83,6.83,6.83,6.83,6.83,0
"CYTH","Cyclo Therapeutics, Inc. - Common Stock","2021-09-24 18:00:00-04:00",7.1,7.1,6.77,7.1,7.1,0
"CYTH","Cyclo Therapeutics, Inc. - Common Stock","2021-09-27 09:00:00-04:00",7.1,7.1,7.1,7.1,7.1,0
"CYTH","Cyclo Therapeutics, Inc. - Common Stock","2021-09-27 09:30:00-04:00",7.090000152587891,7.191199779510498,6.929999828338623,7.150000095367432,7.150000095367432,8016
"CYTH","Cyclo Therapeutics, Inc. - Common Stock","2021-09-27 10:30:00-04:00",7.199999809265137,7.432600021362305,7.199999809265137,7.412700176239014,7.412700176239014,12591
"CYTH","Cyclo Therapeutics, Inc. - Common Stock","2021-09-27 11:30:00-04:00",7.329999923706055,7.349999904632568,7.150000095367432,7.150000095367432,7.150000095367432,11875
"CYTH","Cyclo Therapeutics, Inc. - Common Stock","2021-09-27 12:30:00-04:00",7.119999885559082,7.119999885559082,7.019999980926514,7.049900054931641,7.049900054931641,3880
"CYTH","Cyclo Therapeutics, Inc. - Common Stock","2021-09-27 13:30:00-04:00",7.013500213623047,7.154099941253662,7.013500213623047,7.154099941253662,7.154099941253662,3434
"CYTH","Cyclo Therapeutics, Inc. - Common Stock","2021-09-27 14:30:00-04:00",7.179900169372559,7.389999866485596,7.070000171661377,7.28000020980835,7.28000020980835,2956
"CYTH","Cyclo Therapeutics, Inc. - Common Stock","2021-09-27 15:30:00-04:00",7.295000076293945,7.320899963378906,7.210000038146973,7.210000038146973,7.210000038146973,2943
"CYTH","Cyclo Therapeutics, Inc. - Common Stock","2021-09-27 16:00:00-04:00",7.33,7.33,7.33,7.33,7.33,0
"CYTH","Cyclo Therapeutics, Inc. - Common Stock","2021-09-27 19:00:00-04:00",7.44,7.44,7.44,7.44,7.44,0
"CYTH","Cyclo Therapeutics, Inc. - Common Stock","2021-09-28 08:00:00-04:00",7.49,7.49,7.4,7.4,7.4,0
"CYTH","Cyclo Therapeutics, Inc. - Common Stock","2021-09-28 09:00:00-04:00",7.32,7.32,7.32,7.32,7.32,0
"CYTH","Cyclo Therapeutics, Inc. - Common Stock","2021-09-28 09:30:00-04:00",7.230000019073486,7.230000019073486,6.824999809265137,6.900000095367432,6.900000095367432,8475
"CYTH","Cyclo Therapeutics, Inc. - Common Stock","2021-09-28 10:30:00-04:00",6.828000068664551,6.900000095367432,6.75,6.889999866485596,6.889999866485596,13764
"CYTH","Cyclo Therapeutics, Inc. - Common Stock","2021-09-28 11:30:00-04:00",6.849999904632568,6.857699871063232,6.800000190734863,6.809999942779541,6.809999942779541,2733
"CYTH","Cyclo Therapeutics, Inc. - Common Stock","2021-09-28 12:30:00-04:00",6.857999801635742,6.899899959564209,6.758399963378906,6.809599876403809,6.809599876403809,6371
"CYTH","Cyclo Therapeutics, Inc. - Common Stock","2021-09-28 13:30:00-04:00",6.800000190734863,6.900000095367432,6.800000190734863,6.849999904632568,6.849999904632568,2042
"CYTH","Cyclo Therapeutics, Inc. - Common Stock","2021-09-28 14:30:00-04:00",6.809999942779541,7.099899768829346,6.760000228881836,6.889999866485596,6.889999866485596,10238
"CYTH","Cyclo Therapeutics, Inc. - Common Stock","2021-09-28 15:30:00-04:00",6.809999942779541,6.96999979019165,6.793399810791016,6.800000190734863,6.800000190734863,8823
"CYTH","Cyclo Therapeutics, Inc. - Common Stock","2021-09-28 16:00:00-04:00",6.88,6.88,6.88,6.88,6.88,0
"CYTH","Cyclo Therapeutics, Inc. - Common Stock","2021-09-28 17:00:00-04:00",7.24,7.24,7.24,7.24,7.24,0
"CYTH","Cyclo Therapeutics, Inc. - Common Stock","2021-09-28 18:00:00-04:00",7.24,7.24,7.24,7.24,7.24,0
"CYTH","Cyclo Therapeutics, Inc. - Common Stock","2021-09-28 19:00:00-04:00",7.3,7.3,7.3,7.3,7.3,0
"CYTH","Cyclo Therapeutics, Inc. - Common Stock","2021-09-29 08:00:00-04:00",7.02,7.02,7.01,7.01,7.01,0
"CYTH","Cyclo Therapeutics, Inc. - Common Stock","2021-09-29 09:30:00-04:00",6.769999980926514,7.277100086212158,6.769999980926514,6.960999965667725,6.960999965667725,8236
"CYTH","Cyclo Therapeutics, Inc. - Common Stock","2021-09-29 10:30:00-04:00",6.949999809265137,6.949999809265137,6.699999809265137,6.737500190734863,6.737500190734863,7123
"CYTH","Cyclo Therapeutics, Inc. - Common Stock","2021-09-29 11:30:00-04:00",6.6930999755859375,6.718999862670898,6.619999885559082,6.699999809265137,6.699999809265137,2140
"CYTH","Cyclo Therapeutics, Inc. - Common Stock","2021-09-29 12:30:00-04:00",6.699999809265137,6.758999824523926,6.699999809265137,6.719900131225586,6.719900131225586,1383
"CYTH","Cyclo Therapeutics, Inc. - Common Stock","2021-09-29 13:30:00-04:00",6.679999828338623,6.889999866485596,6.679999828338623,6.889999866485596,6.889999866485596,2635
"CYTH","Cyclo Therapeutics, Inc. - Common Stock","2021-09-29 14:30:00-04:00",6.699999809265137,7.019999980926514,6.699999809265137,6.909999847412109,6.909999847412109,1426
"CYTH","Cyclo Therapeutics, Inc. - Common Stock","2021-09-29 15:30:00-04:00",6.849999904632568,6.849999904632568,6.659999847412109,6.659999847412109,6.659999847412109,1710
"CYTH","Cyclo Therapeutics, Inc. - Common Stock","2021-09-29 16:00:00-04:00",6.67,6.95,6.66,6.95,6.95,0
"CYTH","Cyclo Therapeutics, Inc. - Common Stock","2021-09-29 17:00:00-04:00",6.58,6.58,6.58,6.58,6.58,0
"CYTH","Cyclo Therapeutics, Inc. - Common Stock","2021-10-01 09:00:00-04:00",6.75,6.75,6.75,6.75,6.75,0
"CYTH","Cyclo Therapeutics, Inc. - Common Stock","2021-10-01 09:30:00-04:00",6.769999980926514,6.980000019073486,6.769999980926514,6.800000190734863,6.800000190734863,1737
"CYTH","Cyclo Therapeutics, Inc. - Common Stock","2021-10-01 10:30:00-04:00",6.809999942779541,6.90749979019165,6.769999980926514,6.769999980926514,6.769999980926514,3736
"CYTH","Cyclo Therapeutics, Inc. - Common Stock","2021-10-01 11:30:00-04:00",6.832900047302246,6.832900047302246,6.832900047302246,6.832900047302246,6.832900047302246,218
"CYTH","Cyclo Therapeutics, Inc. - Common Stock","2021-10-01 12:30:00-04:00",6.860000133514404,6.860000133514404,6.816599845886231,6.816599845886231,6.816599845886231,390
"CYTH","Cyclo Therapeutics, Inc. - Common Stock","2021-10-01 13:30:00-04:00",6.777400016784668,6.813899993896484,6.679999828338623,6.679999828338623,6.679999828338623,5543
"CYTH","Cyclo Therapeutics, Inc. - Common Stock","2021-10-01 14:30:00-04:00",6.630000114440918,6.711400032043457,6.630000114440918,6.711400032043457,6.711400032043457,1778
"CYTH","Cyclo Therapeutics, Inc. - Common Stock","2021-10-01 15:30:00-04:00",6.670000076293945,6.690000057220459,6.599999904632568,6.599999904632568,6.599999904632568,2339
"CYTH","Cyclo Therapeutics, Inc. - Common Stock","2021-10-01 16:00:00-04:00",6.64,6.64,6.64,6.64,6.64,259
"CYTH","Cyclo Therapeutics, Inc. - Common Stock","2021-10-01 17:00:00-04:00",6.74,6.74,6.64,6.64,6.64,0
"CYTH","Cyclo Therapeutics, Inc. - Common Stock","2021-10-01 18:00:00-04:00",6.74,6.74,6.74,6.74,6.74,0
"CYTH","Cyclo Therapeutics, Inc. - Common Stock","2021-10-04 08:00:00-04:00",6.68,6.68,6.68,6.68,6.68,0
"CYTH","Cyclo Therapeutics, Inc. - Common Stock","2021-10-04 09:00:00-04:00",6.65,6.65,6.65,6.65,6.65,0
"CYTH","Cyclo Therapeutics, Inc. - Common Stock","2021-10-04 09:30:00-04:00",6.619999885559082,6.869900226593018,6.5,6.5,6.5,10605
"CYTH","Cyclo Therapeutics, Inc. - Common Stock","2021-10-04 10:30:00-04:00",6.5,6.519999980926514,6.400000095367432,6.519999980926514,6.519999980926514,6810
"CYTH","Cyclo Therapeutics, Inc. - Common Stock","2021-10-04 11:30:00-04:00",6.429999828338623,6.639999866485596,6.429999828338623,6.639999866485596,6.639999866485596,4978
"CYTH","Cyclo Therapeutics, Inc. - Common Stock","2021-10-04 12:30:00-04:00",6.503600120544434,6.630000114440918,6.503600120544434,6.630000114440918,6.630000114440918,2140
"CYTH","Cyclo Therapeutics, Inc. - Common Stock","2021-10-04 13:30:00-04:00",6.449999809265137,6.590000152587891,6.400000095367432,6.429999828338623,6.429999828338623,5842
"CYTH","Cyclo Therapeutics, Inc. - Common Stock","2021-10-04 14:30:00-04:00",6.409900188446045,6.409900188446045,6.349999904632568,6.385499954223633,6.385499954223633,7882
"CYTH","Cyclo Therapeutics, Inc. - Common Stock","2021-10-04 15:30:00-04:00",6.389900207519531,6.420000076293945,6.349999904632568,6.409999847412109,6.409999847412109,3664
"CYTH","Cyclo Therapeutics, Inc. - Common Stock","2021-10-04 16:00:00-04:00",6.4,6.4,6.4,6.4,6.4,0
"CYTH","Cyclo Therapeutics, Inc. - Common Stock","2021-10-05 07:00:00-04:00",6.4,6.4,6.4,6.4,6.4,0
"CYTH","Cyclo Therapeutics, Inc. - Common Stock","2021-10-05 08:00:00-04:00",6.615,6.615,6.615,6.615,6.615,0
"CYTH","Cyclo Therapeutics, Inc. - Common Stock","2021-10-05 09:30:00-04:00",6.289999961853027,6.75,6.289999961853027,6.610000133514404,6.610000133514404,3100
"CYTH","Cyclo Therapeutics, Inc. - Common Stock","2021-10-05 10:30:00-04:00",6.380000114440918,6.619999885559082,6.380000114440918,6.619999885559082,6.619999885559082,3193
"CYTH","Cyclo Therapeutics, Inc. - Common Stock","2021-10-05 12:30:00-04:00",6.440000057220459,6.579999923706055,6.380000114440918,6.520899772644043,6.520899772644043,2424
"CYTH","Cyclo Therapeutics, Inc. - Common Stock","2021-10-05 13:30:00-04:00",6.559999942779541,6.559999942779541,6.449999809265137,6.480000019073486,6.480000019073486,2217
"CYTH","Cyclo Therapeutics, Inc. - Common Stock","2021-10-05 14:30:00-04:00",6.409999847412109,6.409999847412109,6.380000114440918,6.380000114440918,6.380000114440918,2103
"CYTH","Cyclo Therapeutics, Inc. - Common Stock","2021-10-05 15:30:00-04:00",6.429999828338623,6.429999828338623,6.429999828338623,6.429999828338623,6.429999828338623,752
"CYTH","Cyclo Therapeutics, Inc. - Common Stock","2021-10-05 16:00:00-04:00",6.49,6.88,6.49,6.88,6.88,0
"CYTH","Cyclo Therapeutics, Inc. - Common Stock","2021-10-05 17:00:00-04:00",6.31,6.31,6.31,6.31,6.31,0
"CYTH","Cyclo Therapeutics, Inc. - Common Stock","2021-10-06 08:00:00-04:00",6.88,6.88,6.8,6.81,6.81,0
"CYTH","Cyclo Therapeutics, Inc. - Common Stock","2021-10-06 09:30:00-04:00",6.420000076293945,6.449999809265137,6.400000095367432,6.440000057220459,6.440000057220459,15398
"CYTH","Cyclo Therapeutics, Inc. - Common Stock","2021-10-06 10:30:00-04:00",6.46999979019165,6.570000171661377,6.440100193023682,6.45580005645752,6.45580005645752,855
"CYTH","Cyclo Therapeutics, Inc. - Common Stock","2021-10-06 11:30:00-04:00",6.489999771118164,6.489999771118164,6.474699974060059,6.485000133514404,6.485000133514404,632
"CYTH","Cyclo Therapeutics, Inc. - Common Stock","2021-10-06 12:30:00-04:00",6.46999979019165,6.485000133514404,6.46999979019165,6.46999979019165,6.46999979019165,725
"CYTH","Cyclo Therapeutics, Inc. - Common Stock","2021-10-06 13:30:00-04:00",6.440000057220459,6.489999771118164,6.420000076293945,6.449999809265137,6.449999809265137,3826
"CYTH","Cyclo Therapeutics, Inc. - Common Stock","2021-10-06 14:30:00-04:00",6.5,6.75,6.5,6.75,6.75,2220
"CYTH","Cyclo Therapeutics, Inc. - Common Stock","2021-10-06 15:30:00-04:00",6.5,6.730000019073486,6.5,6.679999828338623,6.679999828338623,725
"CYTH","Cyclo Therapeutics, Inc. - Common Stock","2021-10-06 16:00:00-04:00",6.62,6.62,6.62,6.62,6.62,0
"CYTH","Cyclo Therapeutics, Inc. - Common Stock","2021-10-07 08:00:00-04:00",7.37,7.37,6.62,7.3,7.3,0
"CYTH","Cyclo Therapeutics, Inc. - Common Stock","2021-10-07 09:30:00-04:00",6.78000020980835,6.815000057220459,6.699999809265137,6.800000190734863,6.800000190734863,3653
"CYTH","Cyclo Therapeutics, Inc. - Common Stock","2021-10-07 10:30:00-04:00",6.75,6.829999923706055,6.699999809265137,6.710000038146973,6.710000038146973,10823
"CYTH","Cyclo Therapeutics, Inc. - Common Stock","2021-10-07 11:30:00-04:00",6.699999809265137,6.75,6.650000095367432,6.75,6.75,2372
"CYTH","Cyclo Therapeutics, Inc. - Common Stock","2021-10-07 12:30:00-04:00",6.760000228881836,6.824699878692627,6.75,6.758800029754639,6.758800029754639,2923
"CYTH","Cyclo Therapeutics, Inc. - Common Stock","2021-10-07 13:30:00-04:00",6.787600040435791,6.820000171661377,6.784999847412109,6.784999847412109,6.784999847412109,784
"CYTH","Cyclo Therapeutics, Inc. - Common Stock","2021-10-07 14:30:00-04:00",6.806000232696533,6.812300205230713,6.75,6.768099784851074,6.768099784851074,7565
"CYTH","Cyclo Therapeutics, Inc. - Common Stock","2021-10-07 15:30:00-04:00",6.75,6.820000171661377,6.75,6.820000171661377,6.820000171661377,581
"CYTH","Cyclo Therapeutics, Inc. - Common Stock","2021-10-07 16:00:00-04:00",6.79,6.79,6.79,6.79,6.79,245
"CYTH","Cyclo Therapeutics, Inc. - Common Stock","2021-10-08 09:30:00-04:00",6.840000152587891,6.840000152587891,6.760000228881836,6.7600998878479,6.7600998878479,0
"CYTH","Cyclo Therapeutics, Inc. - Common Stock","2021-10-08 10:30:00-04:00",6.760000228881836,6.829899787902832,6.699999809265137,6.769899845123291,6.769899845123291,4363
"CYTH","Cyclo Therapeutics, Inc. - Common Stock","2021-10-08 11:30:00-04:00",6.71999979019165,6.71999979019165,6.5690999031066895,6.675000190734863,6.675000190734863,2047
"CYTH","Cyclo Therapeutics, Inc. - Common Stock","2021-10-08 12:30:00-04:00",6.591700077056885,6.78000020980835,6.591700077056885,6.78000020980835,6.78000020980835,3954
"CYTH","Cyclo Therapeutics, Inc. - Common Stock","2021-10-08 13:30:00-04:00",6.677000045776367,6.748600006103516,6.677000045776367,6.71999979019165,6.71999979019165,2309
"CYTH","Cyclo Therapeutics, Inc. - Common Stock","2021-10-08 14:30:00-04:00",6.604700088500977,6.699999809265137,6.579699993133545,6.590000152587891,6.590000152587891,5545
"CYTH","Cyclo Therapeutics, Inc. - Common Stock","2021-10-08 15:30:00-04:00",6.563700199127197,6.579999923706055,6.410200119018555,6.570000171661377,6.570000171661377,17265
"CYTH","Cyclo Therapeutics, Inc. - Common Stock","2021-10-08 16:00:00-04:00",6.59,7.0,6.59,7.0,7.0,0
"CYTH","Cyclo Therapeutics, Inc. - Common Stock","2021-10-08 18:00:00-04:00",6.97,6.97,6.97,6.97,6.97,0
"CYTH","Cyclo Therapeutics, Inc. - Common Stock","2021-10-08 19:00:00-04:00",6.98,6.98,6.98,6.98,6.98,0
"CYTH","Cyclo Therapeutics, Inc. - Common Stock","2021-10-11 07:00:00-04:00",6.59,7.0,6.59,6.61,6.61,0
"CYTH","Cyclo Therapeutics, Inc. - Common Stock","2021-10-11 08:00:00-04:00",6.59,6.59,6.59,6.59,6.59,0
"CYTH","Cyclo Therapeutics, Inc. - Common Stock","2021-10-11 09:00:00-04:00",6.41,6.41,6.41,6.41,6.41,0
"CYTH","Cyclo Therapeutics, Inc. - Common Stock","2021-10-11 09:30:00-04:00",6.46999979019165,6.639999866485596,6.46999979019165,6.639999866485596,6.639999866485596,8530
"CYTH","Cyclo Therapeutics, Inc. - Common Stock","2021-10-11 10:30:00-04:00",6.629499912261963,6.699999809265137,6.629499912261963,6.659999847412109,6.659999847412109,3528
"CYTH","Cyclo Therapeutics, Inc. - Common Stock","2021-10-11 13:30:00-04:00",6.670000076293945,6.699999809265137,6.670000076293945,6.697999954223633,6.697999954223633,2211
"CYTH","Cyclo Therapeutics, Inc. - Common Stock","2021-10-11 15:30:00-04:00",6.699999809265137,6.789999961853027,6.699999809265137,6.789999961853027,6.789999961853027,0
"CYTH","Cyclo Therapeutics, Inc. - Common Stock","2021-10-11 17:00:00-04:00",6.71,6.71,6.71,6.71,6.71,0
"CYTH","Cyclo Therapeutics, Inc. - Common Stock","2021-10-12 08:00:00-04:00",6.79,6.79,6.79,6.79,6.79,0
"CYTH","Cyclo Therapeutics, Inc. - Common Stock","2021-10-12 09:30:00-04:00",6.510000228881836,6.706099987030029,6.510000228881836,6.599999904632568,6.599999904632568,1447
"CYTH","Cyclo Therapeutics, Inc. - Common Stock","2021-10-12 11:30:00-04:00",6.615300178527832,6.625400066375732,6.615300178527832,6.625400066375732,6.625400066375732,625
"CYTH","Cyclo Therapeutics, Inc. - Common Stock","2021-10-12 12:30:00-04:00",6.599999904632568,6.717100143432617,6.599999904632568,6.717100143432617,6.717100143432617,995
"CYTH","Cyclo Therapeutics, Inc. - Common Stock","2021-10-12 13:30:00-04:00",6.699999809265137,6.699999809265137,6.60920000076294,6.60920000076294,6.60920000076294,419
"CYTH","Cyclo Therapeutics, Inc. - Common Stock","2021-10-12 14:30:00-04:00",6.659999847412109,6.659999847412109,6.599999904632568,6.639999866485596,6.639999866485596,1406
"CYTH","Cyclo Therapeutics, Inc. - Common Stock","2021-10-12 15:30:00-04:00",6.690000057220459,6.769999980926514,6.690000057220459,6.769999980926514,6.769999980926514,0
"CYTH","Cyclo Therapeutics, Inc. - Common Stock","2021-10-12 16:00:00-04:00",7.0,7.0,7.0,7.0,7.0,0
"CYTH","Cyclo Therapeutics, Inc. - Common Stock","2021-10-13 08:00:00-04:00",6.77,6.77,6.77,6.77,6.77,0
"CYTH","Cyclo Therapeutics, Inc. - Common Stock","2021-10-13 09:30:00-04:00",6.989999771118164,6.999800205230713,6.829899787902832,6.829899787902832,6.829899787902832,10529
"CYTH","Cyclo Therapeutics, Inc. - Common Stock","2021-10-13 10:30:00-04:00",6.869900226593018,6.869900226593018,6.869900226593018,6.869900226593018,6.869900226593018,192
"CYTH","Cyclo Therapeutics, Inc. - Common Stock","2021-10-13 11:30:00-04:00",6.859899997711182,6.859899997711182,6.75,6.779799938201904,6.779799938201904,9520
"CYTH","Cyclo Therapeutics, Inc. - Common Stock","2021-10-13 12:30:00-04:00",6.670000076293945,6.793300151824951,6.659999847412109,6.739999771118164,6.739999771118164,3432
"CYTH","Cyclo Therapeutics, Inc. - Common Stock","2021-10-13 13:30:00-04:00",6.739999771118164,6.777999877929688,6.710000038146973,6.774700164794922,6.774700164794922,1207
"CYTH","Cyclo Therapeutics, Inc. - Common Stock","2021-10-13 14:30:00-04:00",6.764100074768066,6.789999961853027,6.710000038146973,6.710000038146973,6.710000038146973,2003
"CYTH","Cyclo Therapeutics, Inc. - Common Stock","2021-10-13 15:30:00-04:00",6.75,6.809999942779541,6.75,6.760000228881836,6.760000228881836,1510
"CYTH","Cyclo Therapeutics, Inc. - Common Stock","2021-10-13 16:00:00-04:00",6.82,6.86,6.82,6.86,6.86,0
"CYTH","Cyclo Therapeutics, Inc. - Common Stock","2021-10-13 17:00:00-04:00",6.86,6.86,6.86,6.86,6.86,0
"CYTH","Cyclo Therapeutics, Inc. - Common Stock","2021-10-14 09:00:00-04:00",6.82,6.82,6.82,6.82,6.82,0
"CYTH","Cyclo Therapeutics, Inc. - Common Stock","2021-10-14 09:30:00-04:00",6.71999979019165,6.789999961853027,6.670100212097168,6.760000228881836,6.760000228881836,5707
"CYTH","Cyclo Therapeutics, Inc. - Common Stock","2021-10-14 10:30:00-04:00",6.730000019073486,6.789999961853027,6.730000019073486,6.78000020980835,6.78000020980835,4669
"CYTH","Cyclo Therapeutics, Inc. - Common Stock","2021-10-14 11:30:00-04:00",6.75,6.849999904632568,6.739999771118164,6.800000190734863,6.800000190734863,10232
"CYTH","Cyclo Therapeutics, Inc. - Common Stock","2021-10-14 12:30:00-04:00",6.800000190734863,6.800000190734863,6.796000003814697,6.800000190734863,6.800000190734863,710
"CYTH","Cyclo Therapeutics, Inc. - Common Stock","2021-10-14 13:30:00-04:00",6.800000190734863,6.800000190734863,6.71999979019165,6.770999908447266,6.770999908447266,3098
"CYTH","Cyclo Therapeutics, Inc. - Common Stock","2021-10-14 14:30:00-04:00",6.730000019073486,6.789999961853027,6.730000019073486,6.789999961853027,6.789999961853027,585
"CYTH","Cyclo Therapeutics, Inc. - Common Stock","2021-10-14 15:30:00-04:00",6.755000114440918,6.755000114440918,6.699999809265137,6.699999809265137,6.699999809265137,0
"CYTH","Cyclo Therapeutics, Inc. - Common Stock","2021-10-14 16:00:00-04:00",6.88,6.88,6.78,6.78,6.78,0
"CYTH","Cyclo Therapeutics, Inc. - Common Stock","2021-10-14 18:00:00-04:00",6.88,6.88,6.88,6.88,6.88,0
"CYTH","Cyclo Therapeutics, Inc. - Common Stock","2021-10-14 19:00:00-04:00",6.88,6.88,6.88,6.88,6.88,0
"CYTH","Cyclo Therapeutics, Inc. - Common Stock","2021-10-15 04:00:00-04:00",6.87,6.87,6.87,6.87,6.87,0
"CYTH","Cyclo Therapeutics, Inc. - Common Stock","2021-10-15 05:00:00-04:00",6.7,6.7,6.66,6.66,6.66,0
"CYTH","Cyclo Therapeutics, Inc. - Common Stock","2021-10-15 09:30:00-04:00",6.659999847412109,6.699999809265137,6.550000190734863,6.699999809265137,6.699999809265137,4837
"CYTH","Cyclo Therapeutics, Inc. - Common Stock","2021-10-15 10:30:00-04:00",6.624300003051758,6.659999847412109,6.614999771118164,6.659999847412109,6.659999847412109,15049
"CYTH","Cyclo Therapeutics, Inc. - Common Stock","2021-10-15 11:30:00-04:00",6.629700183868408,6.690000057220459,6.606599807739258,6.690000057220459,6.690000057220459,922
"CYTH","Cyclo Therapeutics, Inc. - Common Stock","2021-10-15 12:30:00-04:00",6.630000114440918,6.639999866485596,6.630000114440918,6.630000114440918,6.630000114440918,1894
"CYTH","Cyclo Therapeutics, Inc. - Common Stock","2021-10-15 13:30:00-04:00",6.650000095367432,6.690000057220459,6.649799823760986,6.690000057220459,6.690000057220459,2778
"CYTH","Cyclo Therapeutics, Inc. - Common Stock","2021-10-15 14:30:00-04:00",6.670000076293945,6.679999828338623,6.670000076293945,6.679999828338623,6.679999828338623,500
"CYTH","Cyclo Therapeutics, Inc. - Common Stock","2021-10-15 15:30:00-04:00",6.679999828338623,6.699999809265137,6.679999828338623,6.699999809265137,6.699999809265137,1330
"CYTH","Cyclo Therapeutics, Inc. - Common Stock","2021-10-15 16:00:00-04:00",7.3,7.3,6.88,6.88,6.88,0
"CYTH","Cyclo Therapeutics, Inc. - Common Stock","2021-10-15 17:00:00-04:00",6.88,7.3,6.6,7.3,7.3,0
"CYTH","Cyclo Therapeutics, Inc. - Common Stock","2021-10-15 18:00:00-04:00",7.2,7.2,7.2,7.2,7.2,0
"CYTH","Cyclo Therapeutics, Inc. - Common Stock","2021-10-15 19:00:00-04:00",7.2,7.2,6.64,6.64,6.64,0
"CYTH","Cyclo Therapeutics, Inc. - Common Stock","2021-10-18 04:00:00-04:00",7.2,7.2,7.2,7.2,7.2,0
"CYTH","Cyclo Therapeutics, Inc. - Common Stock","2021-10-18 08:00:00-04:00",6.99,6.99,6.99,6.99,6.99,0
"CYTH","Cyclo Therapeutics, Inc. - Common Stock","2021-10-18 09:30:00-04:00",6.849999904632568,6.894999980926514,6.599999904632568,6.620100021362305,6.620100021362305,5203
"CYTH","Cyclo Therapeutics, Inc. - Common Stock","2021-10-18 10:30:00-04:00",6.619999885559082,6.689000129699707,6.619999885559082,6.639999866485596,6.639999866485596,4148
"CYTH","Cyclo Therapeutics, Inc. - Common Stock","2021-10-18 11:30:00-04:00",6.619999885559082,6.929999828338623,6.559999942779541,6.929999828338623,6.929999828338623,4808
"CYTH","Cyclo Therapeutics, Inc. - Common Stock","2021-10-18 12:30:00-04:00",6.71999979019165,6.775000095367432,6.580699920654297,6.580699920654297,6.580699920654297,3278
"CYTH","Cyclo Therapeutics, Inc. - Common Stock","2021-10-18 13:30:00-04:00",6.600100040435791,6.619999885559082,6.600100040435791,6.619999885559082,6.619999885559082,681
"CYTH","Cyclo Therapeutics, Inc. - Common Stock","2021-10-18 14:30:00-04:00",6.630000114440918,6.699999809265137,6.550000190734863,6.576499938964844,6.576499938964844,11692
"CYTH","Cyclo Therapeutics, Inc. - Common Stock","2021-10-18 15:30:00-04:00",6.751599788665772,6.751599788665772,6.570000171661377,6.570000171661377,6.570000171661377,0
"CYTH","Cyclo Therapeutics, Inc. - Common Stock","2021-10-18 16:00:00-04:00",6.86,6.86,6.86,6.86,6.86,0
"CYTH","Cyclo Therapeutics, Inc. - Common Stock","2021-10-18 17:00:00-04:00",6.6,6.6,6.5,6.55,6.55,0
"CYTH","Cyclo Therapeutics, Inc. - Common Stock","2021-10-19 07:00:00-04:00",6.72,6.72,6.72,6.72,6.72,0
"CYTH","Cyclo Therapeutics, Inc. - Common Stock","2021-10-19 09:30:00-04:00",6.561200141906738,6.809199810028076,6.509200096130371,6.519999980926514,6.519999980926514,4250
"CYTH","Cyclo Therapeutics, Inc. - Common Stock","2021-10-19 11:30:00-04:00",6.629899978637695,6.629899978637695,6.550000190734863,6.559999942779541,6.559999942779541,1946
"CYTH","Cyclo Therapeutics, Inc. - Common Stock","2021-10-19 13:30:00-04:00",6.560999870300293,6.572700023651123,6.489999771118164,6.5,6.5,9011
"CYTH","Cyclo Therapeutics, Inc. - Common Stock","2021-10-19 14:30:00-04:00",6.536099910736084,6.550000190734863,6.506199836730957,6.519999980926514,6.519999980926514,5534
"CYTH","Cyclo Therapeutics, Inc. - Common Stock","2021-10-19 15:30:00-04:00",6.519999980926514,6.590000152587891,6.510000228881836,6.590000152587891,6.590000152587891,0
"CYTH","Cyclo Therapeutics, Inc. - Common Stock","2021-10-19 19:00:00-04:00",6.78,6.9,6.78,6.9,6.9,0
"CYTH","Cyclo Therapeutics, Inc. - Common Stock","2021-10-20 08:00:00-04:00",6.99,6.99,6.99,6.99,6.99,0
"CYTH","Cyclo Therapeutics, Inc. - Common Stock","2021-10-20 09:30:00-04:00",6.635000228881836,7.499899864196777,6.46999979019165,6.889999866485596,6.889999866485596,63198
"CYTH","Cyclo Therapeutics, Inc. - Common Stock","2021-10-20 10:30:00-04:00",6.75,6.879700183868408,6.620299816131592,6.800899982452393,6.800899982452393,6083
"CYTH","Cyclo Therapeutics, Inc. - Common Stock","2021-10-20 11:30:00-04:00",6.6656999588012695,6.769999980926514,6.659999847412109,6.769999980926514,6.769999980926514,6480
"CYTH","Cyclo Therapeutics, Inc. - Common Stock","2021-10-20 12:30:00-04:00",6.855000019073486,6.86959981918335,6.710000038146973,6.710000038146973,6.710000038146973,506
"CYTH","Cyclo Therapeutics, Inc. - Common Stock","2021-10-20 13:30:00-04:00",6.699999809265137,6.849899768829346,6.699999809265137,6.849899768829346,6.849899768829346,333
"CYTH","Cyclo Therapeutics, Inc. - Common Stock","2021-10-20 14:30:00-04:00",6.804999828338623,6.804999828338623,6.650000095367432,6.659999847412109,6.659999847412109,7476
"CYTH","Cyclo Therapeutics, Inc. - Common Stock","2021-10-20 15:30:00-04:00",6.820000171661377,6.820000171661377,6.820000171661377,6.820000171661377,6.820000171661377,0
"CYTH","Cyclo Therapeutics, Inc. - Common Stock","2021-10-20 17:00:00-04:00",6.87,6.87,6.86,6.86,6.86,0
"CYTH","Cyclo Therapeutics, Inc. - Common Stock","2021-10-20 18:00:00-04:00",6.86,6.86,6.49,6.49,6.49,0
"CYTH","Cyclo Therapeutics, Inc. - Common Stock","2021-10-21 08:00:00-04:00",6.8,6.8,6.8,6.8,6.8,0
"CYTH","Cyclo Therapeutics, Inc. - Common Stock","2021-10-21 09:00:00-04:00",6.7,6.7,6.7,6.7,6.7,0
"CYTH","Cyclo Therapeutics, Inc. - Common Stock","2021-10-21 09:30:00-04:00",6.679999828338623,6.7600998878479,6.669400215148926,6.7600998878479,6.7600998878479,3571
"CYTH","Cyclo Therapeutics, Inc. - Common Stock","2021-10-21 10:30:00-04:00",6.869999885559082,6.869999885559082,6.650000095367432,6.650000095367432,6.650000095367432,3893
"CYTH","Cyclo Therapeutics, Inc. - Common Stock","2021-10-21 11:30:00-04:00",6.659999847412109,6.699999809265137,6.659999847412109,6.699999809265137,6.699999809265137,2259
"CYTH","Cyclo Therapeutics, Inc. - Common Stock","2021-10-21 13:30:00-04:00",6.7399001121521,6.7399001121521,6.650000095367432,6.650000095367432,6.650000095367432,3059
"CYTH","Cyclo Therapeutics, Inc. - Common Stock","2021-10-21 14:30:00-04:00",6.679999828338623,6.679999828338623,6.65500020980835,6.65500020980835,6.65500020980835,310
"CYTH","Cyclo Therapeutics, Inc. - Common Stock","2021-10-21 15:30:00-04:00",6.635000228881836,6.650000095367432,6.599999904632568,6.635000228881836,6.635000228881836,1433
"CYTH","Cyclo Therapeutics, Inc. - Common Stock","2021-10-21 19:00:00-04:00",6.6,6.6001,6.6,6.6001,6.6001,0
"CYTH","Cyclo Therapeutics, Inc. - Common Stock","2021-10-22 09:30:00-04:00",6.650000095367432,6.8084001541137695,6.559999942779541,6.599999904632568,6.599999904632568,7843
"CYTH","Cyclo Therapeutics, Inc. - Common Stock","2021-10-22 10:30:00-04:00",6.673699855804443,6.679999828338623,6.619999885559082,6.665299892425537,6.665299892425537,5934
"CYTH","Cyclo Therapeutics, Inc. - Common Stock","2021-10-22 11:30:00-04:00",6.600100040435791,6.630000114440918,6.409999847412109,6.468500137329102,6.468500137329102,17557
"CYTH","Cyclo Therapeutics, Inc. - Common Stock","2021-10-22 12:30:00-04:00",6.369999885559082,6.380000114440918,6.369999885559082,6.369999885559082,6.369999885559082,582
"CYTH","Cyclo Therapeutics, Inc. - Common Stock","2021-10-22 13:30:00-04:00",6.590000152587891,6.590000152587891,6.550099849700928,6.550099849700928,6.550099849700928,443
"CYTH","Cyclo Therapeutics, Inc. - Common Stock","2021-10-22 14:30:00-04:00",6.599999904632568,6.599999904632568,6.400000095367432,6.440199851989746,6.440199851989746,4033
"CYTH","Cyclo Therapeutics, Inc. - Common Stock","2021-10-22 15:30:00-04:00",6.474999904632568,6.494999885559082,6.474999904632568,6.480000019073486,6.480000019073486,693
"CYTH","Cyclo Therapeutics, Inc. - Common Stock","2021-10-25 08:00:00-04:00",6.46,6.46,6.46,6.46,6.46,0
"CYTH","Cyclo Therapeutics, Inc. - Common Stock","2021-10-25 09:30:00-04:00",6.460000038146973,6.607500076293945,6.349999904632568,6.465000152587891,6.465000152587891,7415
"CYTH","Cyclo Therapeutics, Inc. - Common Stock","2021-10-25 10:30:00-04:00",6.46999979019165,6.549900054931641,6.360000133514404,6.480000019073486,6.480000019073486,3899
"CYTH","Cyclo Therapeutics, Inc. - Common Stock","2021-10-25 11:30:00-04:00",6.480000019073486,6.590000152587891,6.440000057220459,6.539999961853027,6.539999961853027,3676
"CYTH","Cyclo Therapeutics, Inc. - Common Stock","2021-10-25 12:30:00-04:00",6.590000152587891,6.590000152587891,6.5,6.510000228881836,6.510000228881836,1038
"CYTH","Cyclo Therapeutics, Inc. - Common Stock","2021-10-25 13:30:00-04:00",6.550000190734863,6.559999942779541,6.510000228881836,6.53000020980835,6.53000020980835,1247
"CYTH","Cyclo Therapeutics, Inc. - Common Stock","2021-10-25 14:30:00-04:00",6.550000190734863,6.599999904632568,6.5100998878479,6.599999904632568,6.599999904632568,7021
"CYTH","Cyclo Therapeutics, Inc. - Common Stock","2021-10-25 15:30:00-04:00",6.690000057220459,6.690000057220459,6.639999866485596,6.639999866485596,6.639999866485596,987
"CYTH","Cyclo Therapeutics, Inc. - Common Stock","2021-10-25 16:00:00-04:00",6.53,6.53,6.48,6.48,6.48,0
"CYTH","Cyclo Therapeutics, Inc. - Common Stock","2021-10-25 17:00:00-04:00",6.48,6.48,6.48,6.48,6.48,0
"CYTH","Cyclo Therapeutics, Inc. - Common Stock","2021-10-25 19:00:00-04:00",6.47,6.47,6.47,6.47,6.47,0
"CYTH","Cyclo Therapeutics, Inc. - Common Stock","2021-10-26 09:00:00-04:00",6.55,6.63,6.55,6.63,6.63,0
"CYTH","Cyclo Therapeutics, Inc. - Common Stock","2021-10-26 09:30:00-04:00",6.489999771118164,6.63040018081665,6.400000095367432,6.474999904632568,6.474999904632568,17158
"CYTH","Cyclo Therapeutics, Inc. - Common Stock","2021-10-26 10:30:00-04:00",6.449999809265137,6.489999771118164,6.400000095367432,6.4899001121521,6.4899001121521,8667
"CYTH","Cyclo Therapeutics, Inc. - Common Stock","2021-10-26 11:30:00-04:00",6.409999847412109,6.489999771118164,6.369999885559082,6.385300159454346,6.385300159454346,12225
"CYTH","Cyclo Therapeutics, Inc. - Common Stock","2021-10-26 12:30:00-04:00",6.400000095367432,6.458899974822998,6.335000038146973,6.425000190734863,6.425000190734863,7613
"CYTH","Cyclo Therapeutics, Inc. - Common Stock","2021-10-26 13:30:00-04:00",6.419899940490723,6.449900150299072,6.389999866485596,6.449900150299072,6.449900150299072,2225
"CYTH","Cyclo Therapeutics, Inc. - Common Stock","2021-10-26 14:30:00-04:00",6.420000076293945,6.439899921417236,6.389999866485596,6.439899921417236,6.439899921417236,2282
"CYTH","Cyclo Therapeutics, Inc. - Common Stock","2021-10-26 15:30:00-04:00",6.420000076293945,6.440000057220459,6.360000133514404,6.440000057220459,6.440000057220459,3674
"CYTH","Cyclo Therapeutics, Inc. - Common Stock","2021-10-26 16:00:00-04:00",6.36,6.47,6.36,6.47,6.47,0
"CYTH","Cyclo Therapeutics, Inc. - Common Stock","2021-10-27 09:30:00-04:00",6.380000114440918,6.429999828338623,6.380000114440918,6.429999828338623,6.429999828338623,2516
"CYTH","Cyclo Therapeutics, Inc. - Common Stock","2021-10-27 10:30:00-04:00",6.350500106811523,6.350500106811523,6.28000020980835,6.329999923706055,6.329999923706055,5571
"CYTH","Cyclo Therapeutics, Inc. - Common Stock","2021-10-27 11:30:00-04:00",6.300000190734863,6.331399917602539,6.230100154876709,6.300000190734863,6.300000190734863,9967
"CYTH","Cyclo Therapeutics, Inc. - Common Stock","2021-10-27 12:30:00-04:00",6.272500038146973,6.316999912261963,6.250100135803223,6.316999912261963,6.316999912261963,2355
"CYTH","Cyclo Therapeutics, Inc. - Common Stock","2021-10-27 13:30:00-04:00",6.346700191497803,6.346700191497803,6.25,6.260000228881836,6.260000228881836,4163
"CYTH","Cyclo Therapeutics, Inc. - Common Stock","2021-10-27 14:30:00-04:00",6.300000190734863,6.300000190734863,6.300000190734863,6.300000190734863,6.300000190734863,316
"CYTH","Cyclo Therapeutics, Inc. - Common Stock","2021-10-27 15:30:00-04:00",6.260000228881836,6.300000190734863,6.239999771118164,6.300000190734863,6.300000190734863,3768
"CYTH","Cyclo Therapeutics, Inc. - Common Stock","2021-10-27 16:00:00-04:00",6.27,6.63,6.27,6.63,6.63,0
"CYTH","Cyclo Therapeutics, Inc. - Common Stock","2021-10-28 09:00:00-04:00",6.31,6.31,6.28,6.28,6.28,0
"CYTH","Cyclo Therapeutics, Inc. - Common Stock","2021-10-28 09:30:00-04:00",6.210000038146973,6.300000190734863,6.199999809265137,6.289999961853027,6.289999961853027,3272
"CYTH","Cyclo Therapeutics, Inc. - Common Stock","2021-10-28 10:30:00-04:00",6.255000114440918,6.269999980926514,6.210000038146973,6.210000038146973,6.210000038146973,401
"CYTH","Cyclo Therapeutics, Inc. - Common Stock","2021-10-28 11:30:00-04:00",6.21999979019165,6.289999961853027,6.21999979019165,6.289999961853027,6.289999961853027,812
"CYTH","Cyclo Therapeutics, Inc. - Common Stock","2021-10-28 12:30:00-04:00",6.260000228881836,6.300000190734863,6.235599994659424,6.235599994659424,6.235599994659424,2527
"CYTH","Cyclo Therapeutics, Inc. - Common Stock","2021-10-28 13:30:00-04:00",6.300000190734863,6.300000190734863,6.269999980926514,6.269999980926514,6.269999980926514,568
"CYTH","Cyclo Therapeutics, Inc. - Common Stock","2021-10-28 14:30:00-04:00",6.25,6.264999866485596,5.630000114440918,5.980000019073486,5.980000019073486,35137
"CYTH","Cyclo Therapeutics, Inc. - Common Stock","2021-10-28 15:30:00-04:00",6.0,6.0,5.869999885559082,5.929999828338623,5.929999828338623,0
"CYTH","Cyclo Therapeutics, Inc. - Common Stock","2021-10-28 16:00:00-04:00",5.93,5.96,5.93,5.96,5.96,0
"CYTH","Cyclo Therapeutics, Inc. - Common Stock","2021-10-28 17:00:00-04:00",5.99,6.0,5.99,6.0,6.0,0
"CYTH","Cyclo Therapeutics, Inc. - Common Stock","2021-10-28 18:00:00-04:00",6.2,6.2,6.2,6.2,6.2,0
"CYTH","Cyclo Therapeutics, Inc. - Common Stock","2021-10-28 19:00:00-04:00",6.0,6.0,6.0,6.0,6.0,0
"CYTH","Cyclo Therapeutics, Inc. - Common Stock","2021-10-29 05:00:00-04:00",5.94,5.94,5.94,5.94,5.94,0
"CYTH","Cyclo Therapeutics, Inc. - Common Stock","2021-10-29 09:00:00-04:00",6.0,6.0,6.0,6.0,6.0,0
"CYTH","Cyclo Therapeutics, Inc. - Common Stock","2021-10-29 09:30:00-04:00",5.840000152587891,6.305799961090088,5.840000152587891,5.990200042724609,5.990200042724609,13387
"CYTH","Cyclo Therapeutics, Inc. - Common Stock","2021-10-29 10:30:00-04:00",6.026500225067139,6.149899959564209,6.026500225067139,6.149899959564209,6.149899959564209,1646
"CYTH","Cyclo Therapeutics, Inc. - Common Stock","2021-10-29 11:30:00-04:00",6.010000228881836,6.019999980926514,5.974999904632568,6.019999980926514,6.019999980926514,8030
"CYTH","Cyclo Therapeutics, Inc. - Common Stock","2021-10-29 12:30:00-04:00",5.960000038146973,6.03000020980835,5.960000038146973,6.03000020980835,6.03000020980835,3476
"CYTH","Cyclo Therapeutics, Inc. - Common Stock","2021-10-29 13:30:00-04:00",6.039999961853027,6.079400062561035,5.96999979019165,5.972499847412109,5.972499847412109,2164
"CYTH","Cyclo Therapeutics, Inc. - Common Stock","2021-10-29 14:30:00-04:00",6.0,6.039999961853027,5.940000057220459,5.954999923706055,5.954999923706055,4198
"CYTH","Cyclo Therapeutics, Inc. - Common Stock","2021-10-29 15:30:00-04:00",5.940000057220459,5.940000057220459,5.769999980926514,5.840000152587891,5.840000152587891,6000
"CYTH","Cyclo Therapeutics, Inc. - Common Stock","2021-10-29 16:00:00-04:00",5.84,5.84,5.84,5.84,5.84,329
"CYTH","Cyclo Therapeutics, Inc. - Common Stock","2021-10-29 18:00:00-04:00",6.08,6.08,6.08,6.08,6.08,0
"CYTH","Cyclo Therapeutics, Inc. - Common Stock","2021-10-29 19:00:00-04:00",6.08,6.08,6.08,6.08,6.08,0
"CYTH","Cyclo Therapeutics, Inc. - Common Stock","2021-11-01 08:00:00-04:00",5.91,5.91,5.91,5.91,5.91,0
"CYTH","Cyclo Therapeutics, Inc. - Common Stock","2021-11-01 09:00:00-04:00",6.08,6.08,6.0,6.0,6.0,0
"CYTH","Cyclo Therapeutics, Inc. - Common Stock","2021-11-01 09:30:00-04:00",5.900000095367432,6.110000133514404,5.900000095367432,6.110000133514404,6.110000133514404,11438
"CYTH","Cyclo Therapeutics, Inc. - Common Stock","2021-11-01 10:30:00-04:00",6.309999942779541,6.309999942779541,6.019999980926514,6.079999923706055,6.079999923706055,7039
"CYTH","Cyclo Therapeutics, Inc. - Common Stock","2021-11-01 11:30:00-04:00",6.155300140380859,6.159800052642822,6.0,6.013999938964844,6.013999938964844,6827
"CYTH","Cyclo Therapeutics, Inc. - Common Stock","2021-11-01 12:30:00-04:00",6.010000228881836,6.158400058746338,6.007500171661377,6.007500171661377,6.007500171661377,1443
"CYTH","Cyclo Therapeutics, Inc. - Common Stock","2021-11-01 13:30:00-04:00",6.159999847412109,6.159999847412109,6.039999961853027,6.039999961853027,6.039999961853027,958
"CYTH","Cyclo Therapeutics, Inc. - Common Stock","2021-11-01 14:30:00-04:00",6.099400043487549,6.099400043487549,5.980000019073486,5.980000019073486,5.980000019073486,2328
"CYTH","Cyclo Therapeutics, Inc. - Common Stock","2021-11-01 15:30:00-04:00",6.139999866485596,6.150899887084961,5.991600036621094,6.03000020980835,6.03000020980835,0
"CYTH","Cyclo Therapeutics, Inc. - Common Stock","2021-11-01 16:00:00-04:00",5.96,5.96,5.96,5.96,5.96,0
"CYTH","Cyclo Therapeutics, Inc. - Common Stock","2021-11-01 17:00:00-04:00",6.25,6.25,6.14,6.14,6.14,0
"CYTH","Cyclo Therapeutics, Inc. - Common Stock","2021-11-02 08:00:00-04:00",6.5,6.5,6.5,6.5,6.5,0
"CYTH","Cyclo Therapeutics, Inc. - Common Stock","2021-11-02 09:00:00-04:00",6.3,6.3,6.09,6.09,6.09,0
"CYTH","Cyclo Therapeutics, Inc. - Common Stock","2021-11-02 09:30:00-04:00",6.090000152587891,6.28000020980835,6.090000152587891,6.150000095367432,6.150000095367432,14178
"CYTH","Cyclo Therapeutics, Inc. - Common Stock","2021-11-02 10:30:00-04:00",6.230000019073486,6.300000190734863,6.230000019073486,6.239999771118164,6.239999771118164,8324
"CYTH","Cyclo Therapeutics, Inc. - Common Stock","2021-11-02 11:30:00-04:00",6.299900054931641,6.300000190734863,6.239999771118164,6.239999771118164,6.239999771118164,7417
"CYTH","Cyclo Therapeutics, Inc. - Common Stock","2021-11-02 12:30:00-04:00",6.299200057983398,6.300000190734863,6.269999980926514,6.28000020980835,6.28000020980835,5275
"CYTH","Cyclo Therapeutics, Inc. - Common Stock","2021-11-02 13:30:00-04:00",6.25,6.300000190734863,6.248899936676025,6.300000190734863,6.300000190734863,5113
"CYTH","Cyclo Therapeutics, Inc. - Common Stock","2021-11-02 14:30:00-04:00",6.300000190734863,6.5,6.28000020980835,6.465000152587891,6.465000152587891,10076
"CYTH","Cyclo Therapeutics, Inc. - Common Stock","2021-11-02 15:30:00-04:00",6.460000038146973,6.539999961853027,6.460000038146973,6.539999961853027,6.539999961853027,3188
"CYTH","Cyclo Therapeutics, Inc. - Common Stock","2021-11-02 16:00:00-04:00",6.6,6.77,6.6,6.77,6.77,0
"CYTH","Cyclo Therapeutics, Inc. - Common Stock","2021-11-02 17:00:00-04:00",6.7,6.7,6.7,6.7,6.7,0
"CYTH","Cyclo Therapeutics, Inc. - Common Stock","2021-11-02 18:00:00-04:00",6.63,6.7,6.63,6.7,6.7,0
"CYTH","Cyclo Therapeutics, Inc. - Common Stock","2021-11-02 19:00:00-04:00",6.73,6.75,6.73,6.73,6.73,0
"CYTH","Cyclo Therapeutics, Inc. - Common Stock","2021-11-03 04:00:00-04:00",6.42,7.0,6.42,7.0,7.0,0
"CYTH","Cyclo Therapeutics, Inc. - Common Stock","2021-11-03 05:00:00-04:00",6.71,6.71,6.71,6.71,6.71,0
"CYTH","Cyclo Therapeutics, Inc. - Common Stock","2021-11-03 07:00:00-04:00",6.72,6.72,6.72,6.72,6.72,0
"CYTH","Cyclo Therapeutics, Inc. - Common Stock","2021-11-03 08:00:00-04:00",6.99,6.99,6.99,6.99,6.99,0
"CYTH","Cyclo Therapeutics, Inc. - Common Stock","2021-11-03 09:00:00-04:00",6.99,6.99,6.69,6.89,6.89,0
"CYTH","Cyclo Therapeutics, Inc. - Common Stock","2021-11-03 09:30:00-04:00",6.800000190734863,6.849999904632568,6.660999774932861,6.840000152587891,6.840000152587891,19644
"CYTH","Cyclo Therapeutics, Inc. - Common Stock","2021-11-03 10:30:00-04:00",6.800000190734863,6.849999904632568,6.799900054931641,6.845300197601318,6.845300197601318,21811
"CYTH","Cyclo Therapeutics, Inc. - Common Stock","2021-11-03 11:30:00-04:00",6.829999923706055,6.932300090789795,6.809999942779541,6.833799839019775,6.833799839019775,8681
"CYTH","Cyclo Therapeutics, Inc. - Common Stock","2021-11-03 12:30:00-04:00",6.860000133514404,6.909999847412109,6.845799922943115,6.909999847412109,6.909999847412109,2694
"CYTH","Cyclo Therapeutics, Inc. - Common Stock","2021-11-03 13:30:00-04:00",6.914999961853027,6.914999961853027,6.809999942779541,6.855000019073486,6.855000019073486,14916
"CYTH","Cyclo Therapeutics, Inc. - Common Stock","2021-11-03 14:30:00-04:00",6.855000019073486,6.909999847412109,6.855000019073486,6.885000228881836,6.885000228881836,7586
"CYTH","Cyclo Therapeutics, Inc. - Common Stock","2021-11-03 15:30:00-04:00",6.885000228881836,6.920000076293945,6.800000190734863,6.800000190734863,6.800000190734863,7331
"CYTH","Cyclo Therapeutics, Inc. - Common Stock","2021-11-03 16:00:00-04:00",6.87,6.87,6.86,6.86,6.86,0
"CYTH","Cyclo Therapeutics, Inc. - Common Stock","2021-11-03 17:00:00-04:00",6.99,6.99,6.95,6.99,6.99,0
"CYTH","Cyclo Therapeutics, Inc. - Common Stock","2021-11-03 18:00:00-04:00",6.99,6.99,6.98,6.99,6.99,0
"CYTH","Cyclo Therapeutics, Inc. - Common Stock","2021-11-03 19:00:00-04:00",7.0,7.0,7.0,7.0,7.0,0
"CYTH","Cyclo Therapeutics, Inc. - Common Stock","2021-11-04 04:00:00-04:00",7.0,7.0,7.0,7.0,7.0,0
"CYTH","Cyclo Therapeutics, Inc. - Common Stock","2021-11-04 05:00:00-04:00",7.0,7.0,6.69,6.69,6.69,0
"CYTH","Cyclo Therapeutics, Inc. - Common Stock","2021-11-04 08:00:00-04:00",7.0462,7.39,7.0,7.09,7.09,0
"CYTH","Cyclo Therapeutics, Inc. - Common Stock","2021-11-04 09:00:00-04:00",7.09,7.1,7.05,7.1,7.1,0
"CYTH","Cyclo Therapeutics, Inc. - Common Stock","2021-11-04 09:30:00-04:00",7.0,7.389999866485596,7.0,7.070000171661377,7.070000171661377,32788
"CYTH","Cyclo Therapeutics, Inc. - Common Stock","2021-11-04 10:30:00-04:00",7.252799987792969,7.252799987792969,6.869999885559082,6.869999885559082,6.869999885559082,28814
"CYTH","Cyclo Therapeutics, Inc. - Common Stock","2021-11-04 11:30:00-04:00",6.869900226593018,6.965000152587891,6.869900226593018,6.90500020980835,6.90500020980835,6609
"CYTH","Cyclo Therapeutics, Inc. - Common Stock","2021-11-04 12:30:00-04:00",6.889999866485596,7.099899768829346,6.869999885559082,6.869999885559082,6.869999885559082,10610
"CYTH","Cyclo Therapeutics, Inc. - Common Stock","2021-11-04 13:30:00-04:00",6.900000095367432,6.940000057220459,6.886899948120117,6.886899948120117,6.886899948120117,1412
"CYTH","Cyclo Therapeutics, Inc. - Common Stock","2021-11-04 14:30:00-04:00",6.920000076293945,6.929999828338623,6.855500221252441,6.855500221252441,6.855500221252441,2050
"CYTH","Cyclo Therapeutics, Inc. - Common Stock","2021-11-04 15:30:00-04:00",6.880000114440918,6.885000228881836,6.670100212097168,6.75,6.75,4824
"CYTH","Cyclo Therapeutics, Inc. - Common Stock","2021-11-04 16:00:00-04:00",6.88,7.09,6.88,7.09,7.09,0
"CYTH","Cyclo Therapeutics, Inc. - Common Stock","2021-11-04 18:00:00-04:00",7.19,7.19,7.19,7.19,7.19,0
"CYTH","Cyclo Therapeutics, Inc. - Common Stock","2021-11-05 07:00:00-04:00",6.85,6.85,6.85,6.85,6.85,0
"CYTH","Cyclo Therapeutics, Inc. - Common Stock","2021-11-05 08:00:00-04:00",7.1,7.1,7.1,7.1,7.1,0
"CYTH","Cyclo Therapeutics, Inc. - Common Stock","2021-11-05 09:30:00-04:00",6.829999923706055,7.075900077819824,6.829999923706055,7.020100116729736,7.020100116729736,7044
"CYTH","Cyclo Therapeutics, Inc. - Common Stock","2021-11-05 10:30:00-04:00",7.019999980926514,7.020100116729736,6.672200202941895,6.672200202941895,6.672200202941895,6309
"CYTH","Cyclo Therapeutics, Inc. - Common Stock","2021-11-05 11:30:00-04:00",6.679399967193604,6.889999866485596,6.670000076293945,6.869999885559082,6.869999885559082,7425
"CYTH","Cyclo Therapeutics, Inc. - Common Stock","2021-11-05 12:30:00-04:00",6.860000133514404,6.860000133514404,6.860000133514404,6.860000133514404,6.860000133514404,155
"CYTH","Cyclo Therapeutics, Inc. - Common Stock","2021-11-05 13:30:00-04:00",6.855000019073486,6.980000019073486,6.820000171661377,6.909999847412109,6.909999847412109,4074
"CYTH","Cyclo Therapeutics, Inc. - Common Stock","2021-11-05 14:30:00-04:00",6.96999979019165,7.0,6.869999885559082,6.880000114440918,6.880000114440918,4940
"CYTH","Cyclo Therapeutics, Inc. - Common Stock","2021-11-05 15:30:00-04:00",6.96999979019165,7.070000171661377,6.96999979019165,7.070000171661377,7.070000171661377,2631
"CYTH","Cyclo Therapeutics, Inc. - Common Stock","2021-11-05 16:00:00-04:00",7.1,7.1,7.01,7.01,7.01,0
"CYTH","Cyclo Therapeutics, Inc. - Common Stock","2021-11-05 18:00:00-04:00",7.1,7.1,7.0999,7.0999,7.0999,0
"CYTH","Cyclo Therapeutics, Inc. - Common Stock","2021-11-08 08:00:00-05:00",7.25,7.25,7.25,7.25,7.25,0
"CYTH","Cyclo Therapeutics, Inc. - Common Stock","2021-11-08 09:00:00-05:00",7.25,7.25,7.25,7.25,7.25,0
"CYTH","Cyclo Therapeutics, Inc. - Common Stock","2021-11-08 09:30:00-05:00",7.190000057220459,7.25,7.0100998878479,7.124899864196777,7.124899864196777,10350
"CYTH","Cyclo Therapeutics, Inc. - Common Stock","2021-11-08 10:30:00-05:00",7.095300197601318,7.110000133514404,6.849999904632568,6.849999904632568,6.849999904632568,3856
"CYTH","Cyclo Therapeutics, Inc. - Common Stock","2021-11-08 11:30:00-05:00",6.976799964904785,7.0,6.849999904632568,6.849999904632568,6.849999904632568,5091
"CYTH","Cyclo Therapeutics, Inc. - Common Stock","2021-11-08 12:30:00-05:00",6.925000190734863,6.925000190734863,6.869999885559082,6.884500026702881,6.884500026702881,2922
"CYTH","Cyclo Therapeutics, Inc. - Common Stock","2021-11-08 13:30:00-05:00",6.889999866485596,6.998700141906738,6.869999885559082,6.900000095367432,6.900000095367432,6562
"CYTH","Cyclo Therapeutics, Inc. - Common Stock","2021-11-08 14:30:00-05:00",6.920000076293945,6.925000190734863,6.849999904632568,6.900000095367432,6.900000095367432,5692
"CYTH","Cyclo Therapeutics, Inc. - Common Stock","2021-11-08 15:30:00-05:00",6.920000076293945,6.925000190734863,6.860000133514404,6.900000095367432,6.900000095367432,2045
"CYTH","Cyclo Therapeutics, Inc. - Common Stock","2021-11-08 17:00:00-05:00",7.3,7.3,7.3,7.3,7.3,0
"CYTH","Cyclo Therapeutics, Inc. - Common Stock","2021-11-09 05:00:00-05:00",6.9,6.9,6.9,6.9,6.9,0
"CYTH","Cyclo Therapeutics, Inc. - Common Stock","2021-11-09 09:00:00-05:00",6.83,6.9,6.82,6.9,6.9,0
"CYTH","Cyclo Therapeutics, Inc. - Common Stock","2021-11-09 09:30:00-05:00",6.840000152587891,7.084199905395508,6.838500022888184,6.941999912261963,6.941999912261963,7334
"CYTH","Cyclo Therapeutics, Inc. - Common Stock","2021-11-09 10:30:00-05:00",6.949999809265137,6.975599765777588,6.820000171661377,6.831999778747559,6.831999778747559,3564
"CYTH","Cyclo Therapeutics, Inc. - Common Stock","2021-11-09 11:30:00-05:00",6.820000171661377,6.98390007019043,6.78000020980835,6.78000020980835,6.78000020980835,5738
"CYTH","Cyclo Therapeutics, Inc. - Common Stock","2021-11-09 12:30:00-05:00",6.889999866485596,6.900000095367432,6.832499980926514,6.900000095367432,6.900000095367432,852
"CYTH","Cyclo Therapeutics, Inc. - Common Stock","2021-11-09 13:30:00-05:00",6.900000095367432,6.903500080108643,6.900000095367432,6.903500080108643,6.903500080108643,567
"CYTH","Cyclo Therapeutics, Inc. - Common Stock","2021-11-09 14:30:00-05:00",6.894000053405762,6.900000095367432,6.889999866485596,6.889999866485596,6.889999866485596,997
"CYTH","Cyclo Therapeutics, Inc. - Common Stock","2021-11-09 15:30:00-05:00",6.900000095367432,6.929999828338623,6.857399940490723,6.894999980926514,6.894999980926514,2775
"CYTH","Cyclo Therapeutics, Inc. - Common Stock","2021-11-09 16:00:00-05:00",6.93,6.93,6.93,6.93,6.93,212
"CYTH","Cyclo Therapeutics, Inc. - Common Stock","2021-11-10 09:00:00-05:00",7.08,7.15,6.81,7.15,7.15,0
"CYTH","Cyclo Therapeutics, Inc. - Common Stock","2021-11-10 09:30:00-05:00",6.900000095367432,7.190000057220459,6.828400135040283,7.099999904632568,7.099999904632568,10101
"CYTH","Cyclo Therapeutics, Inc. - Common Stock","2021-11-10 10:30:00-05:00",7.087900161743164,7.170000076293945,7.079999923706055,7.164700031280518,7.164700031280518,3372
"CYTH","Cyclo Therapeutics, Inc. - Common Stock","2021-11-10 11:30:00-05:00",7.1930999755859375,7.199999809265137,7.1930999755859375,7.199999809265137,7.199999809265137,1984
"CYTH","Cyclo Therapeutics, Inc. - Common Stock","2021-11-10 12:30:00-05:00",7.199999809265137,7.199999809265137,7.099999904632568,7.099999904632568,7.099999904632568,7215
"CYTH","Cyclo Therapeutics, Inc. - Common Stock","2021-11-10 13:30:00-05:00",7.050000190734863,7.050000190734863,6.900000095367432,6.900000095367432,6.900000095367432,5786
"CYTH","Cyclo Therapeutics, Inc. - Common Stock","2021-11-10 14:30:00-05:00",6.900000095367432,6.920000076293945,6.840000152587891,6.903600215911865,6.903600215911865,1733
"CYTH","Cyclo Therapeutics, Inc. - Common Stock","2021-11-10 15:30:00-05:00",7.0,7.0,7.0,7.0,7.0,222
"CYTH","Cyclo Therapeutics, Inc. - Common Stock","2021-11-10 17:00:00-05:00",6.96,6.96,6.96,6.96,6.96,0
"CYTH","Cyclo Therapeutics, Inc. - Common Stock","2021-11-11 08:00:00-05:00",7.1501,7.1501,7.15,7.15,7.15,0
"CYTH","Cyclo Therapeutics, Inc. - Common Stock","2021-11-11 09:00:00-05:00",6.93,6.93,6.93,6.93,6.93,0
"CYTH","Cyclo Therapeutics, Inc. - Common Stock","2021-11-11 09:30:00-05:00",7.099999904632568,7.099999904632568,6.939799785614014,7.005000114440918,7.005000114440918,9721
"CYTH","Cyclo Therapeutics, Inc. - Common Stock","2021-11-11 10:30:00-05:00",6.935699939727783,6.980000019073486,6.929999828338623,6.980000019073486,6.980000019073486,2698
"CYTH","Cyclo Therapeutics, Inc. - Common Stock","2021-11-11 11:30:00-05:00",6.96999979019165,6.96999979019165,6.96999979019165,6.96999979019165,6.96999979019165,485
"CYTH","Cyclo Therapeutics, Inc. - Common Stock","2021-11-11 12:30:00-05:00",6.934999942779541,6.980000019073486,6.900000095367432,6.949999809265137,6.949999809265137,11038
"CYTH","Cyclo Therapeutics, Inc. - Common Stock","2021-11-11 13:30:00-05:00",6.974999904632568,7.0,6.910099983215332,6.910099983215332,6.910099983215332,1642
"CYTH","Cyclo Therapeutics, Inc. - Common Stock","2021-11-11 14:30:00-05:00",6.909999847412109,7.050000190734863,6.909999847412109,6.956200122833252,6.956200122833252,3789
"CYTH","Cyclo Therapeutics, Inc. - Common Stock","2021-11-11 15:30:00-05:00",6.9882001876831055,7.059999942779541,6.9882001876831055,7.059999942779541,7.059999942779541,820
"CYTH","Cyclo Therapeutics, Inc. - Common Stock","2021-11-11 16:00:00-05:00",7.03,7.35,7.03,7.35,7.35,0
"CYTH","Cyclo Therapeutics, Inc. - Common Stock","2021-11-12 08:00:00-05:00",7.32,7.32,7.32,7.32,7.32,0
"CYTH","Cyclo Therapeutics, Inc. - Common Stock","2021-11-12 09:00:00-05:00",7.35,7.35,7.35,7.35,7.35,0
"CYTH","Cyclo Therapeutics, Inc. - Common Stock","2021-11-12 09:30:00-05:00",7.110000133514404,7.179999828338623,7.070099830627441,7.150000095367432,7.150000095367432,3046
"CYTH","Cyclo Therapeutics, Inc. - Common Stock","2021-11-12 10:30:00-05:00",7.060100078582764,7.190000057220459,7.059999942779541,7.059999942779541,7.059999942779541,2559
"CYTH","Cyclo Therapeutics, Inc. - Common Stock","2021-11-12 11:30:00-05:00",7.0,7.070000171661377,7.0,7.070000171661377,7.070000171661377,5643
"CYTH","Cyclo Therapeutics, Inc. - Common Stock","2021-11-12 12:30:00-05:00",7.050000190734863,7.099999904632568,7.050000190734863,7.050000190734863,7.050000190734863,3497
"CYTH","Cyclo Therapeutics, Inc. - Common Stock","2021-11-12 13:30:00-05:00",7.093800067901611,7.093800067901611,7.037700176239014,7.037700176239014,7.037700176239014,1184
"CYTH","Cyclo Therapeutics, Inc. - Common Stock","2021-11-12 14:30:00-05:00",7.019999980926514,7.179999828338623,7.019999980926514,7.179999828338623,7.179999828338623,3581
"CYTH","Cyclo Therapeutics, Inc. - Common Stock","2021-11-12 15:30:00-05:00",7.170000076293945,7.170000076293945,7.074399948120117,7.130000114440918,7.130000114440918,1818
"CYTH","Cyclo Therapeutics, Inc. - Common Stock","2021-11-12 16:00:00-05:00",7.17,7.17,7.17,7.17,7.17,220
"CYTH","Cyclo Therapeutics, Inc. - Common Stock","2021-11-12 18:00:00-05:00",7.17,7.17,7.17,7.17,7.17,0
"CYTH","Cyclo Therapeutics, Inc. - Common Stock","2021-11-15 09:00:00-05:00",7.2,7.2,7.2,7.2,7.2,0
"CYTH","Cyclo Therapeutics, Inc. - Common Stock","2021-11-15 09:30:00-05:00",7.110000133514404,7.199900150299072,7.110000133514404,7.190000057220459,7.190000057220459,7999
"CYTH","Cyclo Therapeutics, Inc. - Common Stock","2021-11-15 10:30:00-05:00",7.150000095367432,7.190000057220459,7.13040018081665,7.13040018081665,7.13040018081665,2690
"CYTH","Cyclo Therapeutics, Inc. - Common Stock","2021-11-15 11:30:00-05:00",7.150000095367432,7.170000076293945,7.09149980545044,7.099999904632568,7.099999904632568,4686
"CYTH","Cyclo Therapeutics, Inc. - Common Stock","2021-11-15 12:30:00-05:00",7.122399806976318,7.21999979019165,7.099999904632568,7.198599815368652,7.198599815368652,9261
"CYTH","Cyclo Therapeutics, Inc. - Common Stock","2021-11-15 13:30:00-05:00",7.21999979019165,7.369999885559082,7.21999979019165,7.27269983291626,7.27269983291626,5096
"CYTH","Cyclo Therapeutics, Inc. - Common Stock","2021-11-15 14:30:00-05:00",7.36899995803833,7.369999885559082,7.329999923706055,7.330699920654297,7.330699920654297,2439
"CYTH","Cyclo Therapeutics, Inc. - Common Stock","2021-11-15 15:30:00-05:00",7.329999923706055,7.449999809265137,7.329999923706055,7.449999809265137,7.449999809265137,6659
"CYTH","Cyclo Therapeutics, Inc. - Common Stock","2021-11-15 16:00:00-05:00",7.29,7.5,7.27,7.27,7.27,0
"CYTH","Cyclo Therapeutics, Inc. - Common Stock","2021-11-15 17:00:00-05:00",7.25,7.3,6.6,6.6,6.6,0
"CYTH","Cyclo Therapeutics, Inc. - Common Stock","2021-11-16 07:00:00-05:00",7.59,7.68,7.59,7.68,7.68,0
"CYTH","Cyclo Therapeutics, Inc. - Common Stock","2021-11-16 08:00:00-05:00",7.5,9.78,7.5,8.45,8.45,0
"CYTH","Cyclo Therapeutics, Inc. - Common Stock","2021-11-16 09:00:00-05:00",8.47,8.54,7.71,7.81,7.81,0
"CYTH","Cyclo Therapeutics, Inc. - Common Stock","2021-11-16 09:30:00-05:00",7.710000038146973,8.300000190734863,7.350100040435791,7.510000228881836,7.510000228881836,2012099
"CYTH","Cyclo Therapeutics, Inc. - Common Stock","2021-11-16 10:30:00-05:00",7.460000038146973,7.650000095367432,7.409999847412109,7.5,7.5,51616
"CYTH","Cyclo Therapeutics, Inc. - Common Stock","2021-11-16 11:30:00-05:00",7.542600154876709,7.590000152587891,7.369999885559082,7.449999809265137,7.449999809265137,63075
"CYTH","Cyclo Therapeutics, Inc. - Common Stock","2021-11-16 12:30:00-05:00",7.445000171661377,7.445000171661377,7.159999847412109,7.199999809265137,7.199999809265137,59207
"CYTH","Cyclo Therapeutics, Inc. - Common Stock","2021-11-16 13:30:00-05:00",7.224999904632568,7.389900207519531,7.079999923706055,7.125500202178955,7.125500202178955,144935
"CYTH","Cyclo Therapeutics, Inc. - Common Stock","2021-11-16 14:30:00-05:00",7.119999885559082,7.380000114440918,7.110000133514404,7.184999942779541,7.184999942779541,42217
"CYTH","Cyclo Therapeutics, Inc. - Common Stock","2021-11-16 15:30:00-05:00",7.184999942779541,7.340000152587891,7.150000095367432,7.304999828338623,7.304999828338623,91154
"CYTH","Cyclo Therapeutics, Inc. - Common Stock","2021-11-16 16:00:00-05:00",7.34,7.65,5.83,6.37,6.37,0
"CYTH","Cyclo Therapeutics, Inc. - Common Stock","2021-11-16 17:00:00-05:00",6.37,6.38,6.27,6.38,6.38,0
"CYTH","Cyclo Therapeutics, Inc. - Common Stock","2021-11-16 18:00:00-05:00",6.36,6.38,6.27,6.36,6.36,0
"CYTH","Cyclo Therapeutics, Inc. - Common Stock","2021-11-17 04:00:00-05:00",6.4,6.4,6.28,6.3,6.3,0
"CYTH","Cyclo Therapeutics, Inc. - Common Stock","2021-11-17 05:00:00-05:00",6.3,6.3,6.02,6.02,6.02,0
"CYTH","Cyclo Therapeutics, Inc. - Common Stock","2021-11-17 06:00:00-05:00",6.06,6.2,6.06,6.19,6.19,0
"CYTH","Cyclo Therapeutics, Inc. - Common Stock","2021-11-17 07:00:00-05:00",6.15,6.19,6.0,6.0,6.0,0
"CYTH","Cyclo Therapeutics, Inc. - Common Stock","2021-11-17 08:00:00-05:00",6.0,6.18,5.77,5.83,5.83,0
"CYTH","Cyclo Therapeutics, Inc. - Common Stock","2021-11-17 09:00:00-05:00",5.83,5.98,5.79,5.96,5.96,0
"CYTH","Cyclo Therapeutics, Inc. - Common Stock","2021-11-17 09:30:00-05:00",5.960000038146973,5.960000038146973,5.630000114440918,5.690000057220459,5.690000057220459,535000
"CYTH","Cyclo Therapeutics, Inc. - Common Stock","2021-11-17 10:30:00-05:00",5.699999809265137,5.888999938964844,5.650000095367432,5.679999828338623,5.679999828338623,180286
"CYTH","Cyclo Therapeutics, Inc. - Common Stock","2021-11-17 11:30:00-05:00",5.679999828338623,5.820000171661377,5.679900169372559,5.769999980926514,5.769999980926514,112167
"CYTH","Cyclo Therapeutics, Inc. - Common Stock","2021-11-17 12:30:00-05:00",5.769999980926514,5.889999866485596,5.730000019073486,5.800000190734863,5.800000190734863,82265
"CYTH","Cyclo Therapeutics, Inc. - Common Stock","2021-11-17 13:30:00-05:00",5.829999923706055,5.949999809265137,5.820000171661377,5.920000076293945,5.920000076293945,38268
"CYTH","Cyclo Therapeutics, Inc. - Common Stock","2021-11-17 14:30:00-05:00",5.929999828338623,5.929999828338623,5.750100135803223,5.755000114440918,5.755000114440918,40708
"CYTH","Cyclo Therapeutics, Inc. - Common Stock","2021-11-17 15:30:00-05:00",5.755000114440918,5.889999866485596,5.699999809265137,5.849999904632568,5.849999904632568,107483
"CYTH","Cyclo Therapeutics, Inc. - Common Stock","2021-11-17 16:00:00-05:00",5.86,5.88,5.85,5.85,5.85,0
"CYTH","Cyclo Therapeutics, Inc. - Common Stock","2021-11-17 17:00:00-05:00",5.9,5.9,5.85,5.85,5.85,0
"CYTH","Cyclo Therapeutics, Inc. - Common Stock","2021-11-17 18:00:00-05:00",5.7001,5.9,5.7,5.7,5.7,0
"CYTH","Cyclo Therapeutics, Inc. - Common Stock","2021-11-18 04:00:00-05:00",5.85,5.85,5.8,5.82,5.82,0
"CYTH","Cyclo Therapeutics, Inc. - Common Stock","2021-11-18 06:00:00-05:00",5.83,5.83,5.82,5.82,5.82,0
"CYTH","Cyclo Therapeutics, Inc. - Common Stock","2021-11-18 07:00:00-05:00",5.83,5.83,5.82,5.82,5.82,0
"CYTH","Cyclo Therapeutics, Inc. - Common Stock","2021-11-18 08:00:00-05:00",5.82,5.83,5.73,5.75,5.75,0
"CYTH","Cyclo Therapeutics, Inc. - Common Stock","2021-11-18 09:00:00-05:00",5.75,5.82,5.75,5.81,5.81,0
"CYTH","Cyclo Therapeutics, Inc. - Common Stock","2021-11-18 09:30:00-05:00",5.800000190734863,5.820000171661377,5.550000190734863,5.590000152587891,5.590000152587891,83176
"CYTH","Cyclo Therapeutics, Inc. - Common Stock","2021-11-18 10:30:00-05:00",5.590000152587891,5.59499979019165,5.5,5.5,5.5,52473
"CYTH","Cyclo Therapeutics, Inc. - Common Stock","2021-11-18 11:30:00-05:00",5.5,5.519999980926514,5.449999809265137,5.489699840545654,5.489699840545654,67468
"CYTH","Cyclo Therapeutics, Inc. - Common Stock","2021-11-18 12:30:00-05:00",5.4899001121521,5.4899001121521,5.440000057220459,5.449999809265137,5.449999809265137,27943
"CYTH","Cyclo Therapeutics, Inc. - Common Stock","2021-11-18 13:30:00-05:00",5.454999923706055,5.454999923706055,5.400000095367432,5.406000137329102,5.406000137329102,19282
"CYTH","Cyclo Therapeutics, Inc. - Common Stock","2021-11-18 14:30:00-05:00",5.40910005569458,5.409999847412109,5.380000114440918,5.40500020980835,5.40500020980835,23060
"CYTH","Cyclo Therapeutics, Inc. - Common Stock","2021-11-18 15:30:00-05:00",5.400000095367432,5.519999980926514,5.400000095367432,5.449999809265137,5.449999809265137,46464
"CYTH","Cyclo Therapeutics, Inc. - Common Stock","2021-11-18 16:00:00-05:00",5.5,5.5,5.5,5.5,5.5,1793
"CYTH","Cyclo Therapeutics, Inc. - Common Stock","2021-11-18 17:00:00-05:00",5.5,5.5,5.4101,5.5,5.5,0
"CYTH","Cyclo Therapeutics, Inc. - Common Stock","2021-11-19 04:00:00-05:00",5.5,5.5,5.5,5.5,5.5,0
"CYTH","Cyclo Therapeutics, Inc. - Common Stock","2021-11-19 07:00:00-05:00",5.48,5.5,5.48,5.5,5.5,0
"CYTH","Cyclo Therapeutics, Inc. - Common Stock","2021-11-19 08:00:00-05:00",5.5,5.5,5.45,5.5,5.5,0
"CYTH","Cyclo Therapeutics, Inc. - Common Stock","2021-11-19 09:30:00-05:00",5.449999809265137,5.480000019073486,5.199999809265137,5.21999979019165,5.21999979019165,77295
"CYTH","Cyclo Therapeutics, Inc. - Common Stock","2021-11-19 10:30:00-05:00",5.21999979019165,5.289999961853027,5.150000095367432,5.150000095367432,5.150000095367432,56790
"CYTH","Cyclo Therapeutics, Inc. - Common Stock","2021-11-19 11:30:00-05:00",5.150000095367432,5.28000020980835,5.099999904632568,5.099999904632568,5.099999904632568,39757
"CYTH","Cyclo Therapeutics, Inc. - Common Stock","2021-11-19 12:30:00-05:00",5.099999904632568,5.483500003814697,5.099999904632568,5.320000171661377,5.320000171661377,147999
"CYTH","Cyclo Therapeutics, Inc. - Common Stock","2021-11-19 13:30:00-05:00",5.379899978637695,5.380000114440918,5.110000133514404,5.110000133514404,5.110000133514404,57146
"CYTH","Cyclo Therapeutics, Inc. - Common Stock","2021-11-19 14:30:00-05:00",5.110000133514404,5.329999923706055,5.110000133514404,5.269999980926514,5.269999980926514,44158
"CYTH","Cyclo Therapeutics, Inc. - Common Stock","2021-11-19 15:30:00-05:00",5.275000095367432,5.300000190734863,5.150000095367432,5.179999828338623,5.179999828338623,30894
"CYTH","Cyclo Therapeutics, Inc. - Common Stock","2021-11-19 16:00:00-05:00",5.27,5.3,5.27,5.3,5.3,0
"CYTH","Cyclo Therapeutics, Inc. - Common Stock","2021-11-19 17:00:00-05:00",5.26,5.27,5.26,5.27,5.27,0
"CYTH","Cyclo Therapeutics, Inc. - Common Stock","2021-11-19 18:00:00-05:00",5.21,5.21,5.21,5.21,5.21,0
"CYTH","Cyclo Therapeutics, Inc. - Common Stock","2021-11-22 05:00:00-05:00",5.48,5.49,5.48,5.49,5.49,0
"CYTH","Cyclo Therapeutics, Inc. - Common Stock","2021-11-22 07:00:00-05:00",5.42,5.42,5.4,5.4,5.4,0
"CYTH","Cyclo Therapeutics, Inc. - Common Stock","2021-11-22 08:00:00-05:00",5.27,5.39,5.26,5.27,5.27,0
"CYTH","Cyclo Therapeutics, Inc. - Common Stock","2021-11-22 09:00:00-05:00",5.27,5.27,5.26,5.27,5.27,0
"CYTH","Cyclo Therapeutics, Inc. - Common Stock","2021-11-22 09:30:00-05:00",5.260000228881836,5.276800155639648,5.099999904632568,5.140999794006348,5.140999794006348,29928
"CYTH","Cyclo Therapeutics, Inc. - Common Stock","2021-11-22 10:30:00-05:00",5.149899959564209,5.20989990234375,5.099999904632568,5.099999904632568,5.099999904632568,23568
"CYTH","Cyclo Therapeutics, Inc. - Common Stock","2021-11-22 11:30:00-05:00",5.099999904632568,5.112800121307373,5.010000228881836,5.059999942779541,5.059999942779541,42877
"CYTH","Cyclo Therapeutics, Inc. - Common Stock","2021-11-22 12:30:00-05:00",5.050000190734863,5.127299785614014,5.050000190734863,5.070000171661377,5.070000171661377,9964
"CYTH","Cyclo Therapeutics, Inc. - Common Stock","2021-11-22 13:30:00-05:00",5.090000152587891,5.260000228881836,5.090000152587891,5.260000228881836,5.260000228881836,18043
"CYTH","Cyclo Therapeutics, Inc. - Common Stock","2021-11-22 14:30:00-05:00",5.260000228881836,5.28000020980835,5.170000076293945,5.255000114440918,5.255000114440918,12550
"CYTH","Cyclo Therapeutics, Inc. - Common Stock","2021-11-22 15:30:00-05:00",5.254799842834473,5.386499881744385,5.25,5.380000114440918,5.380000114440918,14048
"CYTH","Cyclo Therapeutics, Inc. - Common Stock","2021-11-22 16:00:00-05:00",5.39,5.41,5.12,5.39,5.39,0
"CYTH","Cyclo Therapeutics, Inc. - Common Stock","2021-11-22 18:00:00-05:00",5.39,5.39,5.39,5.39,5.39,0
"CYTH","Cyclo Therapeutics, Inc. - Common Stock","2021-11-23 06:00:00-05:00",5.38,5.38,5.38,5.38,5.38,0
"CYTH","Cyclo Therapeutics, Inc. - Common Stock","2021-11-23 08:00:00-05:00",5.37,5.37,5.37,5.37,5.37,0
"CYTH","Cyclo Therapeutics, Inc. - Common Stock","2021-11-23 09:00:00-05:00",5.16,5.16,5.16,5.16,5.16,0
"CYTH","Cyclo Therapeutics, Inc. - Common Stock","2021-11-23 09:30:00-05:00",5.28000020980835,5.359899997711182,5.210000038146973,5.329999923706055,5.329999923706055,5830
"CYTH","Cyclo Therapeutics, Inc. - Common Stock","2021-11-23 10:30:00-05:00",5.320000171661377,5.322000026702881,5.239999771118164,5.239999771118164,5.239999771118164,14105
"CYTH","Cyclo Therapeutics, Inc. - Common Stock","2021-11-23 11:30:00-05:00",5.230000019073486,5.264999866485596,5.21999979019165,5.235000133514404,5.235000133514404,8344
"CYTH","Cyclo Therapeutics, Inc. - Common Stock","2021-11-23 12:30:00-05:00",5.21999979019165,5.249899864196777,5.179999828338623,5.190100193023682,5.190100193023682,12611
"CYTH","Cyclo Therapeutics, Inc. - Common Stock","2021-11-23 13:30:00-05:00",5.190000057220459,5.225200176239014,5.179999828338623,5.210000038146973,5.210000038146973,5762
"CYTH","Cyclo Therapeutics, Inc. - Common Stock","2021-11-23 14:30:00-05:00",5.199999809265137,5.28000020980835,5.190000057220459,5.239999771118164,5.239999771118164,19836
"CYTH","Cyclo Therapeutics, Inc. - Common Stock","2021-11-23 15:30:00-05:00",5.28000020980835,5.309999942779541,5.199999809265137,5.289999961853027,5.289999961853027,5584
"CYTH","Cyclo Therapeutics, Inc. - Common Stock","2021-11-23 16:00:00-05:00",5.35,5.354,5.3,5.35,5.35,0
"CYTH","Cyclo Therapeutics, Inc. - Common Stock","2021-11-23 17:00:00-05:00",5.35,5.35,5.3,5.3,5.3,0
"CYTH","Cyclo Therapeutics, Inc. - Common Stock","2021-11-23 18:00:00-05:00",5.35,5.35,5.3,5.3,5.3,0
"CYTH","Cyclo Therapeutics, Inc. - Common Stock","2021-11-24 07:00:00-05:00",5.35,5.35,5.35,5.35,5.35,0
"CYTH","Cyclo Therapeutics, Inc. - Common Stock","2021-11-24 08:00:00-05:00",5.25,5.25,5.25,5.25,5.25,0
"CYTH","Cyclo Therapeutics, Inc. - Common Stock","2021-11-24 09:30:00-05:00",5.25,5.25,5.190000057220459,5.25,5.25,13914
"CYTH","Cyclo Therapeutics, Inc. - Common Stock","2021-11-24 10:30:00-05:00",5.249300003051758,5.300000190734863,5.230000019073486,5.269999980926514,5.269999980926514,28096
"CYTH","Cyclo Therapeutics, Inc. - Common Stock","2021-11-24 11:30:00-05:00",5.294000148773193,5.321599960327148,5.275000095367432,5.300000190734863,5.300000190734863,4927
"CYTH","Cyclo Therapeutics, Inc. - Common Stock","2021-11-24 12:30:00-05:00",5.315000057220459,5.340000152587891,5.310299873352051,5.310299873352051,5.310299873352051,1722
"CYTH","Cyclo Therapeutics, Inc. - Common Stock","2021-11-24 13:30:00-05:00",5.309999942779541,5.309999942779541,5.230000019073486,5.309999942779541,5.309999942779541,12497
"CYTH","Cyclo Therapeutics, Inc. - Common Stock","2021-11-24 14:30:00-05:00",5.269999980926514,5.329999923706055,5.230100154876709,5.230100154876709,5.230100154876709,20032
"CYTH","Cyclo Therapeutics, Inc. - Common Stock","2021-11-24 15:30:00-05:00",5.269999980926514,5.329999923706055,5.25,5.28000020980835,5.28000020980835,13464
"CYTH","Cyclo Therapeutics, Inc. - Common Stock","2021-11-24 16:00:00-05:00",5.3,5.31,5.3,5.31,5.31,0
"CYTH","Cyclo Therapeutics, Inc. - Common Stock","2021-11-24 17:00:00-05:00",5.32,5.32,5.2632,5.29,5.29,0
"CYTH","Cyclo Therapeutics, Inc. - Common Stock","2021-11-26 06:00:00-05:00",5.3,5.3,5.3,5.3,5.3,0
"CYTH","Cyclo Therapeutics, Inc. - Common Stock","2021-11-26 07:00:00-05:00",5.22,5.3,5.22,5.3,5.3,0
"CYTH","Cyclo Therapeutics, Inc. - Common Stock","2021-11-26 08:00:00-05:00",5.3,5.3,5.2,5.2,5.2,0
"CYTH","Cyclo Therapeutics, Inc. - Common Stock","2021-11-26 09:00:00-05:00",5.2,5.21,5.2,5.21,5.21,0
"CYTH","Cyclo Therapeutics, Inc. - Common Stock","2021-11-26 09:30:00-05:00",5.289999961853027,5.300000190734863,5.197299957275391,5.25,5.25,15901
"CYTH","Cyclo Therapeutics, Inc. - Common Stock","2021-11-26 10:30:00-05:00",5.25,5.271900177001953,5.220099925994873,5.220099925994873,5.220099925994873,2068
"CYTH","Cyclo Therapeutics, Inc. - Common Stock","2021-11-26 11:30:00-05:00",5.224999904632568,5.300000190734863,5.224999904632568,5.25,5.25,16100
"CYTH","Cyclo Therapeutics, Inc. - Common Stock","2021-11-26 13:00:00-05:00",5.269999980926514,5.349899768829346,5.199999809265137,5.349899768829346,5.349899768829346,0
"CYTH","Cyclo Therapeutics, Inc. - Common Stock","2021-11-26 16:00:00-05:00",5.25,5.35,5.25,5.35,5.35,0
"CYTH","Cyclo Therapeutics, Inc. - Common Stock","2021-11-29 09:30:00-05:00",5.369999885559082,5.480000019073486,5.25,5.46999979019165,5.46999979019165,18482
"CYTH","Cyclo Therapeutics, Inc. - Common Stock","2021-11-29 10:30:00-05:00",5.460000038146973,5.46999979019165,5.277100086212158,5.449999809265137,5.449999809265137,14180
"CYTH","Cyclo Therapeutics, Inc. - Common Stock","2021-11-29 11:30:00-05:00",5.451399803161621,5.476500034332275,5.380000114440918,5.466899871826172,5.466899871826172,5458
"CYTH","Cyclo Therapeutics, Inc. - Common Stock","2021-11-29 12:30:00-05:00",5.400000095367432,5.449999809265137,5.390399932861328,5.420000076293945,5.420000076293945,1391
"CYTH","Cyclo Therapeutics, Inc. - Common Stock","2021-11-29 13:30:00-05:00",5.401000022888184,5.449900150299072,5.401000022888184,5.4496002197265625,5.4496002197265625,4143
"CYTH","Cyclo Therapeutics, Inc. - Common Stock","2021-11-29 14:30:00-05:00",5.440000057220459,5.480000019073486,5.400000095367432,5.445000171661377,5.445000171661377,38502
"CYTH","Cyclo Therapeutics, Inc. - Common Stock","2021-11-29 15:30:00-05:00",5.440000057220459,5.480000019073486,5.380000114440918,5.46999979019165,5.46999979019165,17642
"CYTH","Cyclo Therapeutics, Inc. - Common Stock","2021-11-29 16:00:00-05:00",5.47,5.47,5.47,5.47,5.47,723
"CYTH","Cyclo Therapeutics, Inc. - Common Stock","2021-11-29 17:00:00-05:00",5.43,5.43,5.43,5.43,5.43,0
"CYTH","Cyclo Therapeutics, Inc. - Common Stock","2021-12-01 08:00:00-05:00",5.2,5.2,5.2,5.2,5.2,0
"CYTH","Cyclo Therapeutics, Inc. - Common Stock","2021-12-01 09:00:00-05:00",5.2,5.37,5.2,5.37,5.37,0
"CYTH","Cyclo Therapeutics, Inc. - Common Stock","2021-12-01 09:30:00-05:00",5.3572998046875,5.385000228881836,5.260000228881836,5.260000228881836,5.260000228881836,13684
"CYTH","Cyclo Therapeutics, Inc. - Common Stock","2021-12-01 10:30:00-05:00",5.269999980926514,5.353000164031982,5.239999771118164,5.324999809265137,5.324999809265137,12625
"CYTH","Cyclo Therapeutics, Inc. - Common Stock","2021-12-01 11:30:00-05:00",5.320000171661377,5.320000171661377,5.210000038146973,5.2469000816345215,5.2469000816345215,5322
"CYTH","Cyclo Therapeutics, Inc. - Common Stock","2021-12-01 12:30:00-05:00",5.139999866485596,5.25029993057251,5.081200122833252,5.110000133514404,5.110000133514404,21109
"CYTH","Cyclo Therapeutics, Inc. - Common Stock","2021-12-01 13:30:00-05:00",5.070000171661377,5.122099876403809,5.019999980926514,5.050000190734863,5.050000190734863,20341
"CYTH","Cyclo Therapeutics, Inc. - Common Stock","2021-12-01 14:30:00-05:00",5.059999942779541,5.079999923706055,4.940000057220459,4.980000019073486,4.980000019073486,27195
"CYTH","Cyclo Therapeutics, Inc. - Common Stock","2021-12-01 15:30:00-05:00",4.954999923706055,5.009900093078613,4.760000228881836,4.800000190734863,4.800000190734863,45046
"CYTH","Cyclo Therapeutics, Inc. - Common Stock","2021-12-01 16:00:00-05:00",5.02,5.02,5.02,5.02,5.02,0
"CYTH","Cyclo Therapeutics, Inc. - Common Stock","2021-12-01 18:00:00-05:00",5.02,5.02,5.02,5.02,5.02,0
"CYTH","Cyclo Therapeutics, Inc. - Common Stock","2021-12-02 07:00:00-05:00",5.0,5.0,5.0,5.0,5.0,0
"CYTH","Cyclo Therapeutics, Inc. - Common Stock","2021-12-02 08:00:00-05:00",4.9,4.9,4.9,4.9,4.9,0
"CYTH","Cyclo Therapeutics, Inc. - Common Stock","2021-12-02 09:00:00-05:00",4.9,5.24,4.9,4.99,4.99,0
"CYTH","Cyclo Therapeutics, Inc. - Common Stock","2021-12-02 09:30:00-05:00",4.980000019073486,5.199900150299072,4.900000095367432,4.900000095367432,4.900000095367432,18916
"CYTH","Cyclo Therapeutics, Inc. - Common Stock","2021-12-02 10:30:00-05:00",4.904600143432617,4.904600143432617,4.75,4.795000076293945,4.795000076293945,14896
"CYTH","Cyclo Therapeutics, Inc. - Common Stock","2021-12-02 11:30:00-05:00",4.789999961853027,4.800000190734863,4.75,4.78000020980835,4.78000020980835,10904
"CYTH","Cyclo Therapeutics, Inc. - Common Stock","2021-12-02 12:30:00-05:00",4.789999961853027,4.840000152587891,4.780099868774414,4.829999923706055,4.829999923706055,1628
"CYTH","Cyclo Therapeutics, Inc. - Common Stock","2021-12-02 13:30:00-05:00",4.840000152587891,4.899899959564209,4.815899848937988,4.879899978637695,4.879899978637695,4663
"CYTH","Cyclo Therapeutics, Inc. - Common Stock","2021-12-02 14:30:00-05:00",4.880000114440918,5.0,4.849999904632568,4.980000019073486,4.980000019073486,14112
"CYTH","Cyclo Therapeutics, Inc. - Common Stock","2021-12-02 15:30:00-05:00",4.980000019073486,5.038899898529053,4.949999809265137,4.949999809265137,4.949999809265137,9678
"CYTH","Cyclo Therapeutics, Inc. - Common Stock","2021-12-02 16:00:00-05:00",4.99,4.99,4.99,4.99,4.99,662
"CYTH","Cyclo Therapeutics, Inc. - Common Stock","2021-12-02 17:00:00-05:00",5.09,5.09,5.09,5.09,5.09,0
"CYTH","Cyclo Therapeutics, Inc. - Common Stock","2021-12-03 07:00:00-05:00",5.1,5.27,5.1,5.27,5.27,0
"CYTH","Cyclo Therapeutics, Inc. - Common Stock","2021-12-03 08:00:00-05:00",5.09,5.5,5.09,5.5,5.5,0
"CYTH","Cyclo Therapeutics, Inc. - Common Stock","2021-12-03 09:00:00-05:00",5.15,5.27,5.15,5.27,5.27,0
"CYTH","Cyclo Therapeutics, Inc. - Common Stock","2021-12-03 09:30:00-05:00",5.110000133514404,5.249899864196777,4.900100231170654,4.901199817657471,4.901199817657471,14819
"CYTH","Cyclo Therapeutics, Inc. - Common Stock","2021-12-03 10:30:00-05:00",4.925000190734863,4.949999809265137,4.750199794769287,4.820000171661377,4.820000171661377,17866
"CYTH","Cyclo Therapeutics, Inc. - Common Stock","2021-12-03 11:30:00-05:00",4.829999923706055,4.852499961853027,4.75,4.75,4.75,8802
"CYTH","Cyclo Therapeutics, Inc. - Common Stock","2021-12-03 12:30:00-05:00",4.769999980926514,4.78000020980835,4.730000019073486,4.78000020980835,4.78000020980835,7798
"CYTH","Cyclo Therapeutics, Inc. - Common Stock","2021-12-03 13:30:00-05:00",4.805500030517578,4.820000171661377,4.699999809265137,4.730000019073486,4.730000019073486,10400
"CYTH","Cyclo Therapeutics, Inc. - Common Stock","2021-12-03 14:30:00-05:00",4.730000019073486,4.829899787902832,4.679999828338623,4.704100131988525,4.704100131988525,38853
"CYTH","Cyclo Therapeutics, Inc. - Common Stock","2021-12-03 15:30:00-05:00",4.789999961853027,4.789999961853027,4.760000228881836,4.789999961853027,4.789999961853027,2387
"CYTH","Cyclo Therapeutics, Inc. - Common Stock","2021-12-03 16:00:00-05:00",4.77,4.77,4.77,4.77,4.77,305
"CYTH","Cyclo Therapeutics, Inc. - Common Stock","2021-12-03 17:00:00-05:00",5.14,5.14,5.14,5.14,5.14,0
"CYTH","Cyclo Therapeutics, Inc. - Common Stock","2021-12-06 07:00:00-05:00",4.71,4.89,4.71,4.76,4.76,0
"CYTH","Cyclo Therapeutics, Inc. - Common Stock","2021-12-06 08:00:00-05:00",4.81,6.7799,4.76,5.15,5.15,0
"CYTH","Cyclo Therapeutics, Inc. - Common Stock","2021-12-06 09:00:00-05:00",5.11,5.28,4.91,4.95,4.95,0
"CYTH","Cyclo Therapeutics, Inc. - Common Stock","2021-12-06 09:30:00-05:00",4.909999847412109,5.059899806976318,4.440000057220459,4.650000095367432,4.650000095367432,792746
"CYTH","Cyclo Therapeutics, Inc. - Common Stock","2021-12-06 10:30:00-05:00",4.650000095367432,4.701399803161621,4.5,4.554999828338623,4.554999828338623,60608
"CYTH","Cyclo Therapeutics, Inc. - Common Stock","2021-12-06 11:30:00-05:00",4.570000171661377,4.629899978637695,4.460000038146973,4.550000190734863,4.550000190734863,51540
"CYTH","Cyclo Therapeutics, Inc. - Common Stock","2021-12-06 12:30:00-05:00",4.550000190734863,4.799900054931641,4.480000019073486,4.570000171661377,4.570000171661377,76835
"CYTH","Cyclo Therapeutics, Inc. - Common Stock","2021-12-06 13:30:00-05:00",4.630000114440918,4.980000019073486,4.610000133514404,4.913899898529053,4.913899898529053,41873
"CYTH","Cyclo Therapeutics, Inc. - Common Stock","2021-12-06 14:30:00-05:00",4.905700206756592,5.110000133514404,4.769999980926514,4.860000133514404,4.860000133514404,60828
"CYTH","Cyclo Therapeutics, Inc. - Common Stock","2021-12-06 15:30:00-05:00",4.824999809265137,4.900000095367432,4.810100078582764,4.900000095367432,4.900000095367432,19215
"CYTH","Cyclo Therapeutics, Inc. - Common Stock","2021-12-06 16:00:00-05:00",4.9,5.06,4.81,4.81,4.81,0
"CYTH","Cyclo Therapeutics, Inc. - Common Stock","2021-12-06 17:00:00-05:00",4.81,4.81,4.81,4.81,4.81,0
"CYTH","Cyclo Therapeutics, Inc. - Common Stock","2021-12-06 18:00:00-05:00",4.81,4.89,4.81,4.81,4.81,0
"CYTH","Cyclo Therapeutics, Inc. - Common Stock","2021-12-07 04:00:00-05:00",4.85,4.85,4.85,4.85,4.85,0
"CYTH","Cyclo Therapeutics, Inc. - Common Stock","2021-12-07 05:00:00-05:00",4.81,4.95,4.81,4.94,4.94,0
"CYTH","Cyclo Therapeutics, Inc. - Common Stock","2021-12-07 07:00:00-05:00",4.9,4.94,4.82,4.82,4.82,0
"CYTH","Cyclo Therapeutics, Inc. - Common Stock","2021-12-07 08:00:00-05:00",4.83,4.95,4.82,4.85,4.85,0
"CYTH","Cyclo Therapeutics, Inc. - Common Stock","2021-12-07 09:00:00-05:00",4.95,5.0,4.85,4.99,4.99,0
"CYTH","Cyclo Therapeutics, Inc. - Common Stock","2021-12-07 09:30:00-05:00",4.920000076293945,5.150000095367432,4.833899974822998,5.130000114440918,5.130000114440918,41461
"CYTH","Cyclo Therapeutics, Inc. - Common Stock","2021-12-07 10:30:00-05:00",4.928999900817871,5.130000114440918,4.920000076293945,5.09499979019165,5.09499979019165,4798
"CYTH","Cyclo Therapeutics, Inc. - Common Stock","2021-12-07 11:30:00-05:00",5.130099773406982,5.130099773406982,4.959000110626221,4.997200012207031,4.997200012207031,10540
"CYTH","Cyclo Therapeutics, Inc. - Common Stock","2021-12-07 12:30:00-05:00",5.039999961853027,5.090000152587891,4.920000076293945,4.920000076293945,4.920000076293945,20106
"CYTH","Cyclo Therapeutics, Inc. - Common Stock","2021-12-07 13:30:00-05:00",4.965000152587891,4.989999771118164,4.599999904632568,4.670000076293945,4.670000076293945,34853
"CYTH","Cyclo Therapeutics, Inc. - Common Stock","2021-12-07 14:30:00-05:00",4.670000076293945,4.849999904632568,4.625,4.640900135040283,4.640900135040283,47203
"CYTH","Cyclo Therapeutics, Inc. - Common Stock","2021-12-07 15:30:00-05:00",4.690000057220459,4.710000038146973,4.630000114440918,4.710000038146973,4.710000038146973,11339
"CYTH","Cyclo Therapeutics, Inc. - Common Stock","2021-12-07 16:00:00-05:00",4.71,4.71,4.69,4.69,4.69,0
"CYTH","Cyclo Therapeutics, Inc. - Common Stock","2021-12-07 17:00:00-05:00",4.69,4.89,4.69,4.89,4.89,0
"CYTH","Cyclo Therapeutics, Inc. - Common Stock","2021-12-08 04:00:00-05:00",4.95,4.95,4.95,4.95,4.95,0
"CYTH","Cyclo Therapeutics, Inc. - Common Stock","2021-12-08 06:00:00-05:00",4.95,4.95,4.7,4.71,4.71,0
"CYTH","Cyclo Therapeutics, Inc. - Common Stock","2021-12-08 08:00:00-05:00",4.71,4.71,4.62,4.62,4.62,0
"CYTH","Cyclo Therapeutics, Inc. - Common Stock","2021-12-08 09:00:00-05:00",4.67,4.67,4.67,4.67,4.67,0
"CYTH","Cyclo Therapeutics, Inc. - Common Stock","2021-12-08 09:30:00-05:00",4.659999847412109,4.849999904632568,4.651700019836426,4.760000228881836,4.760000228881836,20119
"CYTH","Cyclo Therapeutics, Inc. - Common Stock","2021-12-08 10:30:00-05:00",4.730000019073486,4.831099987030029,4.730000019073486,4.78000020980835,4.78000020980835,6127
"CYTH","Cyclo Therapeutics, Inc. - Common Stock","2021-12-08 11:30:00-05:00",4.874000072479248,4.884300231933594,4.744100093841553,4.860000133514404,4.860000133514404,12722
"CYTH","Cyclo Therapeutics, Inc. - Common Stock","2021-12-08 12:30:00-05:00",4.855000019073486,4.880000114440918,4.810100078582764,4.849999904632568,4.849999904632568,2276
"CYTH","Cyclo Therapeutics, Inc. - Common Stock","2021-12-08 13:30:00-05:00",4.849999904632568,4.879899978637695,4.75,4.75,4.75,16018
"CYTH","Cyclo Therapeutics, Inc. - Common Stock","2021-12-08 14:30:00-05:00",4.739999771118164,4.849999904632568,4.610000133514404,4.739999771118164,4.739999771118164,48303
"CYTH","Cyclo Therapeutics, Inc. - Common Stock","2021-12-08 15:30:00-05:00",4.75,4.75,4.679999828338623,4.690000057220459,4.690000057220459,7803
"CYTH","Cyclo Therapeutics, Inc. - Common Stock","2021-12-08 16:00:00-05:00",4.74,4.75,4.59,4.75,4.75,0
"CYTH","Cyclo Therapeutics, Inc. - Common Stock","2021-12-08 18:00:00-05:00",4.6,4.66,4.6,4.64,4.64,0
"CYTH","Cyclo Therapeutics, Inc. - Common Stock","2021-12-09 05:00:00-05:00",4.68,4.68,4.68,4.68,4.68,0
"CYTH","Cyclo Therapeutics, Inc. - Common Stock","2021-12-09 06:00:00-05:00",4.68,4.68,4.68,4.68,4.68,0
"CYTH","Cyclo Therapeutics, Inc. - Common Stock","2021-12-09 07:00:00-05:00",4.63,4.63,4.63,4.63,4.63,0
"CYTH","Cyclo Therapeutics, Inc. - Common Stock","2021-12-09 08:00:00-05:00",4.69,4.71,4.6899,4.69,4.69,0
"CYTH","Cyclo Therapeutics, Inc. - Common Stock","2021-12-09 09:00:00-05:00",4.7,4.7899,4.65,4.65,4.65,0
"CYTH","Cyclo Therapeutics, Inc. - Common Stock","2021-12-09 09:30:00-05:00",4.619999885559082,4.789999961853027,4.619999885559082,4.735000133514404,4.735000133514404,27617
"CYTH","Cyclo Therapeutics, Inc. - Common Stock","2021-12-09 10:30:00-05:00",4.800000190734863,4.800000190734863,4.679999828338623,4.704999923706055,4.704999923706055,1809
"CYTH","Cyclo Therapeutics, Inc. - Common Stock","2021-12-09 11:30:00-05:00",4.67549991607666,4.730000019073486,4.660099983215332,4.699999809265137,4.699999809265137,1425
"CYTH","Cyclo Therapeutics, Inc. - Common Stock","2021-12-09 12:30:00-05:00",4.71999979019165,4.730000019073486,4.53000020980835,4.535999774932861,4.535999774932861,20782
"CYTH","Cyclo Therapeutics, Inc. - Common Stock","2021-12-09 13:30:00-05:00",4.550000190734863,4.639999866485596,4.53000020980835,4.630000114440918,4.630000114440918,2879
"CYTH","Cyclo Therapeutics, Inc. - Common Stock","2021-12-09 14:30:00-05:00",4.639999866485596,4.639999866485596,4.389999866485596,4.499899864196777,4.499899864196777,27375
"CYTH","Cyclo Therapeutics, Inc. - Common Stock","2021-12-09 15:30:00-05:00",4.479000091552734,4.559800148010254,4.429999828338623,4.489999771118164,4.489999771118164,16781
"CYTH","Cyclo Therapeutics, Inc. - Common Stock","2021-12-09 16:00:00-05:00",4.5,4.5,4.35,4.5,4.5,0
"CYTH","Cyclo Therapeutics, Inc. - Common Stock","2021-12-09 17:00:00-05:00",4.5,4.5,4.46,4.46,4.46,0
"CYTH","Cyclo Therapeutics, Inc. - Common Stock","2021-12-10 07:00:00-05:00",4.26,4.26,4.26,4.26,4.26,0
"CYTH","Cyclo Therapeutics, Inc. - Common Stock","2021-12-10 08:00:00-05:00",4.5,4.5,4.5,4.5,4.5,0
"CYTH","Cyclo Therapeutics, Inc. - Common Stock","2021-12-10 09:00:00-05:00",4.5,4.66,4.5,4.66,4.66,0
"CYTH","Cyclo Therapeutics, Inc. - Common Stock","2021-12-10 09:30:00-05:00",4.539999961853027,4.548799991607666,4.329999923706055,4.349999904632568,4.349999904632568,33157
"CYTH","Cyclo Therapeutics, Inc. - Common Stock","2021-12-10 10:30:00-05:00",4.329999923706055,4.460000038146973,4.310100078582764,4.360000133514404,4.360000133514404,37812
"CYTH","Cyclo Therapeutics, Inc. - Common Stock","2021-12-10 11:30:00-05:00",4.360199928283691,4.429999828338623,4.360000133514404,4.360000133514404,4.360000133514404,6904
"CYTH","Cyclo Therapeutics, Inc. - Common Stock","2021-12-10 12:30:00-05:00",4.360000133514404,4.400000095367432,4.360000133514404,4.360000133514404,4.360000133514404,6139
"CYTH","Cyclo Therapeutics, Inc. - Common Stock","2021-12-10 13:30:00-05:00",4.349999904632568,4.599999904632568,4.2378997802734375,4.440000057220459,4.440000057220459,46482
"CYTH","Cyclo Therapeutics, Inc. - Common Stock","2021-12-10 14:30:00-05:00",4.460000038146973,4.659999847412109,4.329999923706055,4.389999866485596,4.389999866485596,17682
"CYTH","Cyclo Therapeutics, Inc. - Common Stock","2021-12-10 15:30:00-05:00",4.385600090026856,4.420000076293945,4.329999923706055,4.329999923706055,4.329999923706055,9460
"CYTH","Cyclo Therapeutics, Inc. - Common Stock","2021-12-10 16:00:00-05:00",4.36,4.62,4.36,4.62,4.62,0
"CYTH","Cyclo Therapeutics, Inc. - Common Stock","2021-12-10 17:00:00-05:00",4.56,4.56,4.56,4.56,4.56,0
"CYTH","Cyclo Therapeutics, Inc. - Common Stock","2021-12-10 18:00:00-05:00",4.32,4.32,4.25,4.25,4.25,0
"CYTH","Cyclo Therapeutics, Inc. - Common Stock","2021-12-13 08:00:00-05:00",4.36,4.36,4.36,4.36,4.36,0
"CYTH","Cyclo Therapeutics, Inc. - Common Stock","2021-12-13 09:30:00-05:00",4.460000038146973,4.46999979019165,4.349999904632568,4.440000057220459,4.440000057220459,40457
"CYTH","Cyclo Therapeutics, Inc. - Common Stock","2021-12-13 10:30:00-05:00",4.360000133514404,4.440000057220459,4.3302001953125,4.440000057220459,4.440000057220459,6016
"CYTH","Cyclo Therapeutics, Inc. - Common Stock","2021-12-13 11:30:00-05:00",4.383600234985352,4.400000095367432,4.309999942779541,4.384799957275391,4.384799957275391,3324
"CYTH","Cyclo Therapeutics, Inc. - Common Stock","2021-12-13 12:30:00-05:00",4.355000019073486,4.368599891662598,4.324900150299072,4.355000019073486,4.355000019073486,4457
"CYTH","Cyclo Therapeutics, Inc. - Common Stock","2021-12-13 13:30:00-05:00",4.375999927520752,4.388999938964844,4.320000171661377,4.349999904632568,4.349999904632568,4702
"CYTH","Cyclo Therapeutics, Inc. - Common Stock","2021-12-13 14:30:00-05:00",4.349999904632568,4.445000171661377,4.25,4.289599895477295,4.289599895477295,29376
"CYTH","Cyclo Therapeutics, Inc. - Common Stock","2021-12-13 15:30:00-05:00",4.324999809265137,4.324999809265137,4.210000038146973,4.28000020980835,4.28000020980835,24998
"CYTH","Cyclo Therapeutics, Inc. - Common Stock","2021-12-13 16:00:00-05:00",4.255,4.255,4.255,4.255,4.255,0
"CYTH","Cyclo Therapeutics, Inc. - Common Stock","2021-12-13 17:00:00-05:00",4.28,4.28,4.28,4.28,4.28,0
"CYTH","Cyclo Therapeutics, Inc. - Common Stock","2021-12-13 18:00:00-05:00",4.28,4.28,4.28,4.28,4.28,0
"CYTH","Cyclo Therapeutics, Inc. - Common Stock","2021-12-14 07:00:00-05:00",4.25,4.25,4.17,4.17,4.17,0
"CYTH","Cyclo Therapeutics, Inc. - Common Stock","2021-12-14 08:00:00-05:00",4.17,4.17,4.16,4.17,4.17,0
"CYTH","Cyclo Therapeutics, Inc. - Common Stock","2021-12-14 09:30:00-05:00",4.210000038146973,4.255000114440918,4.114999771118164,4.21999979019165,4.21999979019165,11274
"CYTH","Cyclo Therapeutics, Inc. - Common Stock","2021-12-14 10:30:00-05:00",4.225800037384033,4.225800037384033,4.184999942779541,4.190000057220459,4.190000057220459,2311
"CYTH","Cyclo Therapeutics, Inc. - Common Stock","2021-12-14 11:30:00-05:00",4.210000038146973,4.210000038146973,4.050000190734863,4.050000190734863,4.050000190734863,12757
"CYTH","Cyclo Therapeutics, Inc. - Common Stock","2021-12-14 12:30:00-05:00",4.119999885559082,4.132800102233887,4.019999980926514,4.039999961853027,4.039999961853027,15858
"CYTH","Cyclo Therapeutics, Inc. - Common Stock","2021-12-14 13:30:00-05:00",4.059999942779541,4.090000152587891,4.019999980926514,4.051000118255615,4.051000118255615,8901
"CYTH","Cyclo Therapeutics, Inc. - Common Stock","2021-12-14 14:30:00-05:00",4.039999961853027,4.155399799346924,4.039999961853027,4.099999904632568,4.099999904632568,7835
"CYTH","Cyclo Therapeutics, Inc. - Common Stock","2021-12-14 15:30:00-05:00",4.068600177764893,4.099999904632568,4.050000190734863,4.070000171661377,4.070000171661377,56698
"CYTH","Cyclo Therapeutics, Inc. - Common Stock","2021-12-14 16:00:00-05:00",4.09,4.35,4.0,4.35,4.35,0
"CYTH","Cyclo Therapeutics, Inc. - Common Stock","2021-12-15 08:00:00-05:00",4.09,4.1,4.09,4.1,4.1,0
"CYTH","Cyclo Therapeutics, Inc. - Common Stock","2021-12-15 09:30:00-05:00",4.170000076293945,4.2804999351501465,3.7799999713897705,3.8239998817443848,3.8239998817443848,57157
"CYTH","Cyclo Therapeutics, Inc. - Common Stock","2021-12-15 10:30:00-05:00",3.819999933242798,3.900000095367432,3.609999895095825,3.8450000286102295,3.8450000286102295,73442
"CYTH","Cyclo Therapeutics, Inc. - Common Stock","2021-12-15 11:30:00-05:00",3.851599931716919,3.851599931716919,3.6631999015808105,3.6631999015808105,3.6631999015808105,23001
"CYTH","Cyclo Therapeutics, Inc. - Common Stock","2021-12-15 12:30:00-05:00",3.7300000190734863,3.859999895095825,3.7200000286102295,3.799999952316284,3.799999952316284,7431
"CYTH","Cyclo Therapeutics, Inc. - Common Stock","2021-12-15 13:30:00-05:00",3.774800062179565,3.954999923706055,3.774800062179565,3.890000104904175,3.890000104904175,15955
"CYTH","Cyclo Therapeutics, Inc. - Common Stock","2021-12-15 14:30:00-05:00",3.890000104904175,4.151199817657471,3.890000104904175,4.151199817657471,4.151199817657471,15629
"CYTH","Cyclo Therapeutics, Inc. - Common Stock","2021-12-15 15:30:00-05:00",4.119999885559082,4.150000095367432,4.010000228881836,4.039999961853027,4.039999961853027,13917
"CYTH","Cyclo Therapeutics, Inc. - Common Stock","2021-12-15 16:00:00-05:00",4.03,4.03,4.03,4.03,4.03,0
"CYTH","Cyclo Therapeutics, Inc. - Common Stock","2021-12-15 17:00:00-05:00",4.06,4.06,4.03,4.03,4.03,0
"CYTH","Cyclo Therapeutics, Inc. - Common Stock","2021-12-15 18:00:00-05:00",4.03,4.03,4.03,4.03,4.03,0
"CYTH","Cyclo Therapeutics, Inc. - Common Stock","2021-12-16 07:00:00-05:00",4.03,4.03,4.03,4.03,4.03,0
"CYTH","Cyclo Therapeutics, Inc. - Common Stock","2021-12-16 09:00:00-05:00",4.03,4.03,4.03,4.03,4.03,0
"CYTH","Cyclo Therapeutics, Inc. - Common Stock","2021-12-16 09:30:00-05:00",4.010000228881836,4.150000095367432,3.940000057220459,4.0,4.0,27277
"CYTH","Cyclo Therapeutics, Inc. - Common Stock","2021-12-16 10:30:00-05:00",3.959399938583374,4.047999858856201,3.950000047683716,4.0,4.0,30749
"CYTH","Cyclo Therapeutics, Inc. - Common Stock","2021-12-16 11:30:00-05:00",4.005000114440918,4.005000114440918,3.920000076293945,3.9540998935699454,3.9540998935699454,9689
"CYTH","Cyclo Therapeutics, Inc. - Common Stock","2021-12-16 12:30:00-05:00",3.940000057220459,3.990000009536743,3.859999895095825,3.9600000381469727,3.9600000381469727,18260
"CYTH","Cyclo Therapeutics, Inc. - Common Stock","2021-12-16 13:30:00-05:00",3.965800046920776,3.9700000286102295,3.890000104904175,3.890000104904175,3.890000104904175,4029
"CYTH","Cyclo Therapeutics, Inc. - Common Stock","2021-12-16 14:30:00-05:00",3.924999952316284,3.9514000415802,3.900000095367432,3.920000076293945,3.920000076293945,10012
"CYTH","Cyclo Therapeutics, Inc. - Common Stock","2021-12-16 15:30:00-05:00",3.920000076293945,3.940000057220459,3.890000104904175,3.934999942779541,3.934999942779541,14648
"CYTH","Cyclo Therapeutics, Inc. - Common Stock","2021-12-16 16:00:00-05:00",3.935,4.28,3.935,4.28,4.28,0
"CYTH","Cyclo Therapeutics, Inc. - Common Stock","2021-12-16 17:00:00-05:00",3.93,3.97,3.93,3.94,3.94,0
"CYTH","Cyclo Therapeutics, Inc. - Common Stock","2021-12-16 18:00:00-05:00",3.95,3.95,3.94,3.94,3.94,0
"CYTH","Cyclo Therapeutics, Inc. - Common Stock","2021-12-17 07:00:00-05:00",3.94,3.94,3.81,3.81,3.81,0
"CYTH","Cyclo Therapeutics, Inc. - Common Stock","2021-12-17 08:00:00-05:00",3.93,3.93,3.93,3.93,3.93,0
"CYTH","Cyclo Therapeutics, Inc. - Common Stock","2021-12-17 09:30:00-05:00",3.839999914169312,4.050000190734863,3.839999914169312,3.9700000286102295,3.9700000286102295,16048
"CYTH","Cyclo Therapeutics, Inc. - Common Stock","2021-12-17 10:30:00-05:00",3.992500066757202,4.238999843597412,3.992500066757202,4.150000095367432,4.150000095367432,8567
"CYTH","Cyclo Therapeutics, Inc. - Common Stock","2021-12-17 11:30:00-05:00",4.090000152587891,4.190000057220459,4.030099868774414,4.166999816894531,4.166999816894531,5289
"CYTH","Cyclo Therapeutics, Inc. - Common Stock","2021-12-17 12:30:00-05:00",4.102700233459473,4.28000020980835,4.099999904632568,4.279900074005127,4.279900074005127,12712
"CYTH","Cyclo Therapeutics, Inc. - Common Stock","2021-12-17 13:30:00-05:00",4.274899959564209,4.274899959564209,4.170000076293945,4.230000019073486,4.230000019073486,7935
"CYTH","Cyclo Therapeutics, Inc. - Common Stock","2021-12-17 14:30:00-05:00",4.215000152587891,4.429999828338623,4.215000152587891,4.333199977874756,4.333199977874756,13879
"CYTH","Cyclo Therapeutics, Inc. - Common Stock","2021-12-17 15:30:00-05:00",4.324999809265137,4.340000152587891,4.150000095367432,4.150000095367432,4.150000095367432,17555
"CYTH","Cyclo Therapeutics, Inc. - Common Stock","2021-12-17 16:00:00-05:00",4.04,4.17,4.04,4.06,4.06,0
"CYTH","Cyclo Therapeutics, Inc. - Common Stock","2021-12-20 08:00:00-05:00",4.23,4.23,4.23,4.23,4.23,0
"CYTH","Cyclo Therapeutics, Inc. - Common Stock","2021-12-20 09:00:00-05:00",4.07,4.17,4.06,4.06,4.06,0
"CYTH","Cyclo Therapeutics, Inc. - Common Stock","2021-12-20 09:30:00-05:00",4.039999961853027,4.199999809265137,4.039999961853027,4.110000133514404,4.110000133514404,16769
"CYTH","Cyclo Therapeutics, Inc. - Common Stock","2021-12-20 10:30:00-05:00",4.139699935913086,4.139699935913086,4.110000133514404,4.110000133514404,4.110000133514404,4856
"CYTH","Cyclo Therapeutics, Inc. - Common Stock","2021-12-20 11:30:00-05:00",4.110000133514404,4.199999809265137,4.110000133514404,4.135600090026856,4.135600090026856,824
"CYTH","Cyclo Therapeutics, Inc. - Common Stock","2021-12-20 12:30:00-05:00",4.164999961853027,4.1869001388549805,4.071000099182129,4.080100059509277,4.080100059509277,15621
"CYTH","Cyclo Therapeutics, Inc. - Common Stock","2021-12-20 13:30:00-05:00",4.081699848175049,4.130000114440918,4.081699848175049,4.130000114440918,4.130000114440918,2220
"CYTH","Cyclo Therapeutics, Inc. - Common Stock","2021-12-20 14:30:00-05:00",4.090000152587891,4.150000095367432,4.079999923706055,4.110000133514404,4.110000133514404,7360
"CYTH","Cyclo Therapeutics, Inc. - Common Stock","2021-12-20 15:30:00-05:00",4.119999885559082,4.144999980926514,4.110000133514404,4.119999885559082,4.119999885559082,1352
"CYTH","Cyclo Therapeutics, Inc. - Common Stock","2021-12-20 16:00:00-05:00",4.15,4.15,4.15,4.15,4.15,0
"CYTH","Cyclo Therapeutics, Inc. - Common Stock","2021-12-21 08:00:00-05:00",4.36,4.36,4.36,4.36,4.36,0
"CYTH","Cyclo Therapeutics, Inc. - Common Stock","2021-12-21 09:00:00-05:00",4.36,4.36,4.25,4.35,4.35,0
"CYTH","Cyclo Therapeutics, Inc. - Common Stock","2021-12-21 09:30:00-05:00",4.150000095367432,4.199999809265137,4.058700084686279,4.183499813079834,4.183499813079834,14530
"CYTH","Cyclo Therapeutics, Inc. - Common Stock","2021-12-21 10:30:00-05:00",4.060400009155273,4.081999778747559,4.010000228881836,4.03000020980835,4.03000020980835,12136
"CYTH","Cyclo Therapeutics, Inc. - Common Stock","2021-12-21 11:30:00-05:00",4.050000190734863,4.179999828338623,4.050000190734863,4.150000095367432,4.150000095367432,9161
"CYTH","Cyclo Therapeutics, Inc. - Common Stock","2021-12-21 12:30:00-05:00",4.150000095367432,4.150000095367432,4.135000228881836,4.135000228881836,4.135000228881836,819
"CYTH","Cyclo Therapeutics, Inc. - Common Stock","2021-12-21 13:30:00-05:00",4.139999866485596,4.159999847412109,4.139999866485596,4.149799823760986,4.149799823760986,4060
"CYTH","Cyclo Therapeutics, Inc. - Common Stock","2021-12-21 14:30:00-05:00",4.110000133514404,4.125,4.0,4.014999866485596,4.014999866485596,9240
"CYTH","Cyclo Therapeutics, Inc. - Common Stock","2021-12-21 15:30:00-05:00",4.03000020980835,4.090000152587891,4.03000020980835,4.090000152587891,4.090000152587891,2607
"CYTH","Cyclo Therapeutics, Inc. - Common Stock","2021-12-21 16:00:00-05:00",4.09,4.09,4.09,4.09,4.09,0
"CYTH","Cyclo Therapeutics, Inc. - Common Stock","2021-12-22 08:00:00-05:00",4.09,4.09,4.09,4.09,4.09,0
"CYTH","Cyclo Therapeutics, Inc. - Common Stock","2021-12-22 09:00:00-05:00",4.08,4.08,4.08,4.08,4.08,0
"CYTH","Cyclo Therapeutics, Inc. - Common Stock","2021-12-22 09:30:00-05:00",4.043000221252441,4.085000038146973,3.984999895095825,4.03000020980835,4.03000020980835,8395
"CYTH","Cyclo Therapeutics, Inc. - Common Stock","2021-12-22 10:30:00-05:00",4.03000020980835,4.110000133514404,4.014999866485596,4.110000133514404,4.110000133514404,5688
"CYTH","Cyclo Therapeutics, Inc. - Common Stock","2021-12-22 11:30:00-05:00",4.050000190734863,4.050000190734863,3.911799907684326,3.950000047683716,3.950000047683716,5441
"CYTH","Cyclo Therapeutics, Inc. - Common Stock","2021-12-22 12:30:00-05:00",3.990000009536743,4.099999904632568,3.990000009536743,4.090000152587891,4.090000152587891,3324
"CYTH","Cyclo Therapeutics, Inc. - Common Stock","2021-12-22 13:30:00-05:00",4.099899768829346,4.099899768829346,4.010000228881836,4.010000228881836,4.010000228881836,2928
"CYTH","Cyclo Therapeutics, Inc. - Common Stock","2021-12-22 14:30:00-05:00",4.039999961853027,4.039999961853027,4.000100135803223,4.014999866485596,4.014999866485596,3089
"CYTH","Cyclo Therapeutics, Inc. - Common Stock","2021-12-22 15:30:00-05:00",4.03000020980835,4.039999961853027,4.010000228881836,4.010000228881836,4.010000228881836,1934
"CYTH","Cyclo Therapeutics, Inc. - Common Stock","2021-12-22 16:00:00-05:00",4.0,4.04,4.0,4.04,4.04,0
"CYTH","Cyclo Therapeutics, Inc. - Common Stock","2021-12-22 17:00:00-05:00",4.04,4.04,4.04,4.04,4.04,0
"CYTH","Cyclo Therapeutics, Inc. - Common Stock","2021-12-23 06:00:00-05:00",4.0,4.0,4.0,4.0,4.0,0
"CYTH","Cyclo Therapeutics, Inc. - Common Stock","2021-12-23 08:00:00-05:00",4.0,4.1,4.0,4.1,4.1,0
"CYTH","Cyclo Therapeutics, Inc. - Common Stock","2021-12-23 09:30:00-05:00",4.0,4.0,3.9800000190734863,3.9800000190734863,3.9800000190734863,3782
"CYTH","Cyclo Therapeutics, Inc. - Common Stock","2021-12-23 10:30:00-05:00",3.952500104904175,3.9800000190734863,3.952500104904175,3.9600000381469727,3.9600000381469727,4025
"CYTH","Cyclo Therapeutics, Inc. - Common Stock","2021-12-23 11:30:00-05:00",3.98009991645813,4.00570011138916,3.9800000190734863,4.00570011138916,4.00570011138916,3594
"CYTH","Cyclo Therapeutics, Inc. - Common Stock","2021-12-23 12:30:00-05:00",4.0,4.059999942779541,4.0,4.059999942779541,4.059999942779541,2202
"CYTH","Cyclo Therapeutics, Inc. - Common Stock","2021-12-23 13:30:00-05:00",4.085000038146973,4.091000080108643,4.002900123596191,4.010200023651123,4.010200023651123,6737
"CYTH","Cyclo Therapeutics, Inc. - Common Stock","2021-12-23 14:30:00-05:00",4.031099796295166,4.070000171661377,3.920000076293945,3.920399904251098,3.920399904251098,13700
"CYTH","Cyclo Therapeutics, Inc. - Common Stock","2021-12-23 15:30:00-05:00",3.955699920654297,3.9600000381469727,3.930000066757202,3.930000066757202,3.930000066757202,2292
"CYTH","Cyclo Therapeutics, Inc. - Common Stock","2021-12-23 17:00:00-05:00",4.1,4.1,4.1,4.1,4.1,0
"CYTH","Cyclo Therapeutics, Inc. - Common Stock","2021-12-27 07:00:00-05:00",3.93,4.1,3.93,3.93,3.93,0
"CYTH","Cyclo Therapeutics, Inc. - Common Stock","2021-12-27 09:30:00-05:00",3.900000095367432,3.973000049591065,3.809999942779541,3.809999942779541,3.809999942779541,11705
"CYTH","Cyclo Therapeutics, Inc. - Common Stock","2021-12-27 10:30:00-05:00",3.869999885559082,3.869999885559082,3.740000009536743,3.7799999713897705,3.7799999713897705,19334
"CYTH","Cyclo Therapeutics, Inc. - Common Stock","2021-12-27 11:30:00-05:00",3.7899999618530273,3.839999914169312,3.700000047683716,3.7799999713897705,3.7799999713897705,23301
"CYTH","Cyclo Therapeutics, Inc. - Common Stock","2021-12-27 12:30:00-05:00",3.7799999713897705,3.7799999713897705,3.7100000381469727,3.745199918746948,3.745199918746948,2705
"CYTH","Cyclo Therapeutics, Inc. - Common Stock","2021-12-27 13:30:00-05:00",3.713500022888184,3.7300000190734863,3.630000114440918,3.6714000701904297,3.6714000701904297,11531
"CYTH","Cyclo Therapeutics, Inc. - Common Stock","2021-12-27 14:30:00-05:00",3.670000076293945,3.699399948120117,3.640000104904175,3.674999952316284,3.674999952316284,9030
"CYTH","Cyclo Therapeutics, Inc. - Common Stock","2021-12-27 15:30:00-05:00",3.680000066757202,3.700000047683716,3.650000095367432,3.684999942779541,3.684999942779541,11423
"CYTH","Cyclo Therapeutics, Inc. - Common Stock","2021-12-27 16:00:00-05:00",3.67,3.67,3.67,3.67,3.67,0
"CYTH","Cyclo Therapeutics, Inc. - Common Stock","2021-12-28 09:30:00-05:00",3.670000076293945,3.809999942779541,3.6410999298095694,3.7100000381469727,3.7100000381469727,32397
"CYTH","Cyclo Therapeutics, Inc. - Common Stock","2021-12-28 10:30:00-05:00",3.759999990463257,3.759999990463257,3.6542000770568848,3.690000057220459,3.690000057220459,5423
"CYTH","Cyclo Therapeutics, Inc. - Common Stock","2021-12-28 11:30:00-05:00",3.690000057220459,3.690000057220459,3.5999999046325684,3.5999999046325684,3.5999999046325684,7543
"CYTH","Cyclo Therapeutics, Inc. - Common Stock","2021-12-28 12:30:00-05:00",3.571000099182129,3.650000095367432,3.5199999809265137,3.549999952316284,3.549999952316284,25321
"CYTH","Cyclo Therapeutics, Inc. - Common Stock","2021-12-28 13:30:00-05:00",3.559999942779541,3.559999942779541,3.5199999809265137,3.5467000007629395,3.5467000007629395,11017
"CYTH","Cyclo Therapeutics, Inc. - Common Stock","2021-12-28 14:30:00-05:00",3.559999942779541,3.5899999141693115,3.5,3.509999990463257,3.509999990463257,25128
"CYTH","Cyclo Therapeutics, Inc. - Common Stock","2021-12-28 15:30:00-05:00",3.5,3.5299999713897705,3.4600000381469727,3.4600000381469727,3.4600000381469727,8514
"CYTH","Cyclo Therapeutics, Inc. - Common Stock","2021-12-28 16:00:00-05:00",3.47,3.47,3.47,3.47,3.47,0
"CYTH","Cyclo Therapeutics, Inc. - Common Stock","2021-12-28 17:00:00-05:00",3.48,3.48,3.48,3.48,3.48,0
"CYTH","Cyclo Therapeutics, Inc. - Common Stock","2021-12-29 07:00:00-05:00",3.5,3.5,3.5,3.5,3.5,0
"CYTH","Cyclo Therapeutics, Inc. - Common Stock","2021-12-29 08:00:00-05:00",3.45,3.45,3.45,3.45,3.45,0
"CYTH","Cyclo Therapeutics, Inc. - Common Stock","2021-12-29 09:30:00-05:00",3.670000076293945,3.670000076293945,3.430000066757202,3.539999961853028,3.539999961853028,17000
"CYTH","Cyclo Therapeutics, Inc. - Common Stock","2021-12-29 10:30:00-05:00",3.539999961853028,3.549999952316284,3.440000057220459,3.490000009536743,3.490000009536743,8299
"CYTH","Cyclo Therapeutics, Inc. - Common Stock","2021-12-29 11:30:00-05:00",3.5299999713897705,3.699399948120117,3.520699977874756,3.6939001083374015,3.6939001083374015,25648
"CYTH","Cyclo Therapeutics, Inc. - Common Stock","2021-12-29 12:30:00-05:00",3.690000057220459,3.890000104904175,3.670000076293945,3.819999933242798,3.819999933242798,33411
"CYTH","Cyclo Therapeutics, Inc. - Common Stock","2021-12-29 13:30:00-05:00",3.819999933242798,3.890000104904175,3.750400066375733,3.859999895095825,3.859999895095825,22374
"CYTH","Cyclo Therapeutics, Inc. - Common Stock","2021-12-29 14:30:00-05:00",3.859999895095825,3.910000085830689,3.839999914169312,3.900000095367432,3.900000095367432,17397
"CYTH","Cyclo Therapeutics, Inc. - Common Stock","2021-12-29 15:30:00-05:00",3.880000114440918,4.199999809265137,3.880000114440918,4.099999904632568,4.099999904632568,35524
"CYTH","Cyclo Therapeutics, Inc. - Common Stock","2021-12-29 16:00:00-05:00",4.09,4.37,4.09,4.15,4.15,0
"CYTH","Cyclo Therapeutics, Inc. - Common Stock","2021-12-29 17:00:00-05:00",4.15,4.26,4.15,4.15,4.15,0
"CYTH","Cyclo Therapeutics, Inc. - Common Stock","2021-12-29 18:00:00-05:00",4.15,4.17,4.15,4.15,4.15,0
"CYTH","Cyclo Therapeutics, Inc. - Common Stock","2021-12-30 07:00:00-05:00",4.18,4.18,4.18,4.18,4.18,0
"CYTH","Cyclo Therapeutics, Inc. - Common Stock","2021-12-30 08:00:00-05:00",4.23,4.29,4.15,4.24,4.24,0
"CYTH","Cyclo Therapeutics, Inc. - Common Stock","2021-12-30 09:30:00-05:00",4.199999809265137,4.429800033569336,4.150000095367432,4.159999847412109,4.159999847412109,58145
"CYTH","Cyclo Therapeutics, Inc. - Common Stock","2021-12-30 10:30:00-05:00",4.199999809265137,4.260000228881836,4.070000171661377,4.110000133514404,4.110000133514404,30843
"CYTH","Cyclo Therapeutics, Inc. - Common Stock","2021-12-30 11:30:00-05:00",4.099999904632568,4.230000019073486,4.019999980926514,4.019999980926514,4.019999980926514,19679
"CYTH","Cyclo Therapeutics, Inc. - Common Stock","2021-12-30 12:30:00-05:00",4.039999961853027,4.068999767303467,3.9600000381469727,3.979899883270264,3.979899883270264,24772
"CYTH","Cyclo Therapeutics, Inc. - Common Stock","2021-12-30 13:30:00-05:00",3.996999979019165,3.996999979019165,3.829999923706055,3.880000114440918,3.880000114440918,31244
"CYTH","Cyclo Therapeutics, Inc. - Common Stock","2021-12-30 14:30:00-05:00",3.900000095367432,4.03000020980835,3.849999904632568,3.9700000286102295,3.9700000286102295,48492
"CYTH","Cyclo Therapeutics, Inc. - Common Stock","2021-12-30 15:30:00-05:00",3.930000066757202,4.010000228881836,3.869999885559082,4.0,4.0,22861
"CYTH","Cyclo Therapeutics, Inc. - Common Stock","2021-12-30 16:00:00-05:00",4.0,4.03,4.0,4.03,4.03,0
