"ticker","name","date","open","high","low","close","adjusted close","volume"
"GGPI","Gores Guggenheim, Inc. Unit - Class A common stock","2021-05-18 14:30:00-04:00",10.0,10.0,10.0,10.0,10.0,500
"GGPI","Gores Guggenheim, Inc. Unit - Class A common stock","2021-05-19 14:30:00-04:00",9.779999732971191,9.779999732971191,9.779999732971191,9.779999732971191,9.779999732971191,509
"GGPI","Gores Guggenheim, Inc. Unit - Class A common stock","2021-05-20 10:30:00-04:00",9.899999618530272,9.899999618530272,9.899999618530272,9.899999618530272,9.899999618530272,300
"GGPI","Gores Guggenheim, Inc. Unit - Class A common stock","2021-05-20 11:30:00-04:00",9.770000457763672,9.770000457763672,9.720000267028809,9.720000267028809,9.720000267028809,1398
"GGPI","Gores Guggenheim, Inc. Unit - Class A common stock","2021-05-20 15:30:00-04:00",9.760000228881836,9.760000228881836,9.760000228881836,9.760000228881836,9.760000228881836,100
"GGPI","Gores Guggenheim, Inc. Unit - Class A common stock","2021-05-21 10:30:00-04:00",9.800000190734863,9.800000190734863,9.760000228881836,9.760000228881836,9.760000228881836,600
"GGPI","Gores Guggenheim, Inc. Unit - Class A common stock","2021-05-21 11:30:00-04:00",9.760000228881836,9.760000228881836,9.760000228881836,9.760000228881836,9.760000228881836,2500
"GGPI","Gores Guggenheim, Inc. Unit - Class A common stock","2021-05-25 09:30:00-04:00",9.739999771118164,9.739999771118164,9.720100402832031,9.729999542236328,9.729999542236328,0
"GGPI","Gores Guggenheim, Inc. Unit - Class A common stock","2021-05-27 13:30:00-04:00",9.739999771118164,9.739999771118164,9.729999542236328,9.729999542236328,9.729999542236328,2197
"GGPI","Gores Guggenheim, Inc. Unit - Class A common stock","2021-05-27 14:30:00-04:00",9.770000457763672,9.770000457763672,9.770000457763672,9.770000457763672,9.770000457763672,138
"GGPI","Gores Guggenheim, Inc. Unit - Class A common stock","2021-05-27 15:30:00-04:00",9.770000457763672,9.777000427246094,9.750300407409668,9.750300407409668,9.750300407409668,700
"GGPI","Gores Guggenheim, Inc. Unit - Class A common stock","2021-05-28 09:30:00-04:00",9.770000457763672,9.779999732971191,9.770000457763672,9.779999732971191,9.779999732971191,0
"GGPI","Gores Guggenheim, Inc. Unit - Class A common stock","2021-05-28 10:30:00-04:00",9.720000267028809,9.720000267028809,9.720000267028809,9.720000267028809,9.720000267028809,7836
"GGPI","Gores Guggenheim, Inc. Unit - Class A common stock","2021-05-28 11:30:00-04:00",9.720000267028809,9.729999542236328,9.720000267028809,9.720000267028809,9.720000267028809,5414
"GGPI","Gores Guggenheim, Inc. Unit - Class A common stock","2021-05-28 12:30:00-04:00",9.720000267028809,9.739999771118164,9.720000267028809,9.720000267028809,9.720000267028809,3976
"GGPI","Gores Guggenheim, Inc. Unit - Class A common stock","2021-05-28 13:30:00-04:00",9.720000267028809,9.720000267028809,9.699999809265137,9.720000267028809,9.720000267028809,5000
"GGPI","Gores Guggenheim, Inc. Unit - Class A common stock","2021-05-28 14:30:00-04:00",9.720000267028809,9.720000267028809,9.699999809265137,9.710000038146973,9.710000038146973,7200
"GGPI","Gores Guggenheim, Inc. Unit - Class A common stock","2021-05-28 15:30:00-04:00",9.710000038146973,9.710000038146973,9.699999809265137,9.699999809265137,9.699999809265137,12500
"GGPI","Gores Guggenheim, Inc. Unit - Class A common stock","2021-06-01 10:30:00-04:00",9.75,9.75,9.710000038146973,9.75,9.75,0
"GGPI","Gores Guggenheim, Inc. Unit - Class A common stock","2021-06-01 11:30:00-04:00",9.760000228881836,9.760000228881836,9.760000228881836,9.760000228881836,9.760000228881836,150
"GGPI","Gores Guggenheim, Inc. Unit - Class A common stock","2021-06-01 12:30:00-04:00",9.760000228881836,9.779999732971191,9.75,9.760000228881836,9.760000228881836,7350
"GGPI","Gores Guggenheim, Inc. Unit - Class A common stock","2021-06-02 15:30:00-04:00",9.779999732971191,9.779999732971191,9.779999732971191,9.779999732971191,9.779999732971191,49967
"GGPI","Gores Guggenheim, Inc. Unit - Class A common stock","2021-06-03 14:30:00-04:00",9.800000190734863,9.800000190734863,9.800000190734863,9.800000190734863,9.800000190734863,250033
"GGPI","Gores Guggenheim, Inc. Unit - Class A common stock","2021-06-03 15:30:00-04:00",9.829999923706056,9.84000015258789,9.800000190734863,9.800000190734863,9.800000190734863,20000
"GGPI","Gores Guggenheim, Inc. Unit - Class A common stock","2021-06-04 10:30:00-04:00",9.999899864196776,9.999899864196776,9.999899864196776,9.999899864196776,9.999899864196776,0
"GGPI","Gores Guggenheim, Inc. Unit - Class A common stock","2021-06-04 11:30:00-04:00",9.850000381469728,9.850000381469728,9.850000381469728,9.850000381469728,9.850000381469728,250000
"GGPI","Gores Guggenheim, Inc. Unit - Class A common stock","2021-06-04 13:30:00-04:00",9.850000381469728,9.850000381469728,9.770000457763672,9.770000457763672,9.770000457763672,13853
"GGPI","Gores Guggenheim, Inc. Unit - Class A common stock","2021-06-04 14:30:00-04:00",9.760000228881836,9.760000228881836,9.760000228881836,9.760000228881836,9.760000228881836,202
"GGPI","Gores Guggenheim, Inc. Unit - Class A common stock","2021-06-04 15:30:00-04:00",9.760000228881836,9.760000228881836,9.760000228881836,9.760000228881836,9.760000228881836,300
"GGPI","Gores Guggenheim, Inc. Unit - Class A common stock","2021-06-07 09:30:00-04:00",9.81999969482422,9.81999969482422,9.800000190734863,9.800000190734863,9.800000190734863,0
"GGPI","Gores Guggenheim, Inc. Unit - Class A common stock","2021-06-07 12:30:00-04:00",9.8100004196167,9.8100004196167,9.800000190734863,9.800000190734863,9.800000190734863,39108
"GGPI","Gores Guggenheim, Inc. Unit - Class A common stock","2021-06-07 13:30:00-04:00",9.800000190734863,9.800000190734863,9.800000190734863,9.800000190734863,9.800000190734863,10003
"GGPI","Gores Guggenheim, Inc. Unit - Class A common stock","2021-06-07 15:30:00-04:00",9.789999961853027,9.789999961853027,9.760000228881836,9.760000228881836,9.760000228881836,700
"GGPI","Gores Guggenheim, Inc. Unit - Class A common stock","2021-06-08 09:30:00-04:00",9.76319980621338,9.76319980621338,9.76319980621338,9.76319980621338,9.76319980621338,0
"GGPI","Gores Guggenheim, Inc. Unit - Class A common stock","2021-06-08 12:30:00-04:00",9.800000190734863,9.800000190734863,9.800000190734863,9.800000190734863,9.800000190734863,14900
"GGPI","Gores Guggenheim, Inc. Unit - Class A common stock","2021-06-08 13:30:00-04:00",9.800000190734863,9.81999969482422,9.800000190734863,9.800000190734863,9.800000190734863,33900
"GGPI","Gores Guggenheim, Inc. Unit - Class A common stock","2021-06-08 14:30:00-04:00",9.800000190734863,9.800000190734863,9.800000190734863,9.800000190734863,9.800000190734863,250
"GGPI","Gores Guggenheim, Inc. Unit - Class A common stock","2021-06-09 09:30:00-04:00",9.800000190734863,9.869999885559082,9.800000190734863,9.850000381469728,9.850000381469728,0
"GGPI","Gores Guggenheim, Inc. Unit - Class A common stock","2021-06-09 10:30:00-04:00",9.81999969482422,9.81999969482422,9.770000457763672,9.770000457763672,9.770000457763672,7181
"GGPI","Gores Guggenheim, Inc. Unit - Class A common stock","2021-06-09 16:00:00-04:00",9.8,9.8,9.8,9.8,9.8,300
"GGPI","Gores Guggenheim, Inc. Unit - Class A common stock","2021-06-10 09:30:00-04:00",9.770000457763672,9.770000457763672,9.768799781799316,9.770000457763672,9.770000457763672,0
"GGPI","Gores Guggenheim, Inc. Unit - Class A common stock","2021-06-10 10:30:00-04:00",9.789999961853027,9.789999961853027,9.789999961853027,9.789999961853027,9.789999961853027,200
"GGPI","Gores Guggenheim, Inc. Unit - Class A common stock","2021-06-10 11:30:00-04:00",9.789999961853027,9.789999961853027,9.789999961853027,9.789999961853027,9.789999961853027,100
"GGPI","Gores Guggenheim, Inc. Unit - Class A common stock","2021-06-10 12:30:00-04:00",9.789999961853027,9.789999961853027,9.789999961853027,9.789999961853027,9.789999961853027,103
"GGPI","Gores Guggenheim, Inc. Unit - Class A common stock","2021-06-10 13:30:00-04:00",9.789999961853027,9.789999961853027,9.789999961853027,9.789999961853027,9.789999961853027,100
"GGPI","Gores Guggenheim, Inc. Unit - Class A common stock","2021-06-10 14:30:00-04:00",9.789999961853027,9.789999961853027,9.789999961853027,9.789999961853027,9.789999961853027,100
"GGPI","Gores Guggenheim, Inc. Unit - Class A common stock","2021-06-10 15:30:00-04:00",9.789999961853027,9.789999961853027,9.789999961853027,9.789999961853027,9.789999961853027,156
"GGPI","Gores Guggenheim, Inc. Unit - Class A common stock","2021-06-10 16:00:00-04:00",9.79,9.79,9.79,9.79,9.79,678
"GGPI","Gores Guggenheim, Inc. Unit - Class A common stock","2021-06-11 10:30:00-04:00",9.800000190734863,9.800000190734863,9.770000457763672,9.770000457763672,9.770000457763672,10013
"GGPI","Gores Guggenheim, Inc. Unit - Class A common stock","2021-06-11 13:30:00-04:00",9.770000457763672,9.779999732971191,9.770000457763672,9.779999732971191,9.779999732971191,21094
"GGPI","Gores Guggenheim, Inc. Unit - Class A common stock","2021-06-11 15:30:00-04:00",9.770000457763672,9.770000457763672,9.770000457763672,9.770000457763672,9.770000457763672,905
"GGPI","Gores Guggenheim, Inc. Unit - Class A common stock","2021-06-14 10:30:00-04:00",9.779999732971191,9.824000358581545,9.779999732971191,9.824000358581545,9.824000358581545,5207
"GGPI","Gores Guggenheim, Inc. Unit - Class A common stock","2021-06-14 11:30:00-04:00",9.80500030517578,9.80500030517578,9.80500030517578,9.80500030517578,9.80500030517578,589
"GGPI","Gores Guggenheim, Inc. Unit - Class A common stock","2021-06-14 14:30:00-04:00",9.789999961853027,9.789999961853027,9.779999732971191,9.788599967956545,9.788599967956545,8000
"GGPI","Gores Guggenheim, Inc. Unit - Class A common stock","2021-06-14 15:30:00-04:00",9.779999732971191,9.796799659729004,9.779999732971191,9.796799659729004,9.796799659729004,3500
"GGPI","Gores Guggenheim, Inc. Unit - Class A common stock","2021-06-15 10:30:00-04:00",9.800000190734863,9.800000190734863,9.789999961853027,9.789999961853027,9.789999961853027,935
"GGPI","Gores Guggenheim, Inc. Unit - Class A common stock","2021-06-15 12:30:00-04:00",9.779999732971191,9.779999732971191,9.779999732971191,9.779999732971191,9.779999732971191,5000
"GGPI","Gores Guggenheim, Inc. Unit - Class A common stock","2021-06-15 14:30:00-04:00",9.789999961853027,9.789999961853027,9.789999961853027,9.789999961853027,9.789999961853027,1000
"GGPI","Gores Guggenheim, Inc. Unit - Class A common stock","2021-06-15 16:00:00-04:00",9.8,9.8,9.8,9.8,9.8,357
"GGPI","Gores Guggenheim, Inc. Unit - Class A common stock","2021-06-16 13:30:00-04:00",9.800000190734863,9.800000190734863,9.800000190734863,9.800000190734863,9.800000190734863,20300
"GGPI","Gores Guggenheim, Inc. Unit - Class A common stock","2021-06-16 14:30:00-04:00",9.800000190734863,9.800000190734863,9.800000190734863,9.800000190734863,9.800000190734863,2600
"GGPI","Gores Guggenheim, Inc. Unit - Class A common stock","2021-06-16 16:00:00-04:00",9.8,9.8,9.8,9.8,9.8,749
"GGPI","Gores Guggenheim, Inc. Unit - Class A common stock","2021-06-17 14:30:00-04:00",9.789999961853027,9.789999961853027,9.789999961853027,9.789999961853027,9.789999961853027,0
"GGPI","Gores Guggenheim, Inc. Unit - Class A common stock","2021-06-17 15:30:00-04:00",9.789999961853027,9.81999969482422,9.789999961853027,9.800000190734863,9.800000190734863,2003
"GGPI","Gores Guggenheim, Inc. Unit - Class A common stock","2021-06-17 16:00:00-04:00",9.8,9.8,9.8,9.8,9.8,1200
"GGPI","Gores Guggenheim, Inc. Unit - Class A common stock","2021-06-18 09:30:00-04:00",9.760000228881836,9.800000190734863,9.760000228881836,9.800000190734863,9.800000190734863,6094
"GGPI","Gores Guggenheim, Inc. Unit - Class A common stock","2021-06-18 10:30:00-04:00",9.800000190734863,9.800000190734863,9.800000190734863,9.800000190734863,9.800000190734863,2300
"GGPI","Gores Guggenheim, Inc. Unit - Class A common stock","2021-06-18 11:30:00-04:00",9.800000190734863,9.800000190734863,9.800000190734863,9.800000190734863,9.800000190734863,2400
"GGPI","Gores Guggenheim, Inc. Unit - Class A common stock","2021-06-18 12:30:00-04:00",9.800000190734863,9.800000190734863,9.800000190734863,9.800000190734863,9.800000190734863,9000
"GGPI","Gores Guggenheim, Inc. Unit - Class A common stock","2021-06-18 13:30:00-04:00",9.800000190734863,9.800000190734863,9.800000190734863,9.800000190734863,9.800000190734863,41210
"GGPI","Gores Guggenheim, Inc. Unit - Class A common stock","2021-06-18 16:00:00-04:00",9.8,9.8,9.8,9.8,9.8,442
"GGPI","Gores Guggenheim, Inc. Unit - Class A common stock","2021-06-21 11:30:00-04:00",9.770000457763672,9.770000457763672,9.770000457763672,9.770000457763672,9.770000457763672,0
"GGPI","Gores Guggenheim, Inc. Unit - Class A common stock","2021-06-21 14:30:00-04:00",9.78689956665039,9.78689956665039,9.78689956665039,9.78689956665039,9.78689956665039,252
"GGPI","Gores Guggenheim, Inc. Unit - Class A common stock","2021-06-22 10:30:00-04:00",9.800000190734863,9.800000190734863,9.800000190734863,9.800000190734863,9.800000190734863,0
"GGPI","Gores Guggenheim, Inc. Unit - Class A common stock","2021-06-22 11:30:00-04:00",9.800000190734863,9.800000190734863,9.75,9.75,9.75,4006
"GGPI","Gores Guggenheim, Inc. Unit - Class A common stock","2021-06-22 12:30:00-04:00",9.76099967956543,9.770000457763672,9.760000228881836,9.770000457763672,9.770000457763672,1250
"GGPI","Gores Guggenheim, Inc. Unit - Class A common stock","2021-06-22 13:30:00-04:00",9.789999961853027,9.789999961853027,9.789999961853027,9.789999961853027,9.789999961853027,2015
"GGPI","Gores Guggenheim, Inc. Unit - Class A common stock","2021-06-22 14:30:00-04:00",9.789999961853027,9.800000190734863,9.789999961853027,9.800000190734863,9.800000190734863,1100
"GGPI","Gores Guggenheim, Inc. Unit - Class A common stock","2021-06-22 15:30:00-04:00",9.800000190734863,9.800000190734863,9.800000190734863,9.800000190734863,9.800000190734863,800
"GGPI","Gores Guggenheim, Inc. Unit - Class A common stock","2021-06-22 16:00:00-04:00",9.83,9.83,9.83,9.83,9.83,567
"GGPI","Gores Guggenheim, Inc. Unit - Class A common stock","2021-06-23 09:30:00-04:00",9.789999961853027,9.859999656677246,9.789999961853027,9.789999961853027,9.789999961853027,7422
"GGPI","Gores Guggenheim, Inc. Unit - Class A common stock","2021-06-23 10:30:00-04:00",9.829999923706056,9.829999923706056,9.829999923706056,9.829999923706056,9.829999923706056,600
"GGPI","Gores Guggenheim, Inc. Unit - Class A common stock","2021-06-23 11:30:00-04:00",9.829999923706056,9.829999923706056,9.829999923706056,9.829999923706056,9.829999923706056,600
"GGPI","Gores Guggenheim, Inc. Unit - Class A common stock","2021-06-23 12:30:00-04:00",9.815999984741213,9.829999923706056,9.815999984741213,9.824999809265137,9.824999809265137,600
"GGPI","Gores Guggenheim, Inc. Unit - Class A common stock","2021-06-23 13:30:00-04:00",9.789999961853027,9.789999961853027,9.789999961853027,9.789999961853027,9.789999961853027,200
"GGPI","Gores Guggenheim, Inc. Unit - Class A common stock","2021-06-23 14:30:00-04:00",9.800000190734863,9.800000190734863,9.770000457763672,9.800000190734863,9.800000190734863,2700
"GGPI","Gores Guggenheim, Inc. Unit - Class A common stock","2021-06-23 15:30:00-04:00",9.779999732971191,9.800000190734863,9.770000457763672,9.789999961853027,9.789999961853027,6149
"GGPI","Gores Guggenheim, Inc. Unit - Class A common stock","2021-06-23 16:00:00-04:00",9.79,9.79,9.79,9.79,9.79,528
"GGPI","Gores Guggenheim, Inc. Unit - Class A common stock","2021-06-24 10:30:00-04:00",9.760000228881836,9.760000228881836,9.760000228881836,9.760000228881836,9.760000228881836,6
"GGPI","Gores Guggenheim, Inc. Unit - Class A common stock","2021-06-24 14:30:00-04:00",9.779999732971191,9.779999732971191,9.779999732971191,9.779999732971191,9.779999732971191,385
"GGPI","Gores Guggenheim, Inc. Unit - Class A common stock","2021-06-25 14:30:00-04:00",9.789999961853027,9.789999961853027,9.789999961853027,9.789999961853027,9.789999961853027,0
"GGPI","Gores Guggenheim, Inc. Unit - Class A common stock","2021-06-25 15:30:00-04:00",9.789999961853027,9.789999961853027,9.760000228881836,9.789999961853027,9.789999961853027,2900
"GGPI","Gores Guggenheim, Inc. Unit - Class A common stock","2021-06-25 16:00:00-04:00",9.79,9.79,9.79,9.79,9.79,839
"GGPI","Gores Guggenheim, Inc. Unit - Class A common stock","2021-06-28 08:00:00-04:00",9.79,9.79,9.79,9.79,9.79,0
"GGPI","Gores Guggenheim, Inc. Unit - Class A common stock","2021-06-28 09:30:00-04:00",9.789999961853027,9.850000381469728,9.789999961853027,9.829999923706056,9.829999923706056,4529
"GGPI","Gores Guggenheim, Inc. Unit - Class A common stock","2021-06-28 10:30:00-04:00",9.800000190734863,9.81999969482422,9.75,9.789999961853027,9.789999961853027,35100
"GGPI","Gores Guggenheim, Inc. Unit - Class A common stock","2021-06-28 11:30:00-04:00",9.81999969482422,9.81999969482422,9.8100004196167,9.81999969482422,9.81999969482422,2700
"GGPI","Gores Guggenheim, Inc. Unit - Class A common stock","2021-06-28 12:30:00-04:00",9.81999969482422,9.81999969482422,9.789999961853027,9.789999961853027,9.789999961853027,35302
"GGPI","Gores Guggenheim, Inc. Unit - Class A common stock","2021-06-28 13:30:00-04:00",9.774999618530272,9.789999961853027,9.774999618530272,9.789999961853027,9.789999961853027,1300
"GGPI","Gores Guggenheim, Inc. Unit - Class A common stock","2021-06-28 14:30:00-04:00",9.774999618530272,9.782500267028809,9.774999618530272,9.782500267028809,9.782500267028809,800
"GGPI","Gores Guggenheim, Inc. Unit - Class A common stock","2021-06-28 15:30:00-04:00",9.760000228881836,9.789999961853027,9.739999771118164,9.739999771118164,9.739999771118164,72062
"GGPI","Gores Guggenheim, Inc. Unit - Class A common stock","2021-06-28 16:00:00-04:00",9.79,9.79,9.79,9.79,9.79,750
"GGPI","Gores Guggenheim, Inc. Unit - Class A common stock","2021-06-29 10:30:00-04:00",9.779999732971191,9.779999732971191,9.77970027923584,9.77970027923584,9.77970027923584,0
"GGPI","Gores Guggenheim, Inc. Unit - Class A common stock","2021-06-29 14:30:00-04:00",9.765000343322754,9.765000343322754,9.75,9.75,9.75,2100
"GGPI","Gores Guggenheim, Inc. Unit - Class A common stock","2021-06-29 16:00:00-04:00",9.76,9.76,9.76,9.76,9.76,500
"GGPI","Gores Guggenheim, Inc. Unit - Class A common stock","2021-07-01 08:00:00-04:00",9.77,9.77,9.77,9.77,9.77,0
"GGPI","Gores Guggenheim, Inc. Unit - Class A common stock","2021-07-01 09:00:00-04:00",9.77,9.77,9.77,9.77,9.77,0
"GGPI","Gores Guggenheim, Inc. Unit - Class A common stock","2021-07-01 10:30:00-04:00",9.75,9.75,9.75,9.75,9.75,50421
"GGPI","Gores Guggenheim, Inc. Unit - Class A common stock","2021-07-01 11:30:00-04:00",9.75,9.760000228881836,9.75,9.760000228881836,9.760000228881836,42249
"GGPI","Gores Guggenheim, Inc. Unit - Class A common stock","2021-07-01 12:30:00-04:00",9.760000228881836,9.760000228881836,9.760000228881836,9.760000228881836,9.760000228881836,26410
"GGPI","Gores Guggenheim, Inc. Unit - Class A common stock","2021-07-01 13:30:00-04:00",9.760000228881836,9.765000343322754,9.760000228881836,9.760000228881836,9.760000228881836,47559
"GGPI","Gores Guggenheim, Inc. Unit - Class A common stock","2021-07-01 14:30:00-04:00",9.760000228881836,9.760000228881836,9.75,9.75,9.75,58543
"GGPI","Gores Guggenheim, Inc. Unit - Class A common stock","2021-07-01 15:30:00-04:00",9.75,9.755000114440918,9.699999809265137,9.710000038146973,9.710000038146973,50349
"GGPI","Gores Guggenheim, Inc. Unit - Class A common stock","2021-07-01 16:00:00-04:00",9.74,9.74,9.74,9.74,9.74,3766
"GGPI","Gores Guggenheim, Inc. Unit - Class A common stock","2021-07-02 09:30:00-04:00",9.720000267028809,9.720000267028809,9.719900131225586,9.720000267028809,9.720000267028809,0
"GGPI","Gores Guggenheim, Inc. Unit - Class A common stock","2021-07-02 12:30:00-04:00",9.729999542236328,9.729999542236328,9.729999542236328,9.729999542236328,9.729999542236328,4750
"GGPI","Gores Guggenheim, Inc. Unit - Class A common stock","2021-07-06 12:30:00-04:00",9.729999542236328,9.729999542236328,9.720000267028809,9.729999542236328,9.729999542236328,410
"GGPI","Gores Guggenheim, Inc. Unit - Class A common stock","2021-07-06 15:30:00-04:00",9.720000267028809,9.75,9.720000267028809,9.75,9.75,3267
"GGPI","Gores Guggenheim, Inc. Unit - Class A common stock","2021-07-07 10:30:00-04:00",9.729999542236328,9.729999542236328,9.720000267028809,9.720000267028809,9.720000267028809,300
"GGPI","Gores Guggenheim, Inc. Unit - Class A common stock","2021-07-07 14:30:00-04:00",9.720000267028809,9.728300094604492,9.720000267028809,9.728300094604492,9.728300094604492,1553
"GGPI","Gores Guggenheim, Inc. Unit - Class A common stock","2021-07-07 15:30:00-04:00",9.729999542236328,9.729999542236328,9.729999542236328,9.729999542236328,9.729999542236328,1216
"GGPI","Gores Guggenheim, Inc. Unit - Class A common stock","2021-07-08 10:30:00-04:00",9.739999771118164,9.770000457763672,9.739999771118164,9.770000457763672,9.770000457763672,0
"GGPI","Gores Guggenheim, Inc. Unit - Class A common stock","2021-07-08 12:30:00-04:00",9.75,10.34000015258789,9.75,10.260000228881836,10.260000228881836,191207
"GGPI","Gores Guggenheim, Inc. Unit - Class A common stock","2021-07-08 13:30:00-04:00",10.260000228881836,10.479999542236328,10.18000030517578,10.300000190734863,10.300000190734863,3192538
"GGPI","Gores Guggenheim, Inc. Unit - Class A common stock","2021-07-08 14:30:00-04:00",10.3100004196167,10.350000381469728,10.25,10.289999961853027,10.289999961853027,1759936
"GGPI","Gores Guggenheim, Inc. Unit - Class A common stock","2021-07-08 15:30:00-04:00",10.3100004196167,10.3100004196167,10.220000267028809,10.239999771118164,10.239999771118164,1414290
"GGPI","Gores Guggenheim, Inc. Unit - Class A common stock","2021-07-08 16:00:00-04:00",10.23,10.62,10.2,10.5,10.5,0
"GGPI","Gores Guggenheim, Inc. Unit - Class A common stock","2021-07-08 17:00:00-04:00",10.5,10.9,10.49,10.56,10.56,0
"GGPI","Gores Guggenheim, Inc. Unit - Class A common stock","2021-07-08 18:00:00-04:00",10.64,10.71,10.6,10.65,10.65,0
"GGPI","Gores Guggenheim, Inc. Unit - Class A common stock","2021-07-08 19:00:00-04:00",10.65,10.89,10.64,10.75,10.75,0
"GGPI","Gores Guggenheim, Inc. Unit - Class A common stock","2021-07-09 04:00:00-04:00",11.0,12.15,10.9,11.82,11.82,0
"GGPI","Gores Guggenheim, Inc. Unit - Class A common stock","2021-07-09 05:00:00-04:00",11.79,12.05,11.08,11.38,11.38,0
"GGPI","Gores Guggenheim, Inc. Unit - Class A common stock","2021-07-09 06:00:00-04:00",11.39,11.4,10.6,10.9,10.9,0
"GGPI","Gores Guggenheim, Inc. Unit - Class A common stock","2021-07-09 07:00:00-04:00",10.9,10.95,10.72,10.8,10.8,0
"GGPI","Gores Guggenheim, Inc. Unit - Class A common stock","2021-07-09 08:00:00-04:00",10.85,10.9396,10.72,10.85,10.85,0
"GGPI","Gores Guggenheim, Inc. Unit - Class A common stock","2021-07-09 09:00:00-04:00",10.85,10.86,10.5,10.59,10.59,0
"GGPI","Gores Guggenheim, Inc. Unit - Class A common stock","2021-07-09 09:30:00-04:00",10.640000343322754,10.6899995803833,10.350000381469728,10.40999984741211,10.40999984741211,2688209
"GGPI","Gores Guggenheim, Inc. Unit - Class A common stock","2021-07-09 10:30:00-04:00",10.420000076293944,10.449999809265137,10.350000381469728,10.380000114440918,10.380000114440918,612236
"GGPI","Gores Guggenheim, Inc. Unit - Class A common stock","2021-07-09 11:30:00-04:00",10.399999618530272,10.43000030517578,10.369999885559082,10.420000076293944,10.420000076293944,582349
"GGPI","Gores Guggenheim, Inc. Unit - Class A common stock","2021-07-09 12:30:00-04:00",10.425000190734863,10.43000030517578,10.380000114440918,10.390000343322754,10.390000343322754,319733
"GGPI","Gores Guggenheim, Inc. Unit - Class A common stock","2021-07-09 13:30:00-04:00",10.390000343322754,10.399999618530272,10.31999969482422,10.350000381469728,10.350000381469728,860184
"GGPI","Gores Guggenheim, Inc. Unit - Class A common stock","2021-07-09 14:30:00-04:00",10.359999656677246,10.399999618530272,10.300000190734863,10.335000038146973,10.335000038146973,482791
"GGPI","Gores Guggenheim, Inc. Unit - Class A common stock","2021-07-09 15:30:00-04:00",10.335000038146973,10.359800338745115,10.229999542236328,10.270000457763672,10.270000457763672,965513
"GGPI","Gores Guggenheim, Inc. Unit - Class A common stock","2021-07-09 16:00:00-04:00",10.3,10.4,10.24,10.38,10.38,0
"GGPI","Gores Guggenheim, Inc. Unit - Class A common stock","2021-07-09 17:00:00-04:00",10.38,10.39,10.3,10.36,10.36,0
"GGPI","Gores Guggenheim, Inc. Unit - Class A common stock","2021-07-09 18:00:00-04:00",10.39,10.43,10.36,10.38,10.38,0
"GGPI","Gores Guggenheim, Inc. Unit - Class A common stock","2021-07-09 19:00:00-04:00",10.38,10.38,10.3,10.35,10.35,0
"GGPI","Gores Guggenheim, Inc. Unit - Class A common stock","2021-07-12 04:00:00-04:00",10.64,10.69,10.4,10.57,10.57,0
"GGPI","Gores Guggenheim, Inc. Unit - Class A common stock","2021-07-12 05:00:00-04:00",10.55,10.64,10.43,10.55,10.55,0
"GGPI","Gores Guggenheim, Inc. Unit - Class A common stock","2021-07-12 06:00:00-04:00",10.55,10.55,10.43,10.43,10.43,0
"GGPI","Gores Guggenheim, Inc. Unit - Class A common stock","2021-07-12 07:00:00-04:00",10.41,10.49,10.4,10.43,10.43,0
"GGPI","Gores Guggenheim, Inc. Unit - Class A common stock","2021-07-12 08:00:00-04:00",10.42,10.49,10.38,10.4,10.4,0
"GGPI","Gores Guggenheim, Inc. Unit - Class A common stock","2021-07-12 09:00:00-04:00",10.4,10.4,10.33,10.36,10.36,0
"GGPI","Gores Guggenheim, Inc. Unit - Class A common stock","2021-07-12 09:30:00-04:00",10.390000343322754,10.390000343322754,10.229999542236328,10.249899864196776,10.249899864196776,1722810
"GGPI","Gores Guggenheim, Inc. Unit - Class A common stock","2021-07-12 10:30:00-04:00",10.244999885559082,10.289999961853027,10.239999771118164,10.274999618530272,10.274999618530272,485012
"GGPI","Gores Guggenheim, Inc. Unit - Class A common stock","2021-07-12 11:30:00-04:00",10.274999618530272,10.289999961853027,10.25,10.279999732971191,10.279999732971191,487251
"GGPI","Gores Guggenheim, Inc. Unit - Class A common stock","2021-07-12 12:30:00-04:00",10.279999732971191,10.289999961853027,10.25,10.25,10.25,226798
"GGPI","Gores Guggenheim, Inc. Unit - Class A common stock","2021-07-12 13:30:00-04:00",10.255000114440918,10.270000457763672,10.25,10.255000114440918,10.255000114440918,245166
"GGPI","Gores Guggenheim, Inc. Unit - Class A common stock","2021-07-12 14:30:00-04:00",10.255000114440918,10.270000457763672,10.25,10.260000228881836,10.260000228881836,233548
"GGPI","Gores Guggenheim, Inc. Unit - Class A common stock","2021-07-12 15:30:00-04:00",10.260000228881836,10.270000457763672,10.25,10.260000228881836,10.260000228881836,212685
"GGPI","Gores Guggenheim, Inc. Unit - Class A common stock","2021-07-12 16:00:00-04:00",10.26,10.34,10.26,10.31,10.31,0
"GGPI","Gores Guggenheim, Inc. Unit - Class A common stock","2021-07-12 17:00:00-04:00",10.3,10.31,10.27,10.3,10.3,0
"GGPI","Gores Guggenheim, Inc. Unit - Class A common stock","2021-07-12 18:00:00-04:00",10.3,10.3,10.27,10.3,10.3,0
"GGPI","Gores Guggenheim, Inc. Unit - Class A common stock","2021-07-12 19:00:00-04:00",10.3,10.31,10.27,10.27,10.27,0
"GGPI","Gores Guggenheim, Inc. Unit - Class A common stock","2021-07-13 04:00:00-04:00",10.34,10.34,10.23,10.23,10.23,0
"GGPI","Gores Guggenheim, Inc. Unit - Class A common stock","2021-07-13 05:00:00-04:00",10.22,10.29,10.16,10.25,10.25,0
"GGPI","Gores Guggenheim, Inc. Unit - Class A common stock","2021-07-13 06:00:00-04:00",10.25,10.28,10.25,10.25,10.25,0
"GGPI","Gores Guggenheim, Inc. Unit - Class A common stock","2021-07-13 07:00:00-04:00",10.25,10.29,10.25,10.28,10.28,0
"GGPI","Gores Guggenheim, Inc. Unit - Class A common stock","2021-07-13 08:00:00-04:00",10.28,10.29,10.25,10.26,10.26,0
"GGPI","Gores Guggenheim, Inc. Unit - Class A common stock","2021-07-13 09:00:00-04:00",10.27,10.28,10.23,10.23,10.23,0
"GGPI","Gores Guggenheim, Inc. Unit - Class A common stock","2021-07-13 09:30:00-04:00",10.270000457763672,10.270000457763672,10.119999885559082,10.179499626159668,10.179499626159668,523802
"GGPI","Gores Guggenheim, Inc. Unit - Class A common stock","2021-07-13 10:30:00-04:00",10.170000076293944,10.199999809265137,10.0600004196167,10.119999885559082,10.119999885559082,574358
"GGPI","Gores Guggenheim, Inc. Unit - Class A common stock","2021-07-13 11:30:00-04:00",10.119999885559082,10.140000343322754,10.079999923706056,10.095000267028809,10.095000267028809,579087
"GGPI","Gores Guggenheim, Inc. Unit - Class A common stock","2021-07-13 12:30:00-04:00",10.095000267028809,10.15999984741211,10.09000015258789,10.109999656677246,10.109999656677246,186758
"GGPI","Gores Guggenheim, Inc. Unit - Class A common stock","2021-07-13 13:30:00-04:00",10.109999656677246,10.140000343322754,10.100000381469728,10.130000114440918,10.130000114440918,89529
"GGPI","Gores Guggenheim, Inc. Unit - Class A common stock","2021-07-13 14:30:00-04:00",10.135000228881836,10.1899995803833,10.130000114440918,10.149999618530272,10.149999618530272,205226
"GGPI","Gores Guggenheim, Inc. Unit - Class A common stock","2021-07-13 15:30:00-04:00",10.140000343322754,10.149999618530272,10.119999885559082,10.149999618530272,10.149999618530272,92572
"GGPI","Gores Guggenheim, Inc. Unit - Class A common stock","2021-07-13 16:00:00-04:00",10.15,10.17,10.14,10.15,10.15,0
"GGPI","Gores Guggenheim, Inc. Unit - Class A common stock","2021-07-13 17:00:00-04:00",10.17,10.17,10.12,10.17,10.17,0
"GGPI","Gores Guggenheim, Inc. Unit - Class A common stock","2021-07-13 18:00:00-04:00",10.16,10.17,10.12,10.15,10.15,0
"GGPI","Gores Guggenheim, Inc. Unit - Class A common stock","2021-07-13 19:00:00-04:00",10.13,10.16,10.12,10.13,10.13,0
"GGPI","Gores Guggenheim, Inc. Unit - Class A common stock","2021-07-14 04:00:00-04:00",10.15,10.15,10.09,10.12,10.12,0
"GGPI","Gores Guggenheim, Inc. Unit - Class A common stock","2021-07-14 05:00:00-04:00",10.12,10.18,10.09,10.13,10.13,0
"GGPI","Gores Guggenheim, Inc. Unit - Class A common stock","2021-07-14 06:00:00-04:00",10.15,10.15,10.1,10.1,10.1,0
"GGPI","Gores Guggenheim, Inc. Unit - Class A common stock","2021-07-14 07:00:00-04:00",10.1,10.15,10.1,10.15,10.15,0
"GGPI","Gores Guggenheim, Inc. Unit - Class A common stock","2021-07-14 08:00:00-04:00",10.15,10.15,10.1,10.11,10.11,0
"GGPI","Gores Guggenheim, Inc. Unit - Class A common stock","2021-07-14 09:00:00-04:00",10.15,10.15,10.1,10.1,10.1,0
"GGPI","Gores Guggenheim, Inc. Unit - Class A common stock","2021-07-14 09:30:00-04:00",10.119999885559082,10.15999984741211,9.989999771118164,10.040599822998049,10.040599822998049,675687
"GGPI","Gores Guggenheim, Inc. Unit - Class A common stock","2021-07-14 10:30:00-04:00",10.050000190734863,10.0600004196167,10.020000457763672,10.03159999847412,10.03159999847412,129478
"GGPI","Gores Guggenheim, Inc. Unit - Class A common stock","2021-07-14 11:30:00-04:00",10.031499862670898,10.0600004196167,10.020000457763672,10.039999961853027,10.039999961853027,164886
"GGPI","Gores Guggenheim, Inc. Unit - Class A common stock","2021-07-14 12:30:00-04:00",10.039999961853027,10.050000190734863,10.020000457763672,10.039999961853027,10.039999961853027,189751
"GGPI","Gores Guggenheim, Inc. Unit - Class A common stock","2021-07-14 13:30:00-04:00",10.029999732971191,10.09000015258789,10.029999732971191,10.06999969482422,10.06999969482422,119790
"GGPI","Gores Guggenheim, Inc. Unit - Class A common stock","2021-07-14 14:30:00-04:00",10.06999969482422,10.06999969482422,10.029999732971191,10.035699844360352,10.035699844360352,93044
"GGPI","Gores Guggenheim, Inc. Unit - Class A common stock","2021-07-14 15:30:00-04:00",10.050000190734863,10.050000190734863,10.010000228881836,10.050000190734863,10.050000190734863,195965
"GGPI","Gores Guggenheim, Inc. Unit - Class A common stock","2021-07-14 16:00:00-04:00",10.04,10.06,10.01,10.05,10.05,0
"GGPI","Gores Guggenheim, Inc. Unit - Class A common stock","2021-07-14 17:00:00-04:00",10.05,10.05,10.03,10.05,10.05,0
"GGPI","Gores Guggenheim, Inc. Unit - Class A common stock","2021-07-14 18:00:00-04:00",10.05,10.07,10.03,10.07,10.07,0
"GGPI","Gores Guggenheim, Inc. Unit - Class A common stock","2021-07-14 19:00:00-04:00",10.07,10.07,10.04,10.04,10.04,0
"GGPI","Gores Guggenheim, Inc. Unit - Class A common stock","2021-07-15 04:00:00-04:00",10.04,10.05,10.04,10.05,10.05,0
"GGPI","Gores Guggenheim, Inc. Unit - Class A common stock","2021-07-15 05:00:00-04:00",10.08,10.09,10.08,10.09,10.09,0
"GGPI","Gores Guggenheim, Inc. Unit - Class A common stock","2021-07-15 06:00:00-04:00",10.09,10.13,10.08,10.08,10.08,0
"GGPI","Gores Guggenheim, Inc. Unit - Class A common stock","2021-07-15 08:00:00-04:00",10.08,10.1,10.03,10.04,10.04,0
"GGPI","Gores Guggenheim, Inc. Unit - Class A common stock","2021-07-15 09:00:00-04:00",10.0301,10.0799,10.03,10.04,10.04,0
"GGPI","Gores Guggenheim, Inc. Unit - Class A common stock","2021-07-15 09:30:00-04:00",10.029999732971191,10.039999961853027,9.93000030517578,9.979999542236328,9.979999542236328,468904
"GGPI","Gores Guggenheim, Inc. Unit - Class A common stock","2021-07-15 10:30:00-04:00",9.979999542236328,10.0,9.960000038146973,9.979999542236328,9.979999542236328,132238
"GGPI","Gores Guggenheim, Inc. Unit - Class A common stock","2021-07-15 11:30:00-04:00",9.98009967803955,10.020000457763672,9.970000267028809,9.988200187683104,9.988200187683104,156039
"GGPI","Gores Guggenheim, Inc. Unit - Class A common stock","2021-07-15 12:30:00-04:00",9.98009967803955,9.999899864196776,9.979999542236328,9.98900032043457,9.98900032043457,136062
"GGPI","Gores Guggenheim, Inc. Unit - Class A common stock","2021-07-15 13:30:00-04:00",9.979999542236328,10.0,9.979999542236328,9.989999771118164,9.989999771118164,99700
"GGPI","Gores Guggenheim, Inc. Unit - Class A common stock","2021-07-15 14:30:00-04:00",9.999899864196776,10.0,9.98050022125244,9.989999771118164,9.989999771118164,48154
"GGPI","Gores Guggenheim, Inc. Unit - Class A common stock","2021-07-15 15:30:00-04:00",9.989999771118164,10.0,9.970000267028809,9.989999771118164,9.989999771118164,0
"GGPI","Gores Guggenheim, Inc. Unit - Class A common stock","2021-07-15 16:00:00-04:00",9.98,9.99,9.96,9.98,9.98,0
"GGPI","Gores Guggenheim, Inc. Unit - Class A common stock","2021-07-15 17:00:00-04:00",9.97,9.99,9.96,9.99,9.99,0
"GGPI","Gores Guggenheim, Inc. Unit - Class A common stock","2021-07-15 18:00:00-04:00",9.99,10.05,9.99,10.05,10.05,0
"GGPI","Gores Guggenheim, Inc. Unit - Class A common stock","2021-07-15 19:00:00-04:00",10.04,10.05,9.99,9.99,9.99,0
"GGPI","Gores Guggenheim, Inc. Unit - Class A common stock","2021-07-16 04:00:00-04:00",10.04,10.05,10.0,10.0,10.0,0
"GGPI","Gores Guggenheim, Inc. Unit - Class A common stock","2021-07-16 05:00:00-04:00",10.0,10.0,9.99,9.99,9.99,0
"GGPI","Gores Guggenheim, Inc. Unit - Class A common stock","2021-07-16 07:00:00-04:00",10.1,10.11,9.99,9.99,9.99,0
"GGPI","Gores Guggenheim, Inc. Unit - Class A common stock","2021-07-16 08:00:00-04:00",10.14,10.15,9.99,10.05,10.05,0
"GGPI","Gores Guggenheim, Inc. Unit - Class A common stock","2021-07-16 09:00:00-04:00",10.05,10.05,10.0,10.04,10.04,0
"GGPI","Gores Guggenheim, Inc. Unit - Class A common stock","2021-07-16 09:30:00-04:00",10.039999961853027,10.046299934387209,9.979999542236328,9.994999885559082,9.994999885559082,122431
"GGPI","Gores Guggenheim, Inc. Unit - Class A common stock","2021-07-16 10:30:00-04:00",9.989999771118164,10.020000457763672,9.970000267028809,10.005000114440918,10.005000114440918,192952
"GGPI","Gores Guggenheim, Inc. Unit - Class A common stock","2021-07-16 11:30:00-04:00",10.010000228881836,10.020000457763672,10.0,10.020000457763672,10.020000457763672,90051
"GGPI","Gores Guggenheim, Inc. Unit - Class A common stock","2021-07-16 12:30:00-04:00",10.010000228881836,10.020000457763672,10.010000228881836,10.015000343322754,10.015000343322754,64783
"GGPI","Gores Guggenheim, Inc. Unit - Class A common stock","2021-07-16 13:30:00-04:00",10.015000343322754,10.024999618530272,10.0,10.010000228881836,10.010000228881836,73739
"GGPI","Gores Guggenheim, Inc. Unit - Class A common stock","2021-07-16 14:30:00-04:00",10.010000228881836,10.015000343322754,9.98009967803955,10.0,10.0,96771
"GGPI","Gores Guggenheim, Inc. Unit - Class A common stock","2021-07-16 15:30:00-04:00",10.0,10.020000457763672,9.989999771118164,10.018500328063965,10.018500328063965,85638
"GGPI","Gores Guggenheim, Inc. Unit - Class A common stock","2021-07-16 16:00:00-04:00",10.01,10.05,9.98,9.99,9.99,0
"GGPI","Gores Guggenheim, Inc. Unit - Class A common stock","2021-07-16 17:00:00-04:00",10.01,10.05,10.0,10.05,10.05,0
"GGPI","Gores Guggenheim, Inc. Unit - Class A common stock","2021-07-16 18:00:00-04:00",10.05,10.05,10.01,10.01,10.01,0
"GGPI","Gores Guggenheim, Inc. Unit - Class A common stock","2021-07-16 19:00:00-04:00",10.04,10.04,9.99,10.0,10.0,0
"GGPI","Gores Guggenheim, Inc. Unit - Class A common stock","2021-07-19 04:00:00-04:00",9.98,9.98,9.95,9.96,9.96,0
"GGPI","Gores Guggenheim, Inc. Unit - Class A common stock","2021-07-19 05:00:00-04:00",9.95,9.97,9.93,9.96,9.96,0
"GGPI","Gores Guggenheim, Inc. Unit - Class A common stock","2021-07-19 06:00:00-04:00",9.95,9.96,9.93,9.94,9.94,0
"GGPI","Gores Guggenheim, Inc. Unit - Class A common stock","2021-07-19 07:00:00-04:00",9.95,9.97,9.92,9.97,9.97,0
"GGPI","Gores Guggenheim, Inc. Unit - Class A common stock","2021-07-19 08:00:00-04:00",9.96,9.9701,9.93,9.97,9.97,0
"GGPI","Gores Guggenheim, Inc. Unit - Class A common stock","2021-07-19 09:00:00-04:00",9.97,9.97,9.92,9.92,9.92,0
"GGPI","Gores Guggenheim, Inc. Unit - Class A common stock","2021-07-19 09:30:00-04:00",9.949999809265137,10.0,9.890000343322754,9.9399995803833,9.9399995803833,351664
"GGPI","Gores Guggenheim, Inc. Unit - Class A common stock","2021-07-19 10:30:00-04:00",9.9399995803833,9.989999771118164,9.9399995803833,9.970000267028809,9.970000267028809,135155
"GGPI","Gores Guggenheim, Inc. Unit - Class A common stock","2021-07-19 11:30:00-04:00",9.96090030670166,9.979999542236328,9.9399995803833,9.954999923706056,9.954999923706056,84044
"GGPI","Gores Guggenheim, Inc. Unit - Class A common stock","2021-07-19 12:30:00-04:00",9.960000038146973,9.960000038146973,9.90999984741211,9.9399995803833,9.9399995803833,108406
"GGPI","Gores Guggenheim, Inc. Unit - Class A common stock","2021-07-19 13:30:00-04:00",9.93000030517578,9.960000038146973,9.920000076293944,9.949999809265137,9.949999809265137,34673
"GGPI","Gores Guggenheim, Inc. Unit - Class A common stock","2021-07-19 14:30:00-04:00",9.95699977874756,9.961299896240234,9.93000030517578,9.93000030517578,9.93000030517578,73549
"GGPI","Gores Guggenheim, Inc. Unit - Class A common stock","2021-07-19 15:30:00-04:00",9.939000129699709,9.949999809265137,9.93000030517578,9.949999809265137,9.949999809265137,57276
"GGPI","Gores Guggenheim, Inc. Unit - Class A common stock","2021-07-19 16:00:00-04:00",9.94,9.99,9.93,9.99,9.99,0
"GGPI","Gores Guggenheim, Inc. Unit - Class A common stock","2021-07-19 17:00:00-04:00",9.97,9.98,9.95,9.95,9.95,0
"GGPI","Gores Guggenheim, Inc. Unit - Class A common stock","2021-07-19 18:00:00-04:00",9.95,9.95,9.91,9.92,9.92,0
"GGPI","Gores Guggenheim, Inc. Unit - Class A common stock","2021-07-19 19:00:00-04:00",9.95,9.95,9.91,9.92,9.92,0
"GGPI","Gores Guggenheim, Inc. Unit - Class A common stock","2021-07-20 04:00:00-04:00",9.94,9.95,9.91,9.95,9.95,0
"GGPI","Gores Guggenheim, Inc. Unit - Class A common stock","2021-07-20 06:00:00-04:00",9.99,9.99,9.95,9.99,9.99,0
"GGPI","Gores Guggenheim, Inc. Unit - Class A common stock","2021-07-20 07:00:00-04:00",9.99,10.0,9.94,9.99,9.99,0
"GGPI","Gores Guggenheim, Inc. Unit - Class A common stock","2021-07-20 08:00:00-04:00",9.99,10.0,9.94,9.96,9.96,0
"GGPI","Gores Guggenheim, Inc. Unit - Class A common stock","2021-07-20 09:00:00-04:00",9.96,9.99,9.96,9.99,9.99,0
"GGPI","Gores Guggenheim, Inc. Unit - Class A common stock","2021-07-20 09:30:00-04:00",9.979999542236328,10.0,9.899999618530272,9.920000076293944,9.920000076293944,250826
"GGPI","Gores Guggenheim, Inc. Unit - Class A common stock","2021-07-20 10:30:00-04:00",9.9399995803833,9.970000267028809,9.920000076293944,9.969900131225586,9.969900131225586,267532
"GGPI","Gores Guggenheim, Inc. Unit - Class A common stock","2021-07-20 11:30:00-04:00",9.960000038146973,9.979999542236328,9.949999809265137,9.960000038146973,9.960000038146973,58851
"GGPI","Gores Guggenheim, Inc. Unit - Class A common stock","2021-07-20 12:30:00-04:00",9.960000038146973,9.970000267028809,9.93000030517578,9.9399995803833,9.9399995803833,85584
"GGPI","Gores Guggenheim, Inc. Unit - Class A common stock","2021-07-20 13:30:00-04:00",9.94499969482422,9.970000267028809,9.9399995803833,9.949999809265137,9.949999809265137,73346
"GGPI","Gores Guggenheim, Inc. Unit - Class A common stock","2021-07-20 14:30:00-04:00",9.94499969482422,9.949999809265137,9.937800407409668,9.949799537658691,9.949799537658691,62165
"GGPI","Gores Guggenheim, Inc. Unit - Class A common stock","2021-07-20 15:30:00-04:00",9.949899673461914,9.949999809265137,9.93000030517578,9.946499824523926,9.946499824523926,55589
"GGPI","Gores Guggenheim, Inc. Unit - Class A common stock","2021-07-20 16:00:00-04:00",9.93,9.96,9.93,9.96,9.96,0
"GGPI","Gores Guggenheim, Inc. Unit - Class A common stock","2021-07-20 17:00:00-04:00",9.96,9.97,9.96,9.97,9.97,0
"GGPI","Gores Guggenheim, Inc. Unit - Class A common stock","2021-07-20 18:00:00-04:00",9.97,9.97,9.96,9.96,9.96,0
"GGPI","Gores Guggenheim, Inc. Unit - Class A common stock","2021-07-20 19:00:00-04:00",9.96,9.97,9.95,9.97,9.97,0
"GGPI","Gores Guggenheim, Inc. Unit - Class A common stock","2021-07-21 04:00:00-04:00",10.29,10.29,9.93,9.95,9.95,0
"GGPI","Gores Guggenheim, Inc. Unit - Class A common stock","2021-07-21 05:00:00-04:00",9.93,10.28,9.93,10.27,10.27,0
"GGPI","Gores Guggenheim, Inc. Unit - Class A common stock","2021-07-21 06:00:00-04:00",10.1,10.11,10.08,10.08,10.08,0
"GGPI","Gores Guggenheim, Inc. Unit - Class A common stock","2021-07-21 07:00:00-04:00",10.02,10.03,9.98,9.99,9.99,0
"GGPI","Gores Guggenheim, Inc. Unit - Class A common stock","2021-07-21 08:00:00-04:00",9.99,9.99,9.95,9.99,9.99,0
"GGPI","Gores Guggenheim, Inc. Unit - Class A common stock","2021-07-21 09:00:00-04:00",9.98,9.98,9.95,9.98,9.98,0
"GGPI","Gores Guggenheim, Inc. Unit - Class A common stock","2021-07-21 09:30:00-04:00",9.970000267028809,10.0,9.90999984741211,9.921500205993652,9.921500205993652,215556
"GGPI","Gores Guggenheim, Inc. Unit - Class A common stock","2021-07-21 10:30:00-04:00",9.93000030517578,9.960000038146973,9.920000076293944,9.947500228881836,9.947500228881836,53499
"GGPI","Gores Guggenheim, Inc. Unit - Class A common stock","2021-07-21 11:30:00-04:00",9.942500114440918,9.949999809265137,9.90999984741211,9.920000076293944,9.920000076293944,139019
"GGPI","Gores Guggenheim, Inc. Unit - Class A common stock","2021-07-21 12:30:00-04:00",9.920000076293944,9.949999809265137,9.920000076293944,9.93000030517578,9.93000030517578,56805
"GGPI","Gores Guggenheim, Inc. Unit - Class A common stock","2021-07-21 13:30:00-04:00",9.930100440979004,9.970000267028809,9.93000030517578,9.970000267028809,9.970000267028809,56610
"GGPI","Gores Guggenheim, Inc. Unit - Class A common stock","2021-07-21 14:30:00-04:00",9.960000038146973,9.970000267028809,9.949999809265137,9.96969985961914,9.96969985961914,44285
"GGPI","Gores Guggenheim, Inc. Unit - Class A common stock","2021-07-21 15:30:00-04:00",9.970000267028809,9.970000267028809,9.949999809265137,9.949999809265137,9.949999809265137,47860
"GGPI","Gores Guggenheim, Inc. Unit - Class A common stock","2021-07-21 16:00:00-04:00",9.95,9.97,9.95,9.97,9.97,0
"GGPI","Gores Guggenheim, Inc. Unit - Class A common stock","2021-07-21 17:00:00-04:00",9.96,9.97,9.95,9.97,9.97,0
"GGPI","Gores Guggenheim, Inc. Unit - Class A common stock","2021-07-21 18:00:00-04:00",9.97,9.97,9.96,9.97,9.97,0
"GGPI","Gores Guggenheim, Inc. Unit - Class A common stock","2021-07-21 19:00:00-04:00",9.97,9.97,9.96,9.97,9.97,0
"GGPI","Gores Guggenheim, Inc. Unit - Class A common stock","2021-07-22 05:00:00-04:00",9.95,9.95,9.95,9.95,9.95,0
"GGPI","Gores Guggenheim, Inc. Unit - Class A common stock","2021-07-22 07:00:00-04:00",9.97,9.98,9.97,9.98,9.98,0
"GGPI","Gores Guggenheim, Inc. Unit - Class A common stock","2021-07-22 08:00:00-04:00",9.97,10.0,9.97,9.97,9.97,0
"GGPI","Gores Guggenheim, Inc. Unit - Class A common stock","2021-07-22 09:00:00-04:00",9.99,10.0,9.96,9.99,9.99,0
"GGPI","Gores Guggenheim, Inc. Unit - Class A common stock","2021-07-22 09:30:00-04:00",9.979999542236328,10.0,9.949999809265137,9.949999809265137,9.949999809265137,274114
"GGPI","Gores Guggenheim, Inc. Unit - Class A common stock","2021-07-22 10:30:00-04:00",9.949999809265137,9.960000038146973,9.93000030517578,9.949999809265137,9.949999809265137,83933
"GGPI","Gores Guggenheim, Inc. Unit - Class A common stock","2021-07-22 11:30:00-04:00",9.9399995803833,9.949999809265137,9.93000030517578,9.93000030517578,9.93000030517578,52293
"GGPI","Gores Guggenheim, Inc. Unit - Class A common stock","2021-07-22 12:30:00-04:00",9.934599876403809,9.960000038146973,9.93000030517578,9.949999809265137,9.949999809265137,46189
"GGPI","Gores Guggenheim, Inc. Unit - Class A common stock","2021-07-22 13:30:00-04:00",9.949999809265137,9.970000267028809,9.9399995803833,9.970000267028809,9.970000267028809,66679
"GGPI","Gores Guggenheim, Inc. Unit - Class A common stock","2021-07-22 14:30:00-04:00",9.970000267028809,9.989999771118164,9.960000038146973,9.970000267028809,9.970000267028809,270504
"GGPI","Gores Guggenheim, Inc. Unit - Class A common stock","2021-07-22 15:30:00-04:00",9.978400230407717,9.989999771118164,9.950300216674805,9.98989963531494,9.98989963531494,82823
"GGPI","Gores Guggenheim, Inc. Unit - Class A common stock","2021-07-22 16:00:00-04:00",9.99,10.0,9.95,10.0,10.0,0
"GGPI","Gores Guggenheim, Inc. Unit - Class A common stock","2021-07-22 17:00:00-04:00",10.0,10.0,9.97,9.98,9.98,0
"GGPI","Gores Guggenheim, Inc. Unit - Class A common stock","2021-07-22 18:00:00-04:00",9.99,10.0,9.99,10.0,10.0,0
"GGPI","Gores Guggenheim, Inc. Unit - Class A common stock","2021-07-22 19:00:00-04:00",10.0,10.06,9.99,9.99,9.99,0
"GGPI","Gores Guggenheim, Inc. Unit - Class A common stock","2021-07-23 04:00:00-04:00",9.98,9.98,9.98,9.98,9.98,0
"GGPI","Gores Guggenheim, Inc. Unit - Class A common stock","2021-07-23 05:00:00-04:00",10.0,10.05,10.0,10.05,10.05,0
"GGPI","Gores Guggenheim, Inc. Unit - Class A common stock","2021-07-23 07:00:00-04:00",10.05,10.05,10.0,10.0,10.0,0
"GGPI","Gores Guggenheim, Inc. Unit - Class A common stock","2021-07-23 08:00:00-04:00",10.02,10.02,9.96,9.9999,9.9999,0
"GGPI","Gores Guggenheim, Inc. Unit - Class A common stock","2021-07-23 09:00:00-04:00",10.0,10.0,9.96,10.0,10.0,0
"GGPI","Gores Guggenheim, Inc. Unit - Class A common stock","2021-07-23 09:30:00-04:00",10.0,10.0,9.949999809265137,9.960000038146973,9.960000038146973,193514
"GGPI","Gores Guggenheim, Inc. Unit - Class A common stock","2021-07-23 10:30:00-04:00",9.954999923706056,9.989999771118164,9.949999809265137,9.954999923706056,9.954999923706056,86712
"GGPI","Gores Guggenheim, Inc. Unit - Class A common stock","2021-07-23 11:30:00-04:00",9.958999633789062,9.970000267028809,9.949999809265137,9.960000038146973,9.960000038146973,37474
"GGPI","Gores Guggenheim, Inc. Unit - Class A common stock","2021-07-23 12:30:00-04:00",9.963299751281738,9.989999771118164,9.960000038146973,9.984999656677246,9.984999656677246,26867
"GGPI","Gores Guggenheim, Inc. Unit - Class A common stock","2021-07-23 13:30:00-04:00",9.979999542236328,9.989999771118164,9.970000267028809,9.979999542236328,9.979999542236328,21116
"GGPI","Gores Guggenheim, Inc. Unit - Class A common stock","2021-07-23 14:30:00-04:00",9.984999656677246,10.0,9.979999542236328,10.0,10.0,52517
"GGPI","Gores Guggenheim, Inc. Unit - Class A common stock","2021-07-23 15:30:00-04:00",10.0,10.0,9.979999542236328,10.0,10.0,30456
"GGPI","Gores Guggenheim, Inc. Unit - Class A common stock","2021-07-23 16:00:00-04:00",10.0,10.04,9.99,10.04,10.04,0
"GGPI","Gores Guggenheim, Inc. Unit - Class A common stock","2021-07-23 17:00:00-04:00",10.02,10.05,9.99,10.04,10.04,0
"GGPI","Gores Guggenheim, Inc. Unit - Class A common stock","2021-07-23 18:00:00-04:00",10.05,10.05,9.98,9.98,9.98,0
"GGPI","Gores Guggenheim, Inc. Unit - Class A common stock","2021-07-23 19:00:00-04:00",9.98,9.99,9.98,9.99,9.99,0
"GGPI","Gores Guggenheim, Inc. Unit - Class A common stock","2021-07-26 04:00:00-04:00",10.0,10.0,9.99,9.99,9.99,0
"GGPI","Gores Guggenheim, Inc. Unit - Class A common stock","2021-07-26 05:00:00-04:00",9.99,9.99,9.94,9.94,9.94,0
"GGPI","Gores Guggenheim, Inc. Unit - Class A common stock","2021-07-26 07:00:00-04:00",9.97,9.99,9.95,9.96,9.96,0
"GGPI","Gores Guggenheim, Inc. Unit - Class A common stock","2021-07-26 08:00:00-04:00",9.98,9.99,9.95,9.98,9.98,0
"GGPI","Gores Guggenheim, Inc. Unit - Class A common stock","2021-07-26 09:00:00-04:00",9.98,9.99,9.95,9.99,9.99,0
"GGPI","Gores Guggenheim, Inc. Unit - Class A common stock","2021-07-26 09:30:00-04:00",9.989999771118164,10.0,9.949999809265137,9.999899864196776,9.999899864196776,101390
"GGPI","Gores Guggenheim, Inc. Unit - Class A common stock","2021-07-26 10:30:00-04:00",10.0,10.010000228881836,9.960000038146973,9.979999542236328,9.979999542236328,87553
"GGPI","Gores Guggenheim, Inc. Unit - Class A common stock","2021-07-26 11:30:00-04:00",9.988900184631348,9.989999771118164,9.970000267028809,9.981300354003906,9.981300354003906,42685
"GGPI","Gores Guggenheim, Inc. Unit - Class A common stock","2021-07-26 12:30:00-04:00",9.979999542236328,9.989999771118164,9.960000038146973,9.970000267028809,9.970000267028809,83615
"GGPI","Gores Guggenheim, Inc. Unit - Class A common stock","2021-07-26 13:30:00-04:00",9.970000267028809,9.989999771118164,9.93000030517578,9.960000038146973,9.960000038146973,143390
"GGPI","Gores Guggenheim, Inc. Unit - Class A common stock","2021-07-26 14:30:00-04:00",9.960100173950195,9.979999542236328,9.949999809265137,9.960000038146973,9.960000038146973,44744
"GGPI","Gores Guggenheim, Inc. Unit - Class A common stock","2021-07-26 15:30:00-04:00",9.970000267028809,9.979999542236328,9.960000038146973,9.969900131225586,9.969900131225586,21714
"GGPI","Gores Guggenheim, Inc. Unit - Class A common stock","2021-07-26 16:00:00-04:00",9.96,9.98,9.96,9.98,9.98,0
"GGPI","Gores Guggenheim, Inc. Unit - Class A common stock","2021-07-26 17:00:00-04:00",9.97,9.98,9.96,9.9799,9.9799,0
"GGPI","Gores Guggenheim, Inc. Unit - Class A common stock","2021-07-26 18:00:00-04:00",9.98,9.98,9.98,9.98,9.98,0
"GGPI","Gores Guggenheim, Inc. Unit - Class A common stock","2021-07-26 19:00:00-04:00",9.95,9.98,9.95,9.98,9.98,0
"GGPI","Gores Guggenheim, Inc. Unit - Class A common stock","2021-07-27 04:00:00-04:00",9.95,9.95,9.95,9.95,9.95,0
"GGPI","Gores Guggenheim, Inc. Unit - Class A common stock","2021-07-27 05:00:00-04:00",9.96,9.96,9.95,9.96,9.96,0
"GGPI","Gores Guggenheim, Inc. Unit - Class A common stock","2021-07-27 07:00:00-04:00",9.96,9.96,9.96,9.96,9.96,0
"GGPI","Gores Guggenheim, Inc. Unit - Class A common stock","2021-07-27 08:00:00-04:00",9.96,9.98,9.96,9.96,9.96,0
"GGPI","Gores Guggenheim, Inc. Unit - Class A common stock","2021-07-27 09:00:00-04:00",9.97,9.98,9.96,9.97,9.97,0
"GGPI","Gores Guggenheim, Inc. Unit - Class A common stock","2021-07-27 09:30:00-04:00",9.979999542236328,9.979999542236328,9.960000038146973,9.960000038146973,9.960000038146973,115913
"GGPI","Gores Guggenheim, Inc. Unit - Class A common stock","2021-07-27 10:30:00-04:00",9.96500015258789,9.989999771118164,9.949999809265137,9.970000267028809,9.970000267028809,175699
"GGPI","Gores Guggenheim, Inc. Unit - Class A common stock","2021-07-27 11:30:00-04:00",9.970000267028809,9.978799819946287,9.920000076293944,9.93000030517578,9.93000030517578,161657
"GGPI","Gores Guggenheim, Inc. Unit - Class A common stock","2021-07-27 12:30:00-04:00",9.930800437927246,9.95989990234375,9.93000030517578,9.949999809265137,9.949999809265137,75665
"GGPI","Gores Guggenheim, Inc. Unit - Class A common stock","2021-07-27 13:30:00-04:00",9.95989990234375,9.960000038146973,9.920000076293944,9.93000030517578,9.93000030517578,69206
"GGPI","Gores Guggenheim, Inc. Unit - Class A common stock","2021-07-27 14:30:00-04:00",9.9399995803833,9.958600044250488,9.93000030517578,9.94499969482422,9.94499969482422,46716
"GGPI","Gores Guggenheim, Inc. Unit - Class A common stock","2021-07-27 15:30:00-04:00",9.949999809265137,9.949999809265137,9.9399995803833,9.9399995803833,9.9399995803833,61576
"GGPI","Gores Guggenheim, Inc. Unit - Class A common stock","2021-07-27 16:00:00-04:00",9.94,9.97,9.94,9.97,9.97,0
"GGPI","Gores Guggenheim, Inc. Unit - Class A common stock","2021-07-27 17:00:00-04:00",9.97,9.97,9.93,9.93,9.93,0
"GGPI","Gores Guggenheim, Inc. Unit - Class A common stock","2021-07-27 18:00:00-04:00",9.93,9.94,9.93,9.94,9.94,0
"GGPI","Gores Guggenheim, Inc. Unit - Class A common stock","2021-07-27 19:00:00-04:00",9.94,9.96,9.94,9.96,9.96,0
"GGPI","Gores Guggenheim, Inc. Unit - Class A common stock","2021-07-28 04:00:00-04:00",9.95,9.96,9.95,9.96,9.96,0
"GGPI","Gores Guggenheim, Inc. Unit - Class A common stock","2021-07-28 05:00:00-04:00",9.96,9.96,9.95,9.95,9.95,0
"GGPI","Gores Guggenheim, Inc. Unit - Class A common stock","2021-07-28 07:00:00-04:00",9.94,9.95,9.94,9.95,9.95,0
"GGPI","Gores Guggenheim, Inc. Unit - Class A common stock","2021-07-28 08:00:00-04:00",9.94,9.94,9.94,9.94,9.94,0
"GGPI","Gores Guggenheim, Inc. Unit - Class A common stock","2021-07-28 09:00:00-04:00",9.94,9.95,9.94,9.95,9.95,0
"GGPI","Gores Guggenheim, Inc. Unit - Class A common stock","2021-07-28 09:30:00-04:00",9.960000038146973,9.960000038146973,9.90999984741211,9.90999984741211,9.90999984741211,118279
"GGPI","Gores Guggenheim, Inc. Unit - Class A common stock","2021-07-28 10:30:00-04:00",9.914999961853027,9.920000076293944,9.850000381469728,9.884099960327148,9.884099960327148,186026
"GGPI","Gores Guggenheim, Inc. Unit - Class A common stock","2021-07-28 11:30:00-04:00",9.887999534606934,9.920000076293944,9.880000114440918,9.90999984741211,9.90999984741211,65616
"GGPI","Gores Guggenheim, Inc. Unit - Class A common stock","2021-07-28 12:30:00-04:00",9.904999732971191,9.90999984741211,9.869999885559082,9.90999984741211,9.90999984741211,94289
"GGPI","Gores Guggenheim, Inc. Unit - Class A common stock","2021-07-28 13:30:00-04:00",9.880000114440918,9.899999618530272,9.880000114440918,9.890000343322754,9.890000343322754,61692
"GGPI","Gores Guggenheim, Inc. Unit - Class A common stock","2021-07-28 14:30:00-04:00",9.890000343322754,9.93000030517578,9.880000114440918,9.904999732971191,9.904999732971191,41880
"GGPI","Gores Guggenheim, Inc. Unit - Class A common stock","2021-07-28 15:30:00-04:00",9.899999618530272,9.93000030517578,9.890000343322754,9.920000076293944,9.920000076293944,48715
"GGPI","Gores Guggenheim, Inc. Unit - Class A common stock","2021-07-28 16:00:00-04:00",9.93,9.93,9.9,9.92,9.92,0
"GGPI","Gores Guggenheim, Inc. Unit - Class A common stock","2021-07-28 17:00:00-04:00",9.92,9.92,9.89,9.9,9.9,0
"GGPI","Gores Guggenheim, Inc. Unit - Class A common stock","2021-07-28 18:00:00-04:00",9.9,9.92,9.9,9.92,9.92,0
"GGPI","Gores Guggenheim, Inc. Unit - Class A common stock","2021-07-28 19:00:00-04:00",9.91,9.92,9.89,9.92,9.92,0
"GGPI","Gores Guggenheim, Inc. Unit - Class A common stock","2021-07-29 04:00:00-04:00",9.91,9.91,9.91,9.91,9.91,0
"GGPI","Gores Guggenheim, Inc. Unit - Class A common stock","2021-07-29 05:00:00-04:00",9.91,9.93,9.91,9.93,9.93,0
"GGPI","Gores Guggenheim, Inc. Unit - Class A common stock","2021-07-29 06:00:00-04:00",9.94,9.95,9.94,9.94,9.94,0
"GGPI","Gores Guggenheim, Inc. Unit - Class A common stock","2021-07-29 07:00:00-04:00",9.93,9.94,9.91,9.93,9.93,0
"GGPI","Gores Guggenheim, Inc. Unit - Class A common stock","2021-07-29 08:00:00-04:00",9.93,9.9399,9.91,9.92,9.92,0
"GGPI","Gores Guggenheim, Inc. Unit - Class A common stock","2021-07-29 09:00:00-04:00",9.92,9.95,9.9,9.9,9.9,0
"GGPI","Gores Guggenheim, Inc. Unit - Class A common stock","2021-07-29 09:30:00-04:00",9.93000030517578,9.975799560546877,9.869999885559082,9.880000114440918,9.880000114440918,160357
"GGPI","Gores Guggenheim, Inc. Unit - Class A common stock","2021-07-29 10:30:00-04:00",9.890000343322754,9.920000076293944,9.880000114440918,9.909899711608888,9.909899711608888,57728
"GGPI","Gores Guggenheim, Inc. Unit - Class A common stock","2021-07-29 11:30:00-04:00",9.90999984741211,9.9399995803833,9.899999618530272,9.920000076293944,9.920000076293944,64134
"GGPI","Gores Guggenheim, Inc. Unit - Class A common stock","2021-07-29 12:30:00-04:00",9.920000076293944,9.93000030517578,9.890000343322754,9.93000030517578,9.93000030517578,60811
"GGPI","Gores Guggenheim, Inc. Unit - Class A common stock","2021-07-29 13:30:00-04:00",9.920000076293944,9.93000030517578,9.899999618530272,9.93000030517578,9.93000030517578,28934
"GGPI","Gores Guggenheim, Inc. Unit - Class A common stock","2021-07-29 14:30:00-04:00",9.925000190734863,9.9399995803833,9.920000076293944,9.9399995803833,9.9399995803833,40457
"GGPI","Gores Guggenheim, Inc. Unit - Class A common stock","2021-07-29 15:30:00-04:00",9.937999725341797,9.9399995803833,9.899999618530272,9.899999618530272,9.899999618530272,18643
"GGPI","Gores Guggenheim, Inc. Unit - Class A common stock","2021-07-29 16:00:00-04:00",9.91,9.94,9.91,9.9299,9.9299,0
"GGPI","Gores Guggenheim, Inc. Unit - Class A common stock","2021-07-29 17:00:00-04:00",9.91,9.93,9.91,9.93,9.93,0
"GGPI","Gores Guggenheim, Inc. Unit - Class A common stock","2021-07-29 18:00:00-04:00",9.9,9.93,9.9,9.93,9.93,0
"GGPI","Gores Guggenheim, Inc. Unit - Class A common stock","2021-07-29 19:00:00-04:00",9.93,9.93,9.91,9.91,9.91,0
"GGPI","Gores Guggenheim, Inc. Unit - Class A common stock","2021-07-30 04:00:00-04:00",9.87,9.87,9.87,9.87,9.87,0
"GGPI","Gores Guggenheim, Inc. Unit - Class A common stock","2021-07-30 05:00:00-04:00",9.88,9.88,9.88,9.88,9.88,0
"GGPI","Gores Guggenheim, Inc. Unit - Class A common stock","2021-07-30 06:00:00-04:00",9.9,9.91,9.9,9.91,9.91,0
"GGPI","Gores Guggenheim, Inc. Unit - Class A common stock","2021-07-30 07:00:00-04:00",9.92,9.92,9.91,9.91,9.91,0
"GGPI","Gores Guggenheim, Inc. Unit - Class A common stock","2021-07-30 08:00:00-04:00",9.9,9.93,9.9,9.93,9.93,0
"GGPI","Gores Guggenheim, Inc. Unit - Class A common stock","2021-07-30 09:00:00-04:00",9.93,9.93,9.9,9.91,9.91,0
"GGPI","Gores Guggenheim, Inc. Unit - Class A common stock","2021-07-30 09:30:00-04:00",9.899999618530272,9.93000030517578,9.890000343322754,9.90999984741211,9.90999984741211,77705
"GGPI","Gores Guggenheim, Inc. Unit - Class A common stock","2021-07-30 10:30:00-04:00",9.90999984741211,9.93000030517578,9.890000343322754,9.899900436401367,9.899900436401367,56488
"GGPI","Gores Guggenheim, Inc. Unit - Class A common stock","2021-07-30 11:30:00-04:00",9.895000457763672,9.93000030517578,9.890000343322754,9.93000030517578,9.93000030517578,63835
"GGPI","Gores Guggenheim, Inc. Unit - Class A common stock","2021-07-30 12:30:00-04:00",9.93000030517578,9.9399995803833,9.899999618530272,9.90999984741211,9.90999984741211,47168
"GGPI","Gores Guggenheim, Inc. Unit - Class A common stock","2021-07-30 13:30:00-04:00",9.920000076293944,9.920000076293944,9.899999618530272,9.909899711608888,9.909899711608888,47892
"GGPI","Gores Guggenheim, Inc. Unit - Class A common stock","2021-07-30 14:30:00-04:00",9.90999984741211,9.93000030517578,9.890000343322754,9.899999618530272,9.899999618530272,113025
"GGPI","Gores Guggenheim, Inc. Unit - Class A common stock","2021-07-30 15:30:00-04:00",9.899999618530272,9.90999984741211,9.890000343322754,9.899999618530272,9.899999618530272,34312
"GGPI","Gores Guggenheim, Inc. Unit - Class A common stock","2021-07-30 16:00:00-04:00",9.89,9.91,9.89,9.91,9.91,0
"GGPI","Gores Guggenheim, Inc. Unit - Class A common stock","2021-07-30 17:00:00-04:00",9.92,9.92,9.92,9.92,9.92,0
"GGPI","Gores Guggenheim, Inc. Unit - Class A common stock","2021-08-02 04:00:00-04:00",9.94,9.94,9.9,9.9,9.9,0
"GGPI","Gores Guggenheim, Inc. Unit - Class A common stock","2021-08-02 05:00:00-04:00",9.9,9.9,9.89,9.9,9.9,0
"GGPI","Gores Guggenheim, Inc. Unit - Class A common stock","2021-08-02 06:00:00-04:00",9.9,9.93,9.9,9.93,9.93,0
"GGPI","Gores Guggenheim, Inc. Unit - Class A common stock","2021-08-02 08:00:00-04:00",9.93,9.94,9.91,9.91,9.91,0
"GGPI","Gores Guggenheim, Inc. Unit - Class A common stock","2021-08-02 09:00:00-04:00",9.9,9.91,9.9,9.91,9.91,0
"GGPI","Gores Guggenheim, Inc. Unit - Class A common stock","2021-08-02 09:30:00-04:00",9.9399995803833,9.9399995803833,9.859999656677246,9.899999618530272,9.899999618530272,203783
"GGPI","Gores Guggenheim, Inc. Unit - Class A common stock","2021-08-02 10:30:00-04:00",9.899999618530272,9.899999618530272,9.880000114440918,9.899999618530272,9.899999618530272,24507
"GGPI","Gores Guggenheim, Inc. Unit - Class A common stock","2021-08-02 11:30:00-04:00",9.890999794006348,9.899999618530272,9.880000114440918,9.890000343322754,9.890000343322754,27670
"GGPI","Gores Guggenheim, Inc. Unit - Class A common stock","2021-08-02 12:30:00-04:00",9.895000457763672,9.919899940490724,9.890000343322754,9.919899940490724,9.919899940490724,70190
"GGPI","Gores Guggenheim, Inc. Unit - Class A common stock","2021-08-02 13:30:00-04:00",9.91919994354248,9.93000030517578,9.90999984741211,9.90999984741211,9.90999984741211,18166
"GGPI","Gores Guggenheim, Inc. Unit - Class A common stock","2021-08-02 14:30:00-04:00",9.919899940490724,9.93000030517578,9.90999984741211,9.90999984741211,9.90999984741211,29514
"GGPI","Gores Guggenheim, Inc. Unit - Class A common stock","2021-08-02 15:30:00-04:00",9.919899940490724,9.920000076293944,9.899999618530272,9.900099754333496,9.900099754333496,72001
"GGPI","Gores Guggenheim, Inc. Unit - Class A common stock","2021-08-02 16:00:00-04:00",9.9,9.91,9.9,9.91,9.91,0
"GGPI","Gores Guggenheim, Inc. Unit - Class A common stock","2021-08-02 17:00:00-04:00",9.91,9.92,9.9,9.91,9.91,0
"GGPI","Gores Guggenheim, Inc. Unit - Class A common stock","2021-08-02 18:00:00-04:00",9.89,9.91,9.89,9.91,9.91,0
"GGPI","Gores Guggenheim, Inc. Unit - Class A common stock","2021-08-02 19:00:00-04:00",9.89,9.91,9.89,9.91,9.91,0
"GGPI","Gores Guggenheim, Inc. Unit - Class A common stock","2021-08-03 05:00:00-04:00",9.9,9.9,9.9,9.9,9.9,0
"GGPI","Gores Guggenheim, Inc. Unit - Class A common stock","2021-08-03 06:00:00-04:00",9.9,9.9,9.89,9.9,9.9,0
"GGPI","Gores Guggenheim, Inc. Unit - Class A common stock","2021-08-03 07:00:00-04:00",9.9,9.9,9.9,9.9,9.9,0
"GGPI","Gores Guggenheim, Inc. Unit - Class A common stock","2021-08-03 08:00:00-04:00",9.9,9.92,9.89,9.9,9.9,0
"GGPI","Gores Guggenheim, Inc. Unit - Class A common stock","2021-08-03 09:00:00-04:00",9.9,9.92,9.89,9.9,9.9,0
"GGPI","Gores Guggenheim, Inc. Unit - Class A common stock","2021-08-03 09:30:00-04:00",9.899999618530272,9.920000076293944,9.890000343322754,9.890000343322754,9.890000343322754,52665
"GGPI","Gores Guggenheim, Inc. Unit - Class A common stock","2021-08-03 10:30:00-04:00",9.895000457763672,9.93000030517578,9.890000343322754,9.920100212097168,9.920100212097168,84040
"GGPI","Gores Guggenheim, Inc. Unit - Class A common stock","2021-08-03 11:30:00-04:00",9.920100212097168,9.93000030517578,9.899999618530272,9.899999618530272,9.899999618530272,13977
"GGPI","Gores Guggenheim, Inc. Unit - Class A common stock","2021-08-03 12:30:00-04:00",9.903800010681152,9.920000076293944,9.899999618530272,9.909899711608888,9.909899711608888,18837
"GGPI","Gores Guggenheim, Inc. Unit - Class A common stock","2021-08-03 13:30:00-04:00",9.909899711608888,9.90999984741211,9.890000343322754,9.904999732971191,9.904999732971191,30168
"GGPI","Gores Guggenheim, Inc. Unit - Class A common stock","2021-08-03 14:30:00-04:00",9.90839958190918,9.9399995803833,9.899999618530272,9.90999984741211,9.90999984741211,49635
"GGPI","Gores Guggenheim, Inc. Unit - Class A common stock","2021-08-03 15:30:00-04:00",9.928000450134276,9.9399995803833,9.880000114440918,9.899999618530272,9.899999618530272,68372
"GGPI","Gores Guggenheim, Inc. Unit - Class A common stock","2021-08-03 16:00:00-04:00",9.9,9.93,9.9,9.91,9.91,0
"GGPI","Gores Guggenheim, Inc. Unit - Class A common stock","2021-08-03 17:00:00-04:00",9.91,9.9299,9.87,9.87,9.87,0
"GGPI","Gores Guggenheim, Inc. Unit - Class A common stock","2021-08-03 18:00:00-04:00",9.87,9.87,9.87,9.87,9.87,0
"GGPI","Gores Guggenheim, Inc. Unit - Class A common stock","2021-08-03 19:00:00-04:00",9.89,9.93,9.89,9.93,9.93,0
"GGPI","Gores Guggenheim, Inc. Unit - Class A common stock","2021-08-04 07:00:00-04:00",9.9,9.9,9.9,9.9,9.9,0
"GGPI","Gores Guggenheim, Inc. Unit - Class A common stock","2021-08-04 08:00:00-04:00",9.91,9.91,9.89,9.89,9.89,0
"GGPI","Gores Guggenheim, Inc. Unit - Class A common stock","2021-08-04 09:00:00-04:00",9.88,9.91,9.88,9.89,9.89,0
"GGPI","Gores Guggenheim, Inc. Unit - Class A common stock","2021-08-04 09:30:00-04:00",9.90999984741211,9.92300033569336,9.890000343322754,9.90999984741211,9.90999984741211,51714
"GGPI","Gores Guggenheim, Inc. Unit - Class A common stock","2021-08-04 10:30:00-04:00",9.899999618530272,9.90999984741211,9.899999618530272,9.909899711608888,9.909899711608888,18108
"GGPI","Gores Guggenheim, Inc. Unit - Class A common stock","2021-08-04 11:30:00-04:00",9.899999618530272,9.90999984741211,9.890000343322754,9.904999732971191,9.904999732971191,35020
"GGPI","Gores Guggenheim, Inc. Unit - Class A common stock","2021-08-04 12:30:00-04:00",9.90999984741211,9.920000076293944,9.899999618530272,9.899999618530272,9.899999618530272,56533
"GGPI","Gores Guggenheim, Inc. Unit - Class A common stock","2021-08-04 13:30:00-04:00",9.899999618530272,9.90999984741211,9.890000343322754,9.899999618530272,9.899999618530272,45726
"GGPI","Gores Guggenheim, Inc. Unit - Class A common stock","2021-08-04 14:30:00-04:00",9.895000457763672,9.899999618530272,9.890000343322754,9.890000343322754,9.890000343322754,34743
"GGPI","Gores Guggenheim, Inc. Unit - Class A common stock","2021-08-04 15:30:00-04:00",9.890000343322754,9.899999618530272,9.890000343322754,9.890000343322754,9.890000343322754,40948
"GGPI","Gores Guggenheim, Inc. Unit - Class A common stock","2021-08-04 16:00:00-04:00",9.89,9.9,9.89,9.9,9.9,0
"GGPI","Gores Guggenheim, Inc. Unit - Class A common stock","2021-08-04 17:00:00-04:00",9.9001,9.9001,9.9,9.9,9.9,0
"GGPI","Gores Guggenheim, Inc. Unit - Class A common stock","2021-08-04 18:00:00-04:00",9.9,9.9,9.9,9.9,9.9,0
"GGPI","Gores Guggenheim, Inc. Unit - Class A common stock","2021-08-05 04:00:00-04:00",9.89,9.89,9.89,9.89,9.89,0
"GGPI","Gores Guggenheim, Inc. Unit - Class A common stock","2021-08-05 05:00:00-04:00",9.93,9.93,9.89,9.93,9.93,0
"GGPI","Gores Guggenheim, Inc. Unit - Class A common stock","2021-08-05 06:00:00-04:00",9.89,9.89,9.89,9.89,9.89,0
"GGPI","Gores Guggenheim, Inc. Unit - Class A common stock","2021-08-05 07:00:00-04:00",9.9,9.9,9.9,9.9,9.9,0
"GGPI","Gores Guggenheim, Inc. Unit - Class A common stock","2021-08-05 08:00:00-04:00",9.9,9.92,9.9,9.9,9.9,0
"GGPI","Gores Guggenheim, Inc. Unit - Class A common stock","2021-08-05 09:00:00-04:00",9.9001,9.92,9.9,9.9,9.9,0
"GGPI","Gores Guggenheim, Inc. Unit - Class A common stock","2021-08-05 09:30:00-04:00",9.899999618530272,9.90999984741211,9.875,9.875,9.875,221323
"GGPI","Gores Guggenheim, Inc. Unit - Class A common stock","2021-08-05 10:30:00-04:00",9.869999885559082,9.890000343322754,9.869999885559082,9.88010025024414,9.88010025024414,55543
"GGPI","Gores Guggenheim, Inc. Unit - Class A common stock","2021-08-05 11:30:00-04:00",9.880000114440918,9.899999618530272,9.869999885559082,9.880000114440918,9.880000114440918,66605
"GGPI","Gores Guggenheim, Inc. Unit - Class A common stock","2021-08-05 12:30:00-04:00",9.890000343322754,9.90089988708496,9.890000343322754,9.899999618530272,9.899999618530272,26624
"GGPI","Gores Guggenheim, Inc. Unit - Class A common stock","2021-08-05 13:30:00-04:00",9.899999618530272,9.90999984741211,9.890000343322754,9.895000457763672,9.895000457763672,90298
"GGPI","Gores Guggenheim, Inc. Unit - Class A common stock","2021-08-05 14:30:00-04:00",9.890000343322754,9.899999618530272,9.880000114440918,9.880000114440918,9.880000114440918,30195
"GGPI","Gores Guggenheim, Inc. Unit - Class A common stock","2021-08-05 15:30:00-04:00",9.880000114440918,9.890000343322754,9.869999885559082,9.869999885559082,9.869999885559082,63905
"GGPI","Gores Guggenheim, Inc. Unit - Class A common stock","2021-08-05 16:00:00-04:00",9.89,9.9,9.87,9.89,9.89,0
"GGPI","Gores Guggenheim, Inc. Unit - Class A common stock","2021-08-05 17:00:00-04:00",9.89,9.89,9.89,9.89,9.89,0
"GGPI","Gores Guggenheim, Inc. Unit - Class A common stock","2021-08-05 18:00:00-04:00",9.89,9.89,9.89,9.89,9.89,0
"GGPI","Gores Guggenheim, Inc. Unit - Class A common stock","2021-08-05 19:00:00-04:00",9.89,9.92,9.89,9.9,9.9,0
"GGPI","Gores Guggenheim, Inc. Unit - Class A common stock","2021-08-06 04:00:00-04:00",9.89,9.92,9.87,9.89,9.89,0
"GGPI","Gores Guggenheim, Inc. Unit - Class A common stock","2021-08-06 06:00:00-04:00",9.89,9.9,9.88,9.88,9.88,0
"GGPI","Gores Guggenheim, Inc. Unit - Class A common stock","2021-08-06 07:00:00-04:00",9.9,9.92,9.9,9.92,9.92,0
"GGPI","Gores Guggenheim, Inc. Unit - Class A common stock","2021-08-06 08:00:00-04:00",9.9,9.9,9.88,9.89,9.89,0
"GGPI","Gores Guggenheim, Inc. Unit - Class A common stock","2021-08-06 09:00:00-04:00",9.89,9.9,9.88,9.9,9.9,0
"GGPI","Gores Guggenheim, Inc. Unit - Class A common stock","2021-08-06 09:30:00-04:00",9.899999618530272,9.899999618530272,9.880000114440918,9.890000343322754,9.890000343322754,138672
"GGPI","Gores Guggenheim, Inc. Unit - Class A common stock","2021-08-06 10:30:00-04:00",9.890000343322754,9.90999984741211,9.880000114440918,9.899999618530272,9.899999618530272,47564
"GGPI","Gores Guggenheim, Inc. Unit - Class A common stock","2021-08-06 11:30:00-04:00",9.899999618530272,9.90999984741211,9.896200180053713,9.899999618530272,9.899999618530272,17837
"GGPI","Gores Guggenheim, Inc. Unit - Class A common stock","2021-08-06 12:30:00-04:00",9.899999618530272,9.93000030517578,9.899999618530272,9.925000190734863,9.925000190734863,36862
"GGPI","Gores Guggenheim, Inc. Unit - Class A common stock","2021-08-06 13:30:00-04:00",9.925000190734863,9.93000030517578,9.890000343322754,9.899999618530272,9.899999618530272,33384
"GGPI","Gores Guggenheim, Inc. Unit - Class A common stock","2021-08-06 14:30:00-04:00",9.909899711608888,9.920000076293944,9.895000457763672,9.897000312805176,9.897000312805176,44995
"GGPI","Gores Guggenheim, Inc. Unit - Class A common stock","2021-08-06 15:30:00-04:00",9.890000343322754,9.899999618530272,9.880000114440918,9.880000114440918,9.880000114440918,69984
"GGPI","Gores Guggenheim, Inc. Unit - Class A common stock","2021-08-06 16:00:00-04:00",9.89,9.9,9.88,9.89,9.89,0
"GGPI","Gores Guggenheim, Inc. Unit - Class A common stock","2021-08-06 17:00:00-04:00",9.9,9.92,9.9,9.92,9.92,0
"GGPI","Gores Guggenheim, Inc. Unit - Class A common stock","2021-08-06 18:00:00-04:00",9.88,9.92,9.88,9.9,9.9,0
"GGPI","Gores Guggenheim, Inc. Unit - Class A common stock","2021-08-06 19:00:00-04:00",9.92,9.92,9.92,9.92,9.92,0
"GGPI","Gores Guggenheim, Inc. Unit - Class A common stock","2021-08-09 04:00:00-04:00",9.87,9.89,9.86,9.89,9.89,0
"GGPI","Gores Guggenheim, Inc. Unit - Class A common stock","2021-08-09 06:00:00-04:00",9.87,9.87,9.86,9.86,9.86,0
"GGPI","Gores Guggenheim, Inc. Unit - Class A common stock","2021-08-09 08:00:00-04:00",9.88,9.9,9.88,9.88,9.88,0
"GGPI","Gores Guggenheim, Inc. Unit - Class A common stock","2021-08-09 09:00:00-04:00",9.89,9.93,9.89,9.92,9.92,0
"GGPI","Gores Guggenheim, Inc. Unit - Class A common stock","2021-08-09 09:30:00-04:00",9.890000343322754,9.920000076293944,9.869999885559082,9.90999984741211,9.90999984741211,184920
"GGPI","Gores Guggenheim, Inc. Unit - Class A common stock","2021-08-09 10:30:00-04:00",9.899999618530272,9.920000076293944,9.880000114440918,9.891599655151367,9.891599655151367,248482
"GGPI","Gores Guggenheim, Inc. Unit - Class A common stock","2021-08-09 11:30:00-04:00",9.89009952545166,9.90999984741211,9.890000343322754,9.904999732971191,9.904999732971191,40481
"GGPI","Gores Guggenheim, Inc. Unit - Class A common stock","2021-08-09 12:30:00-04:00",9.904999732971191,9.920000076293944,9.890000343322754,9.914999961853027,9.914999961853027,50871
"GGPI","Gores Guggenheim, Inc. Unit - Class A common stock","2021-08-09 13:30:00-04:00",9.90999984741211,9.920000076293944,9.90999984741211,9.920000076293944,9.920000076293944,81911
"GGPI","Gores Guggenheim, Inc. Unit - Class A common stock","2021-08-09 14:30:00-04:00",9.911100387573242,9.920000076293944,9.895000457763672,9.899999618530272,9.899999618530272,365489
"GGPI","Gores Guggenheim, Inc. Unit - Class A common stock","2021-08-09 15:30:00-04:00",9.890000343322754,9.899999618530272,9.880000114440918,9.890000343322754,9.890000343322754,33534
"GGPI","Gores Guggenheim, Inc. Unit - Class A common stock","2021-08-09 16:00:00-04:00",9.9,9.92,9.89,9.89,9.89,0
"GGPI","Gores Guggenheim, Inc. Unit - Class A common stock","2021-08-09 17:00:00-04:00",9.91,9.92,9.91,9.9101,9.9101,0
"GGPI","Gores Guggenheim, Inc. Unit - Class A common stock","2021-08-09 18:00:00-04:00",9.92,9.92,9.9,9.92,9.92,0
"GGPI","Gores Guggenheim, Inc. Unit - Class A common stock","2021-08-09 19:00:00-04:00",9.92,9.92,9.9,9.9,9.9,0
"GGPI","Gores Guggenheim, Inc. Unit - Class A common stock","2021-08-10 04:00:00-04:00",9.89,9.9,9.87,9.87,9.87,0
"GGPI","Gores Guggenheim, Inc. Unit - Class A common stock","2021-08-10 06:00:00-04:00",9.87,9.89,9.87,9.89,9.89,0
"GGPI","Gores Guggenheim, Inc. Unit - Class A common stock","2021-08-10 07:00:00-04:00",9.89,9.89,9.89,9.89,9.89,0
"GGPI","Gores Guggenheim, Inc. Unit - Class A common stock","2021-08-10 08:00:00-04:00",9.9,9.92,9.88,9.92,9.92,0
"GGPI","Gores Guggenheim, Inc. Unit - Class A common stock","2021-08-10 09:00:00-04:00",9.92,9.92,9.88,9.9001,9.9001,0
"GGPI","Gores Guggenheim, Inc. Unit - Class A common stock","2021-08-10 09:30:00-04:00",9.899999618530272,9.920000076293944,9.889800071716309,9.899999618530272,9.899999618530272,170870
"GGPI","Gores Guggenheim, Inc. Unit - Class A common stock","2021-08-10 10:30:00-04:00",9.89009952545166,9.90999984741211,9.890000343322754,9.899999618530272,9.899999618530272,52310
"GGPI","Gores Guggenheim, Inc. Unit - Class A common stock","2021-08-10 11:30:00-04:00",9.909199714660645,9.90999984741211,9.885000228881836,9.899999618530272,9.899999618530272,60538
"GGPI","Gores Guggenheim, Inc. Unit - Class A common stock","2021-08-10 12:30:00-04:00",9.899999618530272,9.90999984741211,9.890000343322754,9.890000343322754,9.890000343322754,255575
"GGPI","Gores Guggenheim, Inc. Unit - Class A common stock","2021-08-10 13:30:00-04:00",9.899999618530272,9.899999618530272,9.885000228881836,9.899999618530272,9.899999618530272,76752
"GGPI","Gores Guggenheim, Inc. Unit - Class A common stock","2021-08-10 14:30:00-04:00",9.899900436401367,9.90999984741211,9.890000343322754,9.895000457763672,9.895000457763672,291857
"GGPI","Gores Guggenheim, Inc. Unit - Class A common stock","2021-08-10 15:30:00-04:00",9.895000457763672,9.90999984741211,9.84000015258789,9.869999885559082,9.869999885559082,256171
"GGPI","Gores Guggenheim, Inc. Unit - Class A common stock","2021-08-10 16:00:00-04:00",9.88,9.9,9.85,9.9,9.9,0
"GGPI","Gores Guggenheim, Inc. Unit - Class A common stock","2021-08-10 17:00:00-04:00",9.88,9.9,9.86,9.9,9.9,0
"GGPI","Gores Guggenheim, Inc. Unit - Class A common stock","2021-08-10 18:00:00-04:00",9.9,9.9,9.88,9.9,9.9,0
"GGPI","Gores Guggenheim, Inc. Unit - Class A common stock","2021-08-10 19:00:00-04:00",9.88,9.9,9.86,9.9,9.9,0
"GGPI","Gores Guggenheim, Inc. Unit - Class A common stock","2021-08-11 04:00:00-04:00",9.88,9.88,9.88,9.88,9.88,0
"GGPI","Gores Guggenheim, Inc. Unit - Class A common stock","2021-08-11 06:00:00-04:00",9.87,9.88,9.86,9.88,9.88,0
"GGPI","Gores Guggenheim, Inc. Unit - Class A common stock","2021-08-11 07:00:00-04:00",9.88,9.88,9.88,9.88,9.88,0
"GGPI","Gores Guggenheim, Inc. Unit - Class A common stock","2021-08-11 08:00:00-04:00",9.88,9.88,9.88,9.88,9.88,0
"GGPI","Gores Guggenheim, Inc. Unit - Class A common stock","2021-08-11 09:00:00-04:00",9.88,9.9,9.88,9.88,9.88,0
"GGPI","Gores Guggenheim, Inc. Unit - Class A common stock","2021-08-11 09:30:00-04:00",9.86680030822754,9.890000343322754,9.84000015258789,9.869999885559082,9.869999885559082,153341
"GGPI","Gores Guggenheim, Inc. Unit - Class A common stock","2021-08-11 10:30:00-04:00",9.859999656677246,9.880000114440918,9.859999656677246,9.861000061035156,9.861000061035156,153595
"GGPI","Gores Guggenheim, Inc. Unit - Class A common stock","2021-08-11 11:30:00-04:00",9.859999656677246,9.875,9.859999656677246,9.869999885559082,9.869999885559082,407155
"GGPI","Gores Guggenheim, Inc. Unit - Class A common stock","2021-08-11 12:30:00-04:00",9.869999885559082,9.880000114440918,9.854999542236328,9.864999771118164,9.864999771118164,731568
"GGPI","Gores Guggenheim, Inc. Unit - Class A common stock","2021-08-11 13:30:00-04:00",9.869999885559082,9.880000114440918,9.854999542236328,9.860099792480469,9.860099792480469,347430
"GGPI","Gores Guggenheim, Inc. Unit - Class A common stock","2021-08-11 14:30:00-04:00",9.864999771118164,9.869999885559082,9.859999656677246,9.864999771118164,9.864999771118164,102104
"GGPI","Gores Guggenheim, Inc. Unit - Class A common stock","2021-08-11 15:30:00-04:00",9.869999885559082,9.880000114440918,9.850000381469728,9.859999656677246,9.859999656677246,950108
"GGPI","Gores Guggenheim, Inc. Unit - Class A common stock","2021-08-11 16:00:00-04:00",9.86,9.9,9.85,9.9,9.9,0
"GGPI","Gores Guggenheim, Inc. Unit - Class A common stock","2021-08-11 17:00:00-04:00",9.9,9.9,9.86,9.9,9.9,0
"GGPI","Gores Guggenheim, Inc. Unit - Class A common stock","2021-08-11 18:00:00-04:00",9.9,9.9,9.86,9.9,9.9,0
"GGPI","Gores Guggenheim, Inc. Unit - Class A common stock","2021-08-11 19:00:00-04:00",9.88,9.9,9.88,9.9,9.9,0
"GGPI","Gores Guggenheim, Inc. Unit - Class A common stock","2021-08-12 04:00:00-04:00",9.86,9.86,9.86,9.86,9.86,0
"GGPI","Gores Guggenheim, Inc. Unit - Class A common stock","2021-08-12 06:00:00-04:00",9.86,9.9,9.86,9.9,9.9,0
"GGPI","Gores Guggenheim, Inc. Unit - Class A common stock","2021-08-12 07:00:00-04:00",9.9,9.9,9.87,9.89,9.89,0
"GGPI","Gores Guggenheim, Inc. Unit - Class A common stock","2021-08-12 08:00:00-04:00",9.89,9.92,9.89,9.92,9.92,0
"GGPI","Gores Guggenheim, Inc. Unit - Class A common stock","2021-08-12 09:00:00-04:00",9.92,9.92,9.89,9.91,9.91,0
"GGPI","Gores Guggenheim, Inc. Unit - Class A common stock","2021-08-12 09:30:00-04:00",9.899999618530272,9.899999618530272,9.869999885559082,9.87049961090088,9.87049961090088,196884
"GGPI","Gores Guggenheim, Inc. Unit - Class A common stock","2021-08-12 10:30:00-04:00",9.870100021362305,9.889900207519531,9.869999885559082,9.878999710083008,9.878999710083008,77018
"GGPI","Gores Guggenheim, Inc. Unit - Class A common stock","2021-08-12 11:30:00-04:00",9.878499984741213,9.880000114440918,9.869999885559082,9.878999710083008,9.878999710083008,58529
"GGPI","Gores Guggenheim, Inc. Unit - Class A common stock","2021-08-12 12:30:00-04:00",9.880000114440918,9.880000114440918,9.869999885559082,9.880000114440918,9.880000114440918,25320
"GGPI","Gores Guggenheim, Inc. Unit - Class A common stock","2021-08-12 13:30:00-04:00",9.880000114440918,9.880000114440918,9.869999885559082,9.880000114440918,9.880000114440918,72999
"GGPI","Gores Guggenheim, Inc. Unit - Class A common stock","2021-08-12 14:30:00-04:00",9.880000114440918,9.880000114440918,9.859999656677246,9.869999885559082,9.869999885559082,136999
"GGPI","Gores Guggenheim, Inc. Unit - Class A common stock","2021-08-12 15:30:00-04:00",9.869999885559082,9.890000343322754,9.859999656677246,9.878999710083008,9.878999710083008,41257
"GGPI","Gores Guggenheim, Inc. Unit - Class A common stock","2021-08-12 16:00:00-04:00",9.88,9.89,9.86,9.8899,9.8899,0
"GGPI","Gores Guggenheim, Inc. Unit - Class A common stock","2021-08-12 17:00:00-04:00",9.86,9.89,9.86,9.89,9.89,0
"GGPI","Gores Guggenheim, Inc. Unit - Class A common stock","2021-08-12 18:00:00-04:00",9.86,9.89,9.86,9.89,9.89,0
"GGPI","Gores Guggenheim, Inc. Unit - Class A common stock","2021-08-12 19:00:00-04:00",9.87,9.89,9.87,9.89,9.89,0
"GGPI","Gores Guggenheim, Inc. Unit - Class A common stock","2021-08-13 04:00:00-04:00",9.89,9.9,9.89,9.9,9.9,0
"GGPI","Gores Guggenheim, Inc. Unit - Class A common stock","2021-08-13 05:00:00-04:00",9.89,9.9,9.89,9.9,9.9,0
"GGPI","Gores Guggenheim, Inc. Unit - Class A common stock","2021-08-13 06:00:00-04:00",9.9,9.9,9.89,9.89,9.89,0
"GGPI","Gores Guggenheim, Inc. Unit - Class A common stock","2021-08-13 07:00:00-04:00",9.88,9.89,9.86,9.86,9.86,0
"GGPI","Gores Guggenheim, Inc. Unit - Class A common stock","2021-08-13 08:00:00-04:00",9.87,9.9,9.86,9.88,9.88,0
"GGPI","Gores Guggenheim, Inc. Unit - Class A common stock","2021-08-13 09:00:00-04:00",9.89,9.9,9.88,9.89,9.89,0
"GGPI","Gores Guggenheim, Inc. Unit - Class A common stock","2021-08-13 09:30:00-04:00",9.890999794006348,9.899999618530272,9.880000114440918,9.885000228881836,9.885000228881836,190907
"GGPI","Gores Guggenheim, Inc. Unit - Class A common stock","2021-08-13 10:30:00-04:00",9.888799667358398,9.890000343322754,9.880000114440918,9.887999534606934,9.887999534606934,55476
"GGPI","Gores Guggenheim, Inc. Unit - Class A common stock","2021-08-13 11:30:00-04:00",9.885000228881836,9.890000343322754,9.875,9.880000114440918,9.880000114440918,345723
"GGPI","Gores Guggenheim, Inc. Unit - Class A common stock","2021-08-13 12:30:00-04:00",9.880000114440918,9.890000343322754,9.880000114440918,9.880000114440918,9.880000114440918,129273
"GGPI","Gores Guggenheim, Inc. Unit - Class A common stock","2021-08-13 13:30:00-04:00",9.880000114440918,9.885000228881836,9.869999885559082,9.875,9.875,59570
"GGPI","Gores Guggenheim, Inc. Unit - Class A common stock","2021-08-13 14:30:00-04:00",9.869999885559082,9.899999618530272,9.869999885559082,9.899999618530272,9.899999618530272,210847
"GGPI","Gores Guggenheim, Inc. Unit - Class A common stock","2021-08-13 15:30:00-04:00",9.890000343322754,9.90999984741211,9.880000114440918,9.90999984741211,9.90999984741211,121063
"GGPI","Gores Guggenheim, Inc. Unit - Class A common stock","2021-08-13 16:00:00-04:00",9.91,9.91,9.89,9.91,9.91,0
"GGPI","Gores Guggenheim, Inc. Unit - Class A common stock","2021-08-13 17:00:00-04:00",9.91,9.94,9.9,9.94,9.94,0
"GGPI","Gores Guggenheim, Inc. Unit - Class A common stock","2021-08-13 18:00:00-04:00",9.94,9.97,9.93,9.97,9.97,0
"GGPI","Gores Guggenheim, Inc. Unit - Class A common stock","2021-08-13 19:00:00-04:00",9.95,10.02,9.95,10.01,10.01,0
"GGPI","Gores Guggenheim, Inc. Unit - Class A common stock","2021-08-16 04:00:00-04:00",10.05,10.09,9.98,10.0,10.0,0
"GGPI","Gores Guggenheim, Inc. Unit - Class A common stock","2021-08-16 05:00:00-04:00",10.09,10.09,10.0,10.0,10.0,0
"GGPI","Gores Guggenheim, Inc. Unit - Class A common stock","2021-08-16 06:00:00-04:00",10.04,10.1,10.02,10.09,10.09,0
"GGPI","Gores Guggenheim, Inc. Unit - Class A common stock","2021-08-16 07:00:00-04:00",10.09,10.09,9.95,9.96,9.96,0
"GGPI","Gores Guggenheim, Inc. Unit - Class A common stock","2021-08-16 08:00:00-04:00",9.96,10.04,9.91,9.94,9.94,0
"GGPI","Gores Guggenheim, Inc. Unit - Class A common stock","2021-08-16 09:00:00-04:00",9.93,9.94,9.88,9.92,9.92,0
"GGPI","Gores Guggenheim, Inc. Unit - Class A common stock","2021-08-16 09:30:00-04:00",9.90999984741211,9.9399995803833,9.869999885559082,9.890000343322754,9.890000343322754,243152
"GGPI","Gores Guggenheim, Inc. Unit - Class A common stock","2021-08-16 10:30:00-04:00",9.890000343322754,9.899200439453123,9.880000114440918,9.890000343322754,9.890000343322754,84843
"GGPI","Gores Guggenheim, Inc. Unit - Class A common stock","2021-08-16 11:30:00-04:00",9.890000343322754,9.890000343322754,9.84000015258789,9.880000114440918,9.880000114440918,188964
"GGPI","Gores Guggenheim, Inc. Unit - Class A common stock","2021-08-16 12:30:00-04:00",9.880000114440918,9.890000343322754,9.870100021362305,9.871999740600586,9.871999740600586,58321
"GGPI","Gores Guggenheim, Inc. Unit - Class A common stock","2021-08-16 13:30:00-04:00",9.880000114440918,9.890000343322754,9.869999885559082,9.880000114440918,9.880000114440918,75891
"GGPI","Gores Guggenheim, Inc. Unit - Class A common stock","2021-08-16 14:30:00-04:00",9.880000114440918,9.880000114440918,9.859999656677246,9.875,9.875,61152
"GGPI","Gores Guggenheim, Inc. Unit - Class A common stock","2021-08-16 15:30:00-04:00",9.875,9.880000114440918,9.859999656677246,9.859999656677246,9.859999656677246,61521
"GGPI","Gores Guggenheim, Inc. Unit - Class A common stock","2021-08-16 16:00:00-04:00",9.87,9.88,9.87,9.87,9.87,0
"GGPI","Gores Guggenheim, Inc. Unit - Class A common stock","2021-08-16 17:00:00-04:00",9.86,9.87,9.85,9.87,9.87,0
"GGPI","Gores Guggenheim, Inc. Unit - Class A common stock","2021-08-16 18:00:00-04:00",9.8699,9.87,9.86,9.86,9.86,0
"GGPI","Gores Guggenheim, Inc. Unit - Class A common stock","2021-08-16 19:00:00-04:00",9.87,9.88,9.87,9.88,9.88,0
"GGPI","Gores Guggenheim, Inc. Unit - Class A common stock","2021-08-17 04:00:00-04:00",9.89,9.9,9.86,9.86,9.86,0
"GGPI","Gores Guggenheim, Inc. Unit - Class A common stock","2021-08-17 05:00:00-04:00",9.89,9.9,9.84,9.89,9.89,0
"GGPI","Gores Guggenheim, Inc. Unit - Class A common stock","2021-08-17 07:00:00-04:00",9.87,9.91,9.86,9.89,9.89,0
"GGPI","Gores Guggenheim, Inc. Unit - Class A common stock","2021-08-17 08:00:00-04:00",9.89,9.9,9.88,9.9,9.9,0
"GGPI","Gores Guggenheim, Inc. Unit - Class A common stock","2021-08-17 09:00:00-04:00",9.87,9.88,9.86,9.86,9.86,0
"GGPI","Gores Guggenheim, Inc. Unit - Class A common stock","2021-08-17 09:30:00-04:00",9.890000343322754,9.890000343322754,9.854999542236328,9.861200332641602,9.861200332641602,135694
"GGPI","Gores Guggenheim, Inc. Unit - Class A common stock","2021-08-17 10:30:00-04:00",9.86989974975586,9.880000114440918,9.859999656677246,9.875,9.875,50896
"GGPI","Gores Guggenheim, Inc. Unit - Class A common stock","2021-08-17 11:30:00-04:00",9.869999885559082,9.880000114440918,9.869999885559082,9.880000114440918,9.880000114440918,51856
"GGPI","Gores Guggenheim, Inc. Unit - Class A common stock","2021-08-17 12:30:00-04:00",9.880000114440918,9.880000114440918,9.859999656677246,9.869199752807615,9.869199752807615,110436
"GGPI","Gores Guggenheim, Inc. Unit - Class A common stock","2021-08-17 13:30:00-04:00",9.859999656677246,9.880000114440918,9.859999656677246,9.862199783325195,9.862199783325195,76227
"GGPI","Gores Guggenheim, Inc. Unit - Class A common stock","2021-08-17 14:30:00-04:00",9.859999656677246,9.869999885559082,9.84000015258789,9.852800369262695,9.852800369262695,135035
"GGPI","Gores Guggenheim, Inc. Unit - Class A common stock","2021-08-17 15:30:00-04:00",9.859999656677246,9.869999885559082,9.859999656677246,9.869999885559082,9.869999885559082,40149
"GGPI","Gores Guggenheim, Inc. Unit - Class A common stock","2021-08-17 16:00:00-04:00",9.87,9.87,9.85,9.85,9.85,0
"GGPI","Gores Guggenheim, Inc. Unit - Class A common stock","2021-08-17 17:00:00-04:00",9.85,9.85,9.85,9.85,9.85,0
"GGPI","Gores Guggenheim, Inc. Unit - Class A common stock","2021-08-17 19:00:00-04:00",9.87,9.87,9.87,9.87,9.87,0
"GGPI","Gores Guggenheim, Inc. Unit - Class A common stock","2021-08-18 04:00:00-04:00",9.87,9.87,9.81,9.82,9.82,0
"GGPI","Gores Guggenheim, Inc. Unit - Class A common stock","2021-08-18 05:00:00-04:00",9.86,9.87,9.86,9.87,9.87,0
"GGPI","Gores Guggenheim, Inc. Unit - Class A common stock","2021-08-18 06:00:00-04:00",9.88,9.89,9.88,9.89,9.89,0
"GGPI","Gores Guggenheim, Inc. Unit - Class A common stock","2021-08-18 07:00:00-04:00",9.86,9.86,9.84,9.84,9.84,0
"GGPI","Gores Guggenheim, Inc. Unit - Class A common stock","2021-08-18 08:00:00-04:00",9.86,9.86,9.84,9.86,9.86,0
"GGPI","Gores Guggenheim, Inc. Unit - Class A common stock","2021-08-18 09:00:00-04:00",9.84,9.86,9.84,9.85,9.85,0
"GGPI","Gores Guggenheim, Inc. Unit - Class A common stock","2021-08-18 09:30:00-04:00",9.880000114440918,9.880000114440918,9.84000015258789,9.859999656677246,9.859999656677246,129698
"GGPI","Gores Guggenheim, Inc. Unit - Class A common stock","2021-08-18 10:30:00-04:00",9.859999656677246,9.869999885559082,9.850000381469728,9.867899894714355,9.867899894714355,0
"GGPI","Gores Guggenheim, Inc. Unit - Class A common stock","2021-08-18 11:30:00-04:00",9.860899925231934,9.869999885559082,9.85099983215332,9.85099983215332,9.85099983215332,322674
"GGPI","Gores Guggenheim, Inc. Unit - Class A common stock","2021-08-18 12:30:00-04:00",9.85919952392578,9.859999656677246,9.850000381469728,9.859999656677246,9.859999656677246,45426
"GGPI","Gores Guggenheim, Inc. Unit - Class A common stock","2021-08-18 13:30:00-04:00",9.859999656677246,9.859999656677246,9.84000015258789,9.850000381469728,9.850000381469728,128530
"GGPI","Gores Guggenheim, Inc. Unit - Class A common stock","2021-08-18 14:30:00-04:00",9.84000015258789,9.850000381469728,9.81999969482422,9.828399658203123,9.828399658203123,154407
"GGPI","Gores Guggenheim, Inc. Unit - Class A common stock","2021-08-18 15:30:00-04:00",9.824999809265137,9.859999656677246,9.824999809265137,9.850000381469728,9.850000381469728,52317
"GGPI","Gores Guggenheim, Inc. Unit - Class A common stock","2021-08-18 16:00:00-04:00",9.84,9.86,9.84,9.85,9.85,0
"GGPI","Gores Guggenheim, Inc. Unit - Class A common stock","2021-08-18 17:00:00-04:00",9.85,9.86,9.85,9.85,9.85,0
"GGPI","Gores Guggenheim, Inc. Unit - Class A common stock","2021-08-18 18:00:00-04:00",9.85,9.85,9.85,9.85,9.85,0
"GGPI","Gores Guggenheim, Inc. Unit - Class A common stock","2021-08-18 19:00:00-04:00",9.85,9.86,9.85,9.85,9.85,0
"GGPI","Gores Guggenheim, Inc. Unit - Class A common stock","2021-08-19 04:00:00-04:00",9.83,9.83,9.83,9.83,9.83,0
"GGPI","Gores Guggenheim, Inc. Unit - Class A common stock","2021-08-19 05:00:00-04:00",9.83,9.83,9.82,9.82,9.82,0
"GGPI","Gores Guggenheim, Inc. Unit - Class A common stock","2021-08-19 06:00:00-04:00",9.82,9.84,9.82,9.83,9.83,0
"GGPI","Gores Guggenheim, Inc. Unit - Class A common stock","2021-08-19 07:00:00-04:00",9.83,9.84,9.82,9.84,9.84,0
"GGPI","Gores Guggenheim, Inc. Unit - Class A common stock","2021-08-19 08:00:00-04:00",9.84,9.84,9.77,9.79,9.79,0
"GGPI","Gores Guggenheim, Inc. Unit - Class A common stock","2021-08-19 09:00:00-04:00",9.8,9.82,9.8,9.81,9.81,0
"GGPI","Gores Guggenheim, Inc. Unit - Class A common stock","2021-08-19 09:30:00-04:00",9.84000015258789,9.84000015258789,9.81999969482422,9.84000015258789,9.84000015258789,143341
"GGPI","Gores Guggenheim, Inc. Unit - Class A common stock","2021-08-19 10:30:00-04:00",9.839099884033203,9.859999656677246,9.829999923706056,9.840100288391112,9.840100288391112,91411
"GGPI","Gores Guggenheim, Inc. Unit - Class A common stock","2021-08-19 11:30:00-04:00",9.84000015258789,9.850000381469728,9.84000015258789,9.849499702453612,9.849499702453612,48754
"GGPI","Gores Guggenheim, Inc. Unit - Class A common stock","2021-08-19 12:30:00-04:00",9.850000381469728,9.850000381469728,9.829999923706056,9.835000038146973,9.835000038146973,46256
"GGPI","Gores Guggenheim, Inc. Unit - Class A common stock","2021-08-19 13:30:00-04:00",9.84000015258789,9.84000015258789,9.829999923706056,9.84000015258789,9.84000015258789,44891
"GGPI","Gores Guggenheim, Inc. Unit - Class A common stock","2021-08-19 14:30:00-04:00",9.84000015258789,9.84000015258789,9.81999969482422,9.824999809265137,9.824999809265137,90358
"GGPI","Gores Guggenheim, Inc. Unit - Class A common stock","2021-08-19 15:30:00-04:00",9.824999809265137,9.829999923706056,9.81999969482422,9.81999969482422,9.81999969482422,33673
"GGPI","Gores Guggenheim, Inc. Unit - Class A common stock","2021-08-19 16:00:00-04:00",9.83,9.83,9.82,9.83,9.83,0
"GGPI","Gores Guggenheim, Inc. Unit - Class A common stock","2021-08-19 17:00:00-04:00",9.82,9.86,9.82,9.86,9.86,0
"GGPI","Gores Guggenheim, Inc. Unit - Class A common stock","2021-08-19 18:00:00-04:00",9.87,9.87,9.84,9.84,9.84,0
"GGPI","Gores Guggenheim, Inc. Unit - Class A common stock","2021-08-20 04:00:00-04:00",9.82,9.82,9.82,9.82,9.82,0
"GGPI","Gores Guggenheim, Inc. Unit - Class A common stock","2021-08-20 05:00:00-04:00",9.82,9.84,9.78,9.78,9.78,0
"GGPI","Gores Guggenheim, Inc. Unit - Class A common stock","2021-08-20 07:00:00-04:00",9.81,9.81,9.8,9.8,9.8,0
"GGPI","Gores Guggenheim, Inc. Unit - Class A common stock","2021-08-20 08:00:00-04:00",9.8101,9.84,9.8101,9.83,9.83,0
"GGPI","Gores Guggenheim, Inc. Unit - Class A common stock","2021-08-20 09:00:00-04:00",9.8201,9.83,9.81,9.83,9.83,0
"GGPI","Gores Guggenheim, Inc. Unit - Class A common stock","2021-08-20 09:30:00-04:00",9.829999923706056,9.850000381469728,9.8100004196167,9.828200340270996,9.828200340270996,128842
"GGPI","Gores Guggenheim, Inc. Unit - Class A common stock","2021-08-20 10:30:00-04:00",9.829999923706056,9.850000381469728,9.8100004196167,9.850000381469728,9.850000381469728,81309
"GGPI","Gores Guggenheim, Inc. Unit - Class A common stock","2021-08-20 11:30:00-04:00",9.850000381469728,9.850000381469728,9.829999923706056,9.84000015258789,9.84000015258789,43097
"GGPI","Gores Guggenheim, Inc. Unit - Class A common stock","2021-08-20 12:30:00-04:00",9.84000015258789,9.84000015258789,9.81999969482422,9.829999923706056,9.829999923706056,18290
"GGPI","Gores Guggenheim, Inc. Unit - Class A common stock","2021-08-20 13:30:00-04:00",9.828800201416016,9.829999923706056,9.8100004196167,9.819000244140623,9.819000244140623,41577
"GGPI","Gores Guggenheim, Inc. Unit - Class A common stock","2021-08-20 14:30:00-04:00",9.819000244140623,9.829999923706056,9.8100004196167,9.829999923706056,9.829999923706056,72737
"GGPI","Gores Guggenheim, Inc. Unit - Class A common stock","2021-08-20 15:30:00-04:00",9.829999923706056,9.829999923706056,9.8149995803833,9.824999809265137,9.824999809265137,118496
"GGPI","Gores Guggenheim, Inc. Unit - Class A common stock","2021-08-20 16:00:00-04:00",9.82,9.9,9.82,9.84,9.84,0
"GGPI","Gores Guggenheim, Inc. Unit - Class A common stock","2021-08-20 17:00:00-04:00",9.86,9.86,9.84,9.84,9.84,0
"GGPI","Gores Guggenheim, Inc. Unit - Class A common stock","2021-08-20 18:00:00-04:00",9.84,9.84,9.84,9.84,9.84,0
"GGPI","Gores Guggenheim, Inc. Unit - Class A common stock","2021-08-20 19:00:00-04:00",9.86,9.86,9.82,9.82,9.82,0
"GGPI","Gores Guggenheim, Inc. Unit - Class A common stock","2021-08-23 04:00:00-04:00",9.85,9.85,9.82,9.82,9.82,0
"GGPI","Gores Guggenheim, Inc. Unit - Class A common stock","2021-08-23 05:00:00-04:00",9.87,9.87,9.82,9.82,9.82,0
"GGPI","Gores Guggenheim, Inc. Unit - Class A common stock","2021-08-23 06:00:00-04:00",9.82,9.82,9.82,9.82,9.82,0
"GGPI","Gores Guggenheim, Inc. Unit - Class A common stock","2021-08-23 07:00:00-04:00",9.82,9.82,9.81,9.81,9.81,0
"GGPI","Gores Guggenheim, Inc. Unit - Class A common stock","2021-08-23 08:00:00-04:00",9.82,9.84,9.8,9.8,9.8,0
"GGPI","Gores Guggenheim, Inc. Unit - Class A common stock","2021-08-23 09:00:00-04:00",9.8,9.85,9.8,9.8001,9.8001,0
"GGPI","Gores Guggenheim, Inc. Unit - Class A common stock","2021-08-23 09:30:00-04:00",9.81999969482422,9.81999969482422,9.770000457763672,9.800000190734863,9.800000190734863,180487
"GGPI","Gores Guggenheim, Inc. Unit - Class A common stock","2021-08-23 10:30:00-04:00",9.800000190734863,9.8100004196167,9.770000457763672,9.779999732971191,9.779999732971191,154977
"GGPI","Gores Guggenheim, Inc. Unit - Class A common stock","2021-08-23 11:30:00-04:00",9.779999732971191,9.800000190734863,9.770000457763672,9.779999732971191,9.779999732971191,94997
"GGPI","Gores Guggenheim, Inc. Unit - Class A common stock","2021-08-23 12:30:00-04:00",9.770999908447266,9.789999961853027,9.770000457763672,9.789999961853027,9.789999961853027,54766
"GGPI","Gores Guggenheim, Inc. Unit - Class A common stock","2021-08-23 13:30:00-04:00",9.789999961853027,9.789999961853027,9.770000457763672,9.779999732971191,9.779999732971191,256410
"GGPI","Gores Guggenheim, Inc. Unit - Class A common stock","2021-08-23 14:30:00-04:00",9.774999618530272,9.779999732971191,9.729999542236328,9.760000228881836,9.760000228881836,200608
"GGPI","Gores Guggenheim, Inc. Unit - Class A common stock","2021-08-23 15:30:00-04:00",9.760000228881836,9.770000457763672,9.729999542236328,9.729999542236328,9.729999542236328,255236
"GGPI","Gores Guggenheim, Inc. Unit - Class A common stock","2021-08-23 16:00:00-04:00",9.74,9.78,9.72,9.75,9.75,0
"GGPI","Gores Guggenheim, Inc. Unit - Class A common stock","2021-08-23 17:00:00-04:00",9.7499,9.75,9.72,9.75,9.75,0
"GGPI","Gores Guggenheim, Inc. Unit - Class A common stock","2021-08-23 18:00:00-04:00",9.72,9.75,9.72,9.72,9.72,0
"GGPI","Gores Guggenheim, Inc. Unit - Class A common stock","2021-08-23 19:00:00-04:00",9.7499,9.7499,9.7499,9.7499,9.7499,0
"GGPI","Gores Guggenheim, Inc. Unit - Class A common stock","2021-08-24 04:00:00-04:00",9.74,9.74,9.73,9.73,9.73,0
"GGPI","Gores Guggenheim, Inc. Unit - Class A common stock","2021-08-24 05:00:00-04:00",9.74,9.78,9.74,9.78,9.78,0
"GGPI","Gores Guggenheim, Inc. Unit - Class A common stock","2021-08-24 06:00:00-04:00",9.78,9.78,9.77,9.77,9.77,0
"GGPI","Gores Guggenheim, Inc. Unit - Class A common stock","2021-08-24 07:00:00-04:00",9.76,9.76,9.74,9.75,9.75,0
"GGPI","Gores Guggenheim, Inc. Unit - Class A common stock","2021-08-24 08:00:00-04:00",9.77,9.77,9.74,9.74,9.74,0
"GGPI","Gores Guggenheim, Inc. Unit - Class A common stock","2021-08-24 09:00:00-04:00",9.76,9.76,9.74,9.75,9.75,0
"GGPI","Gores Guggenheim, Inc. Unit - Class A common stock","2021-08-24 09:30:00-04:00",9.75,9.764300346374512,9.75,9.75,9.75,87236
"GGPI","Gores Guggenheim, Inc. Unit - Class A common stock","2021-08-24 10:30:00-04:00",9.75,9.770000457763672,9.75,9.760000228881836,9.760000228881836,44723
"GGPI","Gores Guggenheim, Inc. Unit - Class A common stock","2021-08-24 11:30:00-04:00",9.760000228881836,9.770000457763672,9.760000228881836,9.76990032196045,9.76990032196045,13394
"GGPI","Gores Guggenheim, Inc. Unit - Class A common stock","2021-08-24 12:30:00-04:00",9.76990032196045,9.770000457763672,9.760000228881836,9.769200325012209,9.769200325012209,23856
"GGPI","Gores Guggenheim, Inc. Unit - Class A common stock","2021-08-24 13:30:00-04:00",9.765000343322754,9.770000457763672,9.760000228881836,9.76010036468506,9.76010036468506,50500
"GGPI","Gores Guggenheim, Inc. Unit - Class A common stock","2021-08-24 14:30:00-04:00",9.761099815368652,9.770000457763672,9.75,9.760000228881836,9.760000228881836,42623
"GGPI","Gores Guggenheim, Inc. Unit - Class A common stock","2021-08-24 15:30:00-04:00",9.755000114440918,9.760000228881836,9.75,9.75,9.75,61438
"GGPI","Gores Guggenheim, Inc. Unit - Class A common stock","2021-08-24 16:00:00-04:00",9.76,9.76,9.75,9.75,9.75,0
"GGPI","Gores Guggenheim, Inc. Unit - Class A common stock","2021-08-24 17:00:00-04:00",9.75,9.75,9.75,9.75,9.75,0
"GGPI","Gores Guggenheim, Inc. Unit - Class A common stock","2021-08-24 18:00:00-04:00",9.76,9.76,9.75,9.75,9.75,0
"GGPI","Gores Guggenheim, Inc. Unit - Class A common stock","2021-08-24 19:00:00-04:00",9.75,9.76,9.75,9.75,9.75,0
"GGPI","Gores Guggenheim, Inc. Unit - Class A common stock","2021-08-25 04:00:00-04:00",9.75,9.78,9.75,9.78,9.78,0
"GGPI","Gores Guggenheim, Inc. Unit - Class A common stock","2021-08-25 05:00:00-04:00",9.78,9.78,9.75,9.75,9.75,0
"GGPI","Gores Guggenheim, Inc. Unit - Class A common stock","2021-08-25 06:00:00-04:00",9.76,9.77,9.75,9.75,9.75,0
"GGPI","Gores Guggenheim, Inc. Unit - Class A common stock","2021-08-25 07:00:00-04:00",9.77,9.77,9.74,9.74,9.74,0
"GGPI","Gores Guggenheim, Inc. Unit - Class A common stock","2021-08-25 08:00:00-04:00",9.77,9.77,9.75,9.77,9.77,0
"GGPI","Gores Guggenheim, Inc. Unit - Class A common stock","2021-08-25 09:00:00-04:00",9.75,9.77,9.75,9.75,9.75,0
"GGPI","Gores Guggenheim, Inc. Unit - Class A common stock","2021-08-25 09:30:00-04:00",9.760000228881836,9.770000457763672,9.75,9.760000228881836,9.760000228881836,89753
"GGPI","Gores Guggenheim, Inc. Unit - Class A common stock","2021-08-25 10:30:00-04:00",9.75,9.770000457763672,9.75,9.760899543762209,9.760899543762209,14767
"GGPI","Gores Guggenheim, Inc. Unit - Class A common stock","2021-08-25 11:30:00-04:00",9.770000457763672,9.779999732971191,9.760199546813965,9.779999732971191,9.779999732971191,29476
"GGPI","Gores Guggenheim, Inc. Unit - Class A common stock","2021-08-25 12:30:00-04:00",9.779999732971191,9.779999732971191,9.760000228881836,9.774999618530272,9.774999618530272,72303
"GGPI","Gores Guggenheim, Inc. Unit - Class A common stock","2021-08-25 13:30:00-04:00",9.770099639892578,9.779999732971191,9.770000457763672,9.770099639892578,9.770099639892578,13595
"GGPI","Gores Guggenheim, Inc. Unit - Class A common stock","2021-08-25 14:30:00-04:00",9.772000312805176,9.78499984741211,9.770000457763672,9.779999732971191,9.779999732971191,33821
"GGPI","Gores Guggenheim, Inc. Unit - Class A common stock","2021-08-25 15:30:00-04:00",9.788000106811523,9.789999961853027,9.779999732971191,9.789999961853027,9.789999961853027,18467
"GGPI","Gores Guggenheim, Inc. Unit - Class A common stock","2021-08-25 16:00:00-04:00",9.78,9.8,9.78,9.8,9.8,0
"GGPI","Gores Guggenheim, Inc. Unit - Class A common stock","2021-08-25 17:00:00-04:00",9.8,9.8,9.78,9.8,9.8,0
"GGPI","Gores Guggenheim, Inc. Unit - Class A common stock","2021-08-25 18:00:00-04:00",9.77,9.77,9.77,9.77,9.77,0
"GGPI","Gores Guggenheim, Inc. Unit - Class A common stock","2021-08-25 19:00:00-04:00",9.8,9.8,9.7999,9.7999,9.7999,0
"GGPI","Gores Guggenheim, Inc. Unit - Class A common stock","2021-08-26 04:00:00-04:00",9.81,9.81,9.81,9.81,9.81,0
"GGPI","Gores Guggenheim, Inc. Unit - Class A common stock","2021-08-26 05:00:00-04:00",9.8,9.8,9.8,9.8,9.8,0
"GGPI","Gores Guggenheim, Inc. Unit - Class A common stock","2021-08-26 06:00:00-04:00",9.81,9.81,9.81,9.81,9.81,0
"GGPI","Gores Guggenheim, Inc. Unit - Class A common stock","2021-08-26 07:00:00-04:00",9.86,9.86,9.8,9.81,9.81,0
"GGPI","Gores Guggenheim, Inc. Unit - Class A common stock","2021-08-26 08:00:00-04:00",9.81,9.8799,9.8,9.8001,9.8001,0
"GGPI","Gores Guggenheim, Inc. Unit - Class A common stock","2021-08-26 09:00:00-04:00",9.8,9.82,9.79,9.8,9.8,0
"GGPI","Gores Guggenheim, Inc. Unit - Class A common stock","2021-08-26 09:30:00-04:00",9.8100004196167,9.8100004196167,9.770000457763672,9.789999961853027,9.789999961853027,73263
"GGPI","Gores Guggenheim, Inc. Unit - Class A common stock","2021-08-26 10:30:00-04:00",9.78499984741211,9.8100004196167,9.780099868774414,9.8100004196167,9.8100004196167,67987
"GGPI","Gores Guggenheim, Inc. Unit - Class A common stock","2021-08-26 11:30:00-04:00",9.80500030517578,9.8100004196167,9.800000190734863,9.800000190734863,9.800000190734863,33003
"GGPI","Gores Guggenheim, Inc. Unit - Class A common stock","2021-08-26 12:30:00-04:00",9.800100326538086,9.829999923706056,9.800000190734863,9.81999969482422,9.81999969482422,148886
"GGPI","Gores Guggenheim, Inc. Unit - Class A common stock","2021-08-26 13:30:00-04:00",9.81999969482422,9.90999984741211,9.81999969482422,9.851099967956545,9.851099967956545,223735
"GGPI","Gores Guggenheim, Inc. Unit - Class A common stock","2021-08-26 14:30:00-04:00",9.85990047454834,9.859999656677246,9.81999969482422,9.84000015258789,9.84000015258789,100072
"GGPI","Gores Guggenheim, Inc. Unit - Class A common stock","2021-08-26 15:30:00-04:00",9.84000015258789,9.850000381469728,9.829999923706056,9.84000015258789,9.84000015258789,23718
"GGPI","Gores Guggenheim, Inc. Unit - Class A common stock","2021-08-26 16:00:00-04:00",9.85,9.88,9.85,9.86,9.86,0
"GGPI","Gores Guggenheim, Inc. Unit - Class A common stock","2021-08-26 17:00:00-04:00",9.87,9.88,9.8601,9.87,9.87,0
"GGPI","Gores Guggenheim, Inc. Unit - Class A common stock","2021-08-26 18:00:00-04:00",9.86,9.88,9.85,9.88,9.88,0
"GGPI","Gores Guggenheim, Inc. Unit - Class A common stock","2021-08-26 19:00:00-04:00",9.88,9.88,9.85,9.88,9.88,0
"GGPI","Gores Guggenheim, Inc. Unit - Class A common stock","2021-08-27 04:00:00-04:00",9.92,9.92,9.92,9.92,9.92,0
"GGPI","Gores Guggenheim, Inc. Unit - Class A common stock","2021-08-27 05:00:00-04:00",9.92,9.92,9.85,9.85,9.85,0
"GGPI","Gores Guggenheim, Inc. Unit - Class A common stock","2021-08-27 07:00:00-04:00",9.86,9.86,9.86,9.86,9.86,0
"GGPI","Gores Guggenheim, Inc. Unit - Class A common stock","2021-08-27 08:00:00-04:00",9.8599,9.86,9.85,9.85,9.85,0
"GGPI","Gores Guggenheim, Inc. Unit - Class A common stock","2021-08-27 09:00:00-04:00",9.85,9.87,9.85,9.85,9.85,0
"GGPI","Gores Guggenheim, Inc. Unit - Class A common stock","2021-08-27 09:30:00-04:00",9.850000381469728,9.859399795532228,9.81999969482422,9.840700149536133,9.840700149536133,81053
"GGPI","Gores Guggenheim, Inc. Unit - Class A common stock","2021-08-27 10:30:00-04:00",9.850000381469728,9.869999885559082,9.824999809265137,9.86110019683838,9.86110019683838,48220
"GGPI","Gores Guggenheim, Inc. Unit - Class A common stock","2021-08-27 11:30:00-04:00",9.860799789428713,9.869999885559082,9.859999656677246,9.869999885559082,9.869999885559082,52986
"GGPI","Gores Guggenheim, Inc. Unit - Class A common stock","2021-08-27 12:30:00-04:00",9.864999771118164,9.869999885559082,9.850000381469728,9.854999542236328,9.854999542236328,74653
"GGPI","Gores Guggenheim, Inc. Unit - Class A common stock","2021-08-27 13:30:00-04:00",9.859999656677246,9.869999885559082,9.850000381469728,9.869999885559082,9.869999885559082,63960
"GGPI","Gores Guggenheim, Inc. Unit - Class A common stock","2021-08-27 14:30:00-04:00",9.869999885559082,9.875,9.859999656677246,9.86989974975586,9.86989974975586,91128
"GGPI","Gores Guggenheim, Inc. Unit - Class A common stock","2021-08-27 15:30:00-04:00",9.869999885559082,9.880000114440918,9.859999656677246,9.869999885559082,9.869999885559082,79620
"GGPI","Gores Guggenheim, Inc. Unit - Class A common stock","2021-08-27 16:00:00-04:00",9.87,9.9,9.86,9.86,9.86,0
"GGPI","Gores Guggenheim, Inc. Unit - Class A common stock","2021-08-27 17:00:00-04:00",9.87,9.9,9.86,9.86,9.86,0
"GGPI","Gores Guggenheim, Inc. Unit - Class A common stock","2021-08-27 18:00:00-04:00",9.87,9.93,9.87,9.92,9.92,0
"GGPI","Gores Guggenheim, Inc. Unit - Class A common stock","2021-08-27 19:00:00-04:00",9.9,9.93,9.87,9.88,9.88,0
"GGPI","Gores Guggenheim, Inc. Unit - Class A common stock","2021-08-30 04:00:00-04:00",9.86,9.87,9.86,9.87,9.87,0
"GGPI","Gores Guggenheim, Inc. Unit - Class A common stock","2021-08-30 06:00:00-04:00",9.86,9.86,9.8,9.85,9.85,0
"GGPI","Gores Guggenheim, Inc. Unit - Class A common stock","2021-08-30 07:00:00-04:00",9.85,9.92,9.83,9.85,9.85,0
"GGPI","Gores Guggenheim, Inc. Unit - Class A common stock","2021-08-30 08:00:00-04:00",9.84,9.8499,9.83,9.84,9.84,0
"GGPI","Gores Guggenheim, Inc. Unit - Class A common stock","2021-08-30 09:00:00-04:00",9.85,9.85,9.83,9.84,9.84,0
"GGPI","Gores Guggenheim, Inc. Unit - Class A common stock","2021-08-30 09:30:00-04:00",9.850000381469728,9.880000114440918,9.829999923706056,9.83080005645752,9.83080005645752,242370
"GGPI","Gores Guggenheim, Inc. Unit - Class A common stock","2021-08-30 10:30:00-04:00",9.84000015258789,9.850000381469728,9.829999923706056,9.835000038146973,9.835000038146973,81597
"GGPI","Gores Guggenheim, Inc. Unit - Class A common stock","2021-08-30 11:30:00-04:00",9.831000328063965,9.850000381469728,9.829999923706056,9.845000267028809,9.845000267028809,72091
"GGPI","Gores Guggenheim, Inc. Unit - Class A common stock","2021-08-30 12:30:00-04:00",9.845000267028809,9.859999656677246,9.829999923706056,9.850000381469728,9.850000381469728,78349
"GGPI","Gores Guggenheim, Inc. Unit - Class A common stock","2021-08-30 13:30:00-04:00",9.851099967956545,9.859999656677246,9.829999923706056,9.829999923706056,9.829999923706056,61221
"GGPI","Gores Guggenheim, Inc. Unit - Class A common stock","2021-08-30 14:30:00-04:00",9.838800430297852,9.84000015258789,9.829999923706056,9.84000015258789,9.84000015258789,16109
"GGPI","Gores Guggenheim, Inc. Unit - Class A common stock","2021-08-30 15:30:00-04:00",9.83899974822998,9.84000015258789,9.8100004196167,9.8100004196167,9.8100004196167,61778
"GGPI","Gores Guggenheim, Inc. Unit - Class A common stock","2021-08-30 16:00:00-04:00",9.83,9.84,9.82,9.84,9.84,0
"GGPI","Gores Guggenheim, Inc. Unit - Class A common stock","2021-08-30 17:00:00-04:00",9.83,9.85,9.82,9.85,9.85,0
"GGPI","Gores Guggenheim, Inc. Unit - Class A common stock","2021-08-31 18:00:00-04:00",9.82,9.82,9.81,9.81,9.81,0
"GGPI","Gores Guggenheim, Inc. Unit - Class A common stock","2021-09-01 04:00:00-04:00",9.81,9.83,9.81,9.81,9.81,0
"GGPI","Gores Guggenheim, Inc. Unit - Class A common stock","2021-09-01 05:00:00-04:00",9.82,9.82,9.81,9.81,9.81,0
"GGPI","Gores Guggenheim, Inc. Unit - Class A common stock","2021-09-01 06:00:00-04:00",9.82,9.82,9.81,9.81,9.81,0
"GGPI","Gores Guggenheim, Inc. Unit - Class A common stock","2021-09-01 07:00:00-04:00",9.81,9.83,9.81,9.82,9.82,0
"GGPI","Gores Guggenheim, Inc. Unit - Class A common stock","2021-09-01 08:00:00-04:00",9.82,9.8201,9.81,9.81,9.81,0
"GGPI","Gores Guggenheim, Inc. Unit - Class A common stock","2021-09-01 09:00:00-04:00",9.81,9.82,9.75,9.76,9.76,0
"GGPI","Gores Guggenheim, Inc. Unit - Class A common stock","2021-09-01 09:30:00-04:00",9.800000190734863,9.81999969482422,9.760000228881836,9.81999969482422,9.81999969482422,268167
"GGPI","Gores Guggenheim, Inc. Unit - Class A common stock","2021-09-01 10:30:00-04:00",9.81999969482422,9.850000381469728,9.8100004196167,9.829999923706056,9.829999923706056,42783
"GGPI","Gores Guggenheim, Inc. Unit - Class A common stock","2021-09-01 11:30:00-04:00",9.835000038146973,9.850000381469728,9.81999969482422,9.828200340270996,9.828200340270996,31265
"GGPI","Gores Guggenheim, Inc. Unit - Class A common stock","2021-09-01 12:30:00-04:00",9.827899932861328,9.829999923706056,9.81999969482422,9.829999923706056,9.829999923706056,12825
"GGPI","Gores Guggenheim, Inc. Unit - Class A common stock","2021-09-01 13:30:00-04:00",9.824999809265137,9.829999923706056,9.8149995803833,9.81999969482422,9.81999969482422,35191
"GGPI","Gores Guggenheim, Inc. Unit - Class A common stock","2021-09-01 14:30:00-04:00",9.824999809265137,9.850000381469728,9.81999969482422,9.829999923706056,9.829999923706056,93382
"GGPI","Gores Guggenheim, Inc. Unit - Class A common stock","2021-09-01 15:30:00-04:00",9.829999923706056,9.850600242614746,9.829999923706056,9.84000015258789,9.84000015258789,69789
"GGPI","Gores Guggenheim, Inc. Unit - Class A common stock","2021-09-01 16:00:00-04:00",9.85,9.85,9.82,9.82,9.82,0
"GGPI","Gores Guggenheim, Inc. Unit - Class A common stock","2021-09-01 17:00:00-04:00",9.84,9.85,9.8201,9.8201,9.8201,0
"GGPI","Gores Guggenheim, Inc. Unit - Class A common stock","2021-09-01 18:00:00-04:00",9.82,9.85,9.82,9.85,9.85,0
"GGPI","Gores Guggenheim, Inc. Unit - Class A common stock","2021-09-01 19:00:00-04:00",9.85,9.85,9.85,9.85,9.85,0
"GGPI","Gores Guggenheim, Inc. Unit - Class A common stock","2021-09-02 06:00:00-04:00",9.82,9.82,9.82,9.82,9.82,0
"GGPI","Gores Guggenheim, Inc. Unit - Class A common stock","2021-09-02 07:00:00-04:00",9.85,9.86,9.85,9.86,9.86,0
"GGPI","Gores Guggenheim, Inc. Unit - Class A common stock","2021-09-02 08:00:00-04:00",9.86,9.86,9.85,9.85,9.85,0
"GGPI","Gores Guggenheim, Inc. Unit - Class A common stock","2021-09-02 09:00:00-04:00",9.86,9.86,9.82,9.84,9.84,0
"GGPI","Gores Guggenheim, Inc. Unit - Class A common stock","2021-09-02 09:30:00-04:00",9.850000381469728,9.859999656677246,9.81999969482422,9.850199699401855,9.850199699401855,79389
"GGPI","Gores Guggenheim, Inc. Unit - Class A common stock","2021-09-02 10:30:00-04:00",9.850600242614746,9.850600242614746,9.834699630737305,9.843500137329102,9.843500137329102,45567
"GGPI","Gores Guggenheim, Inc. Unit - Class A common stock","2021-09-02 11:30:00-04:00",9.845000267028809,9.850000381469728,9.835000038146973,9.84000015258789,9.84000015258789,23071
"GGPI","Gores Guggenheim, Inc. Unit - Class A common stock","2021-09-02 12:30:00-04:00",9.838700294494627,9.850000381469728,9.829999923706056,9.848999977111816,9.848999977111816,70317
"GGPI","Gores Guggenheim, Inc. Unit - Class A common stock","2021-09-02 13:30:00-04:00",9.84000015258789,9.850000381469728,9.84000015258789,9.850000381469728,9.850000381469728,35251
"GGPI","Gores Guggenheim, Inc. Unit - Class A common stock","2021-09-02 14:30:00-04:00",9.84939956665039,9.864999771118164,9.84000015258789,9.854999542236328,9.854999542236328,64132
"GGPI","Gores Guggenheim, Inc. Unit - Class A common stock","2021-09-02 15:30:00-04:00",9.854999542236328,9.869999885559082,9.850000381469728,9.869999885559082,9.869999885559082,43597
"GGPI","Gores Guggenheim, Inc. Unit - Class A common stock","2021-09-02 16:00:00-04:00",9.87,9.87,9.85,9.87,9.87,0
"GGPI","Gores Guggenheim, Inc. Unit - Class A common stock","2021-09-02 17:00:00-04:00",9.87,9.88,9.85,9.88,9.88,0
"GGPI","Gores Guggenheim, Inc. Unit - Class A common stock","2021-09-02 18:00:00-04:00",9.87,9.8799,9.86,9.8799,9.8799,0
"GGPI","Gores Guggenheim, Inc. Unit - Class A common stock","2021-09-02 19:00:00-04:00",9.88,9.88,9.88,9.88,9.88,0
"GGPI","Gores Guggenheim, Inc. Unit - Class A common stock","2021-09-03 04:00:00-04:00",10.0,10.0,9.87,9.87,9.87,0
"GGPI","Gores Guggenheim, Inc. Unit - Class A common stock","2021-09-03 05:00:00-04:00",9.89,10.08,9.89,9.9,9.9,0
"GGPI","Gores Guggenheim, Inc. Unit - Class A common stock","2021-09-03 07:00:00-04:00",9.9,9.9,9.85,9.86,9.86,0
"GGPI","Gores Guggenheim, Inc. Unit - Class A common stock","2021-09-03 08:00:00-04:00",9.87,9.87,9.85,9.8501,9.8501,0
"GGPI","Gores Guggenheim, Inc. Unit - Class A common stock","2021-09-03 09:00:00-04:00",9.87,9.87,9.85,9.85,9.85,0
"GGPI","Gores Guggenheim, Inc. Unit - Class A common stock","2021-09-03 09:30:00-04:00",9.859999656677246,9.890000343322754,9.850000381469728,9.885000228881836,9.885000228881836,137806
"GGPI","Gores Guggenheim, Inc. Unit - Class A common stock","2021-09-03 10:30:00-04:00",9.880000114440918,9.890000343322754,9.880000114440918,9.883999824523926,9.883999824523926,52006
"GGPI","Gores Guggenheim, Inc. Unit - Class A common stock","2021-09-03 11:30:00-04:00",9.885000228881836,9.890000343322754,9.859999656677246,9.890000343322754,9.890000343322754,106130
"GGPI","Gores Guggenheim, Inc. Unit - Class A common stock","2021-09-03 12:30:00-04:00",9.885000228881836,9.890000343322754,9.869999885559082,9.88889980316162,9.88889980316162,62927
"GGPI","Gores Guggenheim, Inc. Unit - Class A common stock","2021-09-03 13:30:00-04:00",9.889900207519531,9.90999984741211,9.885000228881836,9.904999732971191,9.904999732971191,92586
"GGPI","Gores Guggenheim, Inc. Unit - Class A common stock","2021-09-03 14:30:00-04:00",9.90999984741211,9.920000076293944,9.900099754333496,9.914999961853027,9.914999961853027,70426
"GGPI","Gores Guggenheim, Inc. Unit - Class A common stock","2021-09-03 15:30:00-04:00",9.90999984741211,9.979999542236328,9.90999984741211,9.970000267028809,9.970000267028809,168110
"GGPI","Gores Guggenheim, Inc. Unit - Class A common stock","2021-09-03 16:00:00-04:00",9.96,10.0,9.96,9.99,9.99,0
"GGPI","Gores Guggenheim, Inc. Unit - Class A common stock","2021-09-03 17:00:00-04:00",9.96,9.99,9.96,9.99,9.99,0
"GGPI","Gores Guggenheim, Inc. Unit - Class A common stock","2021-09-03 18:00:00-04:00",9.99,10.0,9.95,9.95,9.95,0
"GGPI","Gores Guggenheim, Inc. Unit - Class A common stock","2021-09-03 19:00:00-04:00",9.96,9.96,9.96,9.96,9.96,0
"GGPI","Gores Guggenheim, Inc. Unit - Class A common stock","2021-09-07 04:00:00-04:00",9.96,9.96,9.94,9.95,9.95,0
"GGPI","Gores Guggenheim, Inc. Unit - Class A common stock","2021-09-07 06:00:00-04:00",9.98,10.0,9.98,10.0,10.0,0
"GGPI","Gores Guggenheim, Inc. Unit - Class A common stock","2021-09-07 07:00:00-04:00",10.0,10.0,9.99,9.99,9.99,0
"GGPI","Gores Guggenheim, Inc. Unit - Class A common stock","2021-09-07 08:00:00-04:00",9.99,10.06,9.99,10.0,10.0,0
"GGPI","Gores Guggenheim, Inc. Unit - Class A common stock","2021-09-07 09:00:00-04:00",10.02,10.04,9.98,9.98,9.98,0
"GGPI","Gores Guggenheim, Inc. Unit - Class A common stock","2021-09-07 09:30:00-04:00",9.979999542236328,10.029999732971191,9.970000267028809,10.010000228881836,10.010000228881836,331330
"GGPI","Gores Guggenheim, Inc. Unit - Class A common stock","2021-09-07 10:30:00-04:00",10.010000228881836,10.01990032196045,9.969900131225586,9.984100341796877,9.984100341796877,212388
"GGPI","Gores Guggenheim, Inc. Unit - Class A common stock","2021-09-07 11:30:00-04:00",9.989999771118164,10.005000114440918,9.979999542236328,10.0,10.0,96250
"GGPI","Gores Guggenheim, Inc. Unit - Class A common stock","2021-09-07 12:30:00-04:00",10.0,10.0,9.970000267028809,9.970000267028809,9.970000267028809,65020
"GGPI","Gores Guggenheim, Inc. Unit - Class A common stock","2021-09-07 13:30:00-04:00",9.979999542236328,9.989999771118164,9.975000381469728,9.989999771118164,9.989999771118164,23618
"GGPI","Gores Guggenheim, Inc. Unit - Class A common stock","2021-09-07 14:30:00-04:00",9.984999656677246,10.0,9.982000350952148,9.994999885559082,9.994999885559082,79011
"GGPI","Gores Guggenheim, Inc. Unit - Class A common stock","2021-09-07 15:30:00-04:00",9.994999885559082,10.001399993896484,9.989999771118164,9.989999771118164,9.989999771118164,67621
"GGPI","Gores Guggenheim, Inc. Unit - Class A common stock","2021-09-07 16:00:00-04:00",10.0,10.02,10.0,10.01,10.01,0
"GGPI","Gores Guggenheim, Inc. Unit - Class A common stock","2021-09-07 17:00:00-04:00",10.01,10.02,10.01,10.02,10.02,0
"GGPI","Gores Guggenheim, Inc. Unit - Class A common stock","2021-09-07 18:00:00-04:00",10.02,10.05,10.02,10.04,10.04,0
"GGPI","Gores Guggenheim, Inc. Unit - Class A common stock","2021-09-07 19:00:00-04:00",10.0399,10.04,10.02,10.02,10.02,0
"GGPI","Gores Guggenheim, Inc. Unit - Class A common stock","2021-09-08 04:00:00-04:00",10.0,10.0,9.91,9.91,9.91,0
"GGPI","Gores Guggenheim, Inc. Unit - Class A common stock","2021-09-08 05:00:00-04:00",10.0,10.0,10.0,10.0,10.0,0
"GGPI","Gores Guggenheim, Inc. Unit - Class A common stock","2021-09-08 06:00:00-04:00",9.98,9.98,9.97,9.97,9.97,0
"GGPI","Gores Guggenheim, Inc. Unit - Class A common stock","2021-09-08 07:00:00-04:00",9.97,10.0,9.97,10.0,10.0,0
"GGPI","Gores Guggenheim, Inc. Unit - Class A common stock","2021-09-08 08:00:00-04:00",10.0,10.0,10.0,10.0,10.0,0
"GGPI","Gores Guggenheim, Inc. Unit - Class A common stock","2021-09-08 09:00:00-04:00",10.0,10.0,9.97,9.97,9.97,0
"GGPI","Gores Guggenheim, Inc. Unit - Class A common stock","2021-09-08 09:30:00-04:00",9.989999771118164,9.989999771118164,9.960000038146973,9.96619987487793,9.96619987487793,138474
"GGPI","Gores Guggenheim, Inc. Unit - Class A common stock","2021-09-08 10:30:00-04:00",9.960000038146973,9.975000381469728,9.960000038146973,9.972000122070312,9.972000122070312,64863
"GGPI","Gores Guggenheim, Inc. Unit - Class A common stock","2021-09-08 11:30:00-04:00",9.975000381469728,9.979999542236328,9.960000038146973,9.970000267028809,9.970000267028809,17625
"GGPI","Gores Guggenheim, Inc. Unit - Class A common stock","2021-09-08 12:30:00-04:00",9.96500015258789,9.975000381469728,9.960000038146973,9.975000381469728,9.975000381469728,20715
"GGPI","Gores Guggenheim, Inc. Unit - Class A common stock","2021-09-08 13:30:00-04:00",9.979999542236328,9.979999542236328,9.970000267028809,9.975000381469728,9.975000381469728,18173
"GGPI","Gores Guggenheim, Inc. Unit - Class A common stock","2021-09-08 14:30:00-04:00",9.973799705505373,9.989999771118164,9.970000267028809,9.984999656677246,9.984999656677246,23604
"GGPI","Gores Guggenheim, Inc. Unit - Class A common stock","2021-09-08 15:30:00-04:00",9.98840045928955,10.0,9.979999542236328,10.0,10.0,50335
"GGPI","Gores Guggenheim, Inc. Unit - Class A common stock","2021-09-08 16:00:00-04:00",9.99,10.0,9.98,9.98,9.98,0
"GGPI","Gores Guggenheim, Inc. Unit - Class A common stock","2021-09-08 18:00:00-04:00",9.98,9.98,9.98,9.98,9.98,0
"GGPI","Gores Guggenheim, Inc. Unit - Class A common stock","2021-09-08 19:00:00-04:00",9.98,9.98,9.98,9.98,9.98,0
"GGPI","Gores Guggenheim, Inc. Unit - Class A common stock","2021-09-09 04:00:00-04:00",10.0,10.0,9.99,9.99,9.99,0
"GGPI","Gores Guggenheim, Inc. Unit - Class A common stock","2021-09-09 05:00:00-04:00",9.96,9.99,9.93,9.93,9.93,0
"GGPI","Gores Guggenheim, Inc. Unit - Class A common stock","2021-09-09 08:00:00-04:00",9.98,9.98,9.95,9.95,9.95,0
"GGPI","Gores Guggenheim, Inc. Unit - Class A common stock","2021-09-09 09:00:00-04:00",9.97,9.98,9.95,9.98,9.98,0
"GGPI","Gores Guggenheim, Inc. Unit - Class A common stock","2021-09-09 09:30:00-04:00",10.0,10.0,9.949999809265137,9.989399909973145,9.989399909973145,97112
"GGPI","Gores Guggenheim, Inc. Unit - Class A common stock","2021-09-09 10:30:00-04:00",9.979999542236328,10.0,9.970999717712402,10.0,10.0,96973
"GGPI","Gores Guggenheim, Inc. Unit - Class A common stock","2021-09-09 11:30:00-04:00",9.999500274658203,10.010000228881836,9.979999542236328,9.99120044708252,9.99120044708252,87325
"GGPI","Gores Guggenheim, Inc. Unit - Class A common stock","2021-09-09 12:30:00-04:00",9.990799903869627,10.005000114440918,9.989999771118164,9.994999885559082,9.994999885559082,66939
"GGPI","Gores Guggenheim, Inc. Unit - Class A common stock","2021-09-09 13:30:00-04:00",9.994999885559082,10.008999824523926,9.989999771118164,10.008999824523926,10.008999824523926,26983
"GGPI","Gores Guggenheim, Inc. Unit - Class A common stock","2021-09-09 14:30:00-04:00",10.009200096130373,10.020000457763672,10.001999855041504,10.015000343322754,10.015000343322754,57385
"GGPI","Gores Guggenheim, Inc. Unit - Class A common stock","2021-09-09 15:30:00-04:00",10.015000343322754,10.020000457763672,9.989999771118164,10.0,10.0,95792
"GGPI","Gores Guggenheim, Inc. Unit - Class A common stock","2021-09-09 16:00:00-04:00",10.0,10.0,10.0,10.0,10.0,0
"GGPI","Gores Guggenheim, Inc. Unit - Class A common stock","2021-09-09 17:00:00-04:00",10.0,10.0001,10.0,10.0001,10.0001,0
"GGPI","Gores Guggenheim, Inc. Unit - Class A common stock","2021-09-09 19:00:00-04:00",10.02,10.02,9.98,9.98,9.98,0
"GGPI","Gores Guggenheim, Inc. Unit - Class A common stock","2021-09-10 04:00:00-04:00",10.05,10.05,10.05,10.05,10.05,0
"GGPI","Gores Guggenheim, Inc. Unit - Class A common stock","2021-09-10 05:00:00-04:00",10.0,10.08,10.0,10.02,10.02,0
"GGPI","Gores Guggenheim, Inc. Unit - Class A common stock","2021-09-10 06:00:00-04:00",10.05,10.09,10.0,10.0,10.0,0
"GGPI","Gores Guggenheim, Inc. Unit - Class A common stock","2021-09-10 08:00:00-04:00",10.0001,10.07,10.0001,10.07,10.07,0
"GGPI","Gores Guggenheim, Inc. Unit - Class A common stock","2021-09-10 09:00:00-04:00",10.03,10.03,10.0,10.0,10.0,0
"GGPI","Gores Guggenheim, Inc. Unit - Class A common stock","2021-09-10 09:30:00-04:00",9.949999809265137,10.020000457763672,9.949999809265137,9.984999656677246,9.984999656677246,120868
"GGPI","Gores Guggenheim, Inc. Unit - Class A common stock","2021-09-10 10:30:00-04:00",9.984999656677246,10.0,9.979999542236328,9.994999885559082,9.994999885559082,16545
"GGPI","Gores Guggenheim, Inc. Unit - Class A common stock","2021-09-10 11:30:00-04:00",9.989999771118164,10.0,9.989999771118164,10.0,10.0,14119
"GGPI","Gores Guggenheim, Inc. Unit - Class A common stock","2021-09-10 12:30:00-04:00",9.989999771118164,10.0,9.989999771118164,10.0,10.0,45811
"GGPI","Gores Guggenheim, Inc. Unit - Class A common stock","2021-09-10 13:30:00-04:00",9.991900444030762,10.0,9.989999771118164,9.989999771118164,9.989999771118164,37869
"GGPI","Gores Guggenheim, Inc. Unit - Class A common stock","2021-09-10 14:30:00-04:00",10.0,10.0,9.989999771118164,9.989999771118164,9.989999771118164,25848
"GGPI","Gores Guggenheim, Inc. Unit - Class A common stock","2021-09-10 15:30:00-04:00",9.989999771118164,10.0,9.989999771118164,10.0,10.0,48886
"GGPI","Gores Guggenheim, Inc. Unit - Class A common stock","2021-09-10 16:00:00-04:00",10.0,10.0,9.99,10.0,10.0,0
"GGPI","Gores Guggenheim, Inc. Unit - Class A common stock","2021-09-10 17:00:00-04:00",10.01,10.02,10.0099,10.02,10.02,0
"GGPI","Gores Guggenheim, Inc. Unit - Class A common stock","2021-09-10 18:00:00-04:00",10.0,10.02,10.0,10.0,10.0,0
"GGPI","Gores Guggenheim, Inc. Unit - Class A common stock","2021-09-10 19:00:00-04:00",10.0,10.02,10.0,10.02,10.02,0
"GGPI","Gores Guggenheim, Inc. Unit - Class A common stock","2021-09-13 04:00:00-04:00",10.01,10.07,10.01,10.07,10.07,0
"GGPI","Gores Guggenheim, Inc. Unit - Class A common stock","2021-09-13 07:00:00-04:00",10.03,10.03,10.03,10.03,10.03,0
"GGPI","Gores Guggenheim, Inc. Unit - Class A common stock","2021-09-13 08:00:00-04:00",10.02,10.02,10.01,10.01,10.01,0
"GGPI","Gores Guggenheim, Inc. Unit - Class A common stock","2021-09-13 09:00:00-04:00",10.01,10.05,9.98,10.02,10.02,0
"GGPI","Gores Guggenheim, Inc. Unit - Class A common stock","2021-09-13 09:30:00-04:00",10.029999732971191,10.029999732971191,9.949999809265137,9.975000381469728,9.975000381469728,141165
"GGPI","Gores Guggenheim, Inc. Unit - Class A common stock","2021-09-13 10:30:00-04:00",9.975000381469728,10.01010036468506,9.970999717712402,9.989999771118164,9.989999771118164,139556
"GGPI","Gores Guggenheim, Inc. Unit - Class A common stock","2021-09-13 11:30:00-04:00",10.0,10.0,9.989999771118164,9.994999885559082,9.994999885559082,43952
"GGPI","Gores Guggenheim, Inc. Unit - Class A common stock","2021-09-13 12:30:00-04:00",9.994999885559082,10.0,9.989999771118164,10.0,10.0,51932
"GGPI","Gores Guggenheim, Inc. Unit - Class A common stock","2021-09-13 13:30:00-04:00",10.0,10.0,9.989999771118164,9.991000175476074,9.991000175476074,22388
"GGPI","Gores Guggenheim, Inc. Unit - Class A common stock","2021-09-13 14:30:00-04:00",10.0,10.0,9.989999771118164,9.989999771118164,9.989999771118164,25185
"GGPI","Gores Guggenheim, Inc. Unit - Class A common stock","2021-09-13 15:30:00-04:00",9.989999771118164,10.0,9.979999542236328,10.0,10.0,73795
"GGPI","Gores Guggenheim, Inc. Unit - Class A common stock","2021-09-13 16:00:00-04:00",9.99,9.99,9.95,9.95,9.95,0
"GGPI","Gores Guggenheim, Inc. Unit - Class A common stock","2021-09-13 17:00:00-04:00",9.98,9.98,9.98,9.98,9.98,0
"GGPI","Gores Guggenheim, Inc. Unit - Class A common stock","2021-09-13 18:00:00-04:00",9.99,9.99,9.99,9.99,9.99,0
"GGPI","Gores Guggenheim, Inc. Unit - Class A common stock","2021-09-14 04:00:00-04:00",9.96,9.96,9.96,9.96,9.96,0
"GGPI","Gores Guggenheim, Inc. Unit - Class A common stock","2021-09-14 07:00:00-04:00",9.99,10.05,9.99,10.03,10.03,0
"GGPI","Gores Guggenheim, Inc. Unit - Class A common stock","2021-09-14 08:00:00-04:00",9.99,10.03,9.97,9.98,9.98,0
"GGPI","Gores Guggenheim, Inc. Unit - Class A common stock","2021-09-14 09:30:00-04:00",9.979999542236328,9.979999542236328,9.950900077819824,9.970000267028809,9.970000267028809,95237
"GGPI","Gores Guggenheim, Inc. Unit - Class A common stock","2021-09-14 10:30:00-04:00",9.960100173950195,9.970000267028809,9.949999809265137,9.954999923706056,9.954999923706056,47368
"GGPI","Gores Guggenheim, Inc. Unit - Class A common stock","2021-09-14 11:30:00-04:00",9.960000038146973,9.960000038146973,9.93000030517578,9.9399995803833,9.9399995803833,63024
"GGPI","Gores Guggenheim, Inc. Unit - Class A common stock","2021-09-14 12:30:00-04:00",9.9399995803833,9.940500259399414,9.899999618530272,9.908499717712402,9.908499717712402,73619
"GGPI","Gores Guggenheim, Inc. Unit - Class A common stock","2021-09-14 13:30:00-04:00",9.904999732971191,9.90999984741211,9.880000114440918,9.888999938964844,9.888999938964844,90900
"GGPI","Gores Guggenheim, Inc. Unit - Class A common stock","2021-09-14 14:30:00-04:00",9.880000114440918,9.899999618530272,9.880000114440918,9.890000343322754,9.890000343322754,57655
"GGPI","Gores Guggenheim, Inc. Unit - Class A common stock","2021-09-14 15:30:00-04:00",9.885000228881836,9.890000343322754,9.859999656677246,9.869999885559082,9.869999885559082,56966
"GGPI","Gores Guggenheim, Inc. Unit - Class A common stock","2021-09-14 16:00:00-04:00",9.87,9.9,9.86,9.88,9.88,0
"GGPI","Gores Guggenheim, Inc. Unit - Class A common stock","2021-09-14 17:00:00-04:00",9.87,9.9,9.87,9.87,9.87,0
"GGPI","Gores Guggenheim, Inc. Unit - Class A common stock","2021-09-14 18:00:00-04:00",9.87,9.89,9.87,9.89,9.89,0
"GGPI","Gores Guggenheim, Inc. Unit - Class A common stock","2021-09-14 19:00:00-04:00",9.89,9.89,9.89,9.89,9.89,0
"GGPI","Gores Guggenheim, Inc. Unit - Class A common stock","2021-09-15 04:00:00-04:00",9.87,9.87,9.87,9.87,9.87,0
"GGPI","Gores Guggenheim, Inc. Unit - Class A common stock","2021-09-15 07:00:00-04:00",9.88,9.88,9.88,9.88,9.88,0
"GGPI","Gores Guggenheim, Inc. Unit - Class A common stock","2021-09-15 08:00:00-04:00",9.89,9.9,9.88,9.88,9.88,0
"GGPI","Gores Guggenheim, Inc. Unit - Class A common stock","2021-09-15 09:30:00-04:00",9.880000114440918,9.899999618530272,9.869999885559082,9.890000343322754,9.890000343322754,86528
"GGPI","Gores Guggenheim, Inc. Unit - Class A common stock","2021-09-15 10:30:00-04:00",9.890000343322754,9.925000190734863,9.890000343322754,9.910099983215332,9.910099983215332,72556
"GGPI","Gores Guggenheim, Inc. Unit - Class A common stock","2021-09-15 11:30:00-04:00",9.91819953918457,9.920000076293944,9.899999618530272,9.908300399780272,9.908300399780272,57849
"GGPI","Gores Guggenheim, Inc. Unit - Class A common stock","2021-09-15 12:30:00-04:00",9.904999732971191,9.904999732971191,9.890000343322754,9.899999618530272,9.899999618530272,304867
"GGPI","Gores Guggenheim, Inc. Unit - Class A common stock","2021-09-15 13:30:00-04:00",9.892600059509276,9.90999984741211,9.890000343322754,9.90999984741211,9.90999984741211,115245
"GGPI","Gores Guggenheim, Inc. Unit - Class A common stock","2021-09-15 14:30:00-04:00",9.899999618530272,9.920000076293944,9.899999618530272,9.914999961853027,9.914999961853027,22893
"GGPI","Gores Guggenheim, Inc. Unit - Class A common stock","2021-09-15 15:30:00-04:00",9.90999984741211,9.920000076293944,9.899999618530272,9.920000076293944,9.920000076293944,84260
"GGPI","Gores Guggenheim, Inc. Unit - Class A common stock","2021-09-15 16:00:00-04:00",9.92,9.93,9.92,9.93,9.93,0
"GGPI","Gores Guggenheim, Inc. Unit - Class A common stock","2021-09-15 17:00:00-04:00",9.95,9.95,9.92,9.92,9.92,0
"GGPI","Gores Guggenheim, Inc. Unit - Class A common stock","2021-09-15 18:00:00-04:00",9.9599,9.9599,9.95,9.95,9.95,0
"GGPI","Gores Guggenheim, Inc. Unit - Class A common stock","2021-09-15 19:00:00-04:00",9.96,9.96,9.96,9.96,9.96,0
"GGPI","Gores Guggenheim, Inc. Unit - Class A common stock","2021-09-16 05:00:00-04:00",9.95,9.95,9.95,9.95,9.95,0
"GGPI","Gores Guggenheim, Inc. Unit - Class A common stock","2021-09-16 07:00:00-04:00",9.92,9.92,9.91,9.92,9.92,0
"GGPI","Gores Guggenheim, Inc. Unit - Class A common stock","2021-09-16 09:00:00-04:00",9.9,9.92,9.9,9.92,9.92,0
"GGPI","Gores Guggenheim, Inc. Unit - Class A common stock","2021-09-16 09:30:00-04:00",9.920000076293944,9.960000038146973,9.90999984741211,9.9399995803833,9.9399995803833,96645
"GGPI","Gores Guggenheim, Inc. Unit - Class A common stock","2021-09-16 10:30:00-04:00",9.9399995803833,9.949999809265137,9.920000076293944,9.931699752807615,9.931699752807615,38730
"GGPI","Gores Guggenheim, Inc. Unit - Class A common stock","2021-09-16 11:30:00-04:00",9.933300018310549,9.960000038146973,9.920000076293944,9.9399995803833,9.9399995803833,101382
"GGPI","Gores Guggenheim, Inc. Unit - Class A common stock","2021-09-16 12:30:00-04:00",9.9399995803833,9.9399995803833,9.93000030517578,9.937600135803224,9.937600135803224,27844
"GGPI","Gores Guggenheim, Inc. Unit - Class A common stock","2021-09-16 13:30:00-04:00",9.931599617004396,9.9399995803833,9.93000030517578,9.9350004196167,9.9350004196167,36020
"GGPI","Gores Guggenheim, Inc. Unit - Class A common stock","2021-09-16 14:30:00-04:00",9.931599617004396,9.9399995803833,9.93000030517578,9.9399995803833,9.9399995803833,63506
"GGPI","Gores Guggenheim, Inc. Unit - Class A common stock","2021-09-16 15:30:00-04:00",9.9350004196167,9.960000038146973,9.93000030517578,9.93000030517578,9.93000030517578,65900
"GGPI","Gores Guggenheim, Inc. Unit - Class A common stock","2021-09-16 16:00:00-04:00",9.94,9.96,9.94,9.96,9.96,0
"GGPI","Gores Guggenheim, Inc. Unit - Class A common stock","2021-09-16 17:00:00-04:00",9.95,9.96,9.94,9.94,9.94,0
"GGPI","Gores Guggenheim, Inc. Unit - Class A common stock","2021-09-16 18:00:00-04:00",9.94,9.94,9.91,9.91,9.91,0
"GGPI","Gores Guggenheim, Inc. Unit - Class A common stock","2021-09-17 04:00:00-04:00",9.91,9.94,9.91,9.94,9.94,0
"GGPI","Gores Guggenheim, Inc. Unit - Class A common stock","2021-09-17 06:00:00-04:00",9.91,9.91,9.91,9.91,9.91,0
"GGPI","Gores Guggenheim, Inc. Unit - Class A common stock","2021-09-17 07:00:00-04:00",9.93,9.93,9.93,9.93,9.93,0
"GGPI","Gores Guggenheim, Inc. Unit - Class A common stock","2021-09-17 08:00:00-04:00",9.92,9.94,9.92,9.92,9.92,0
"GGPI","Gores Guggenheim, Inc. Unit - Class A common stock","2021-09-17 09:00:00-04:00",9.92,9.92,9.92,9.92,9.92,0
"GGPI","Gores Guggenheim, Inc. Unit - Class A common stock","2021-09-17 09:30:00-04:00",9.920000076293944,9.9399995803833,9.90999984741211,9.93000030517578,9.93000030517578,158892
"GGPI","Gores Guggenheim, Inc. Unit - Class A common stock","2021-09-17 10:30:00-04:00",9.938400268554688,9.9399995803833,9.93000030517578,9.93000030517578,9.93000030517578,23571
"GGPI","Gores Guggenheim, Inc. Unit - Class A common stock","2021-09-17 11:30:00-04:00",9.93000030517578,9.9399995803833,9.93000030517578,9.939200401306152,9.939200401306152,35173
"GGPI","Gores Guggenheim, Inc. Unit - Class A common stock","2021-09-17 12:30:00-04:00",9.93970012664795,9.9399995803833,9.920000076293944,9.920000076293944,9.920000076293944,160671
"GGPI","Gores Guggenheim, Inc. Unit - Class A common stock","2021-09-17 13:30:00-04:00",9.93000030517578,9.9399995803833,9.920000076293944,9.925000190734863,9.925000190734863,63827
"GGPI","Gores Guggenheim, Inc. Unit - Class A common stock","2021-09-17 14:30:00-04:00",9.925000190734863,9.960000038146973,9.920000076293944,9.954999923706056,9.954999923706056,110971
"GGPI","Gores Guggenheim, Inc. Unit - Class A common stock","2021-09-17 15:30:00-04:00",9.954999923706056,9.989999771118164,9.949999809265137,9.979999542236328,9.979999542236328,152494
"GGPI","Gores Guggenheim, Inc. Unit - Class A common stock","2021-09-17 16:00:00-04:00",9.97,9.99,9.92,9.99,9.99,0
"GGPI","Gores Guggenheim, Inc. Unit - Class A common stock","2021-09-17 17:00:00-04:00",9.99,9.99,9.99,9.99,9.99,0
"GGPI","Gores Guggenheim, Inc. Unit - Class A common stock","2021-09-17 18:00:00-04:00",9.99,9.99,9.99,9.99,9.99,0
"GGPI","Gores Guggenheim, Inc. Unit - Class A common stock","2021-09-17 19:00:00-04:00",9.99,9.99,9.99,9.99,9.99,0
"GGPI","Gores Guggenheim, Inc. Unit - Class A common stock","2021-09-20 04:00:00-04:00",9.91,9.92,9.91,9.91,9.91,0
"GGPI","Gores Guggenheim, Inc. Unit - Class A common stock","2021-09-20 05:00:00-04:00",9.89,9.9,9.88,9.9,9.9,0
"GGPI","Gores Guggenheim, Inc. Unit - Class A common stock","2021-09-20 06:00:00-04:00",9.89,9.89,9.87,9.87,9.87,0
"GGPI","Gores Guggenheim, Inc. Unit - Class A common stock","2021-09-20 07:00:00-04:00",9.92,9.93,9.87,9.93,9.93,0
"GGPI","Gores Guggenheim, Inc. Unit - Class A common stock","2021-09-20 08:00:00-04:00",9.88,9.92,9.82,9.85,9.85,0
"GGPI","Gores Guggenheim, Inc. Unit - Class A common stock","2021-09-20 09:00:00-04:00",9.86,9.88,9.83,9.87,9.87,0
"GGPI","Gores Guggenheim, Inc. Unit - Class A common stock","2021-09-20 09:30:00-04:00",9.880000114440918,9.9399995803833,9.880000114440918,9.920000076293944,9.920000076293944,212933
"GGPI","Gores Guggenheim, Inc. Unit - Class A common stock","2021-09-20 10:30:00-04:00",9.93000030517578,9.95989990234375,9.920000076293944,9.95009994506836,9.95009994506836,149311
"GGPI","Gores Guggenheim, Inc. Unit - Class A common stock","2021-09-20 11:30:00-04:00",9.949999809265137,9.960000038146973,9.920000076293944,9.9399995803833,9.9399995803833,94071
"GGPI","Gores Guggenheim, Inc. Unit - Class A common stock","2021-09-20 12:30:00-04:00",9.93000030517578,9.9350004196167,9.890000343322754,9.90149974822998,9.90149974822998,37607
"GGPI","Gores Guggenheim, Inc. Unit - Class A common stock","2021-09-20 13:30:00-04:00",9.899999618530272,9.9399995803833,9.890000343322754,9.914999961853027,9.914999961853027,41784
"GGPI","Gores Guggenheim, Inc. Unit - Class A common stock","2021-09-20 14:30:00-04:00",9.914999961853027,9.93000030517578,9.890000343322754,9.899999618530272,9.899999618530272,17193
"GGPI","Gores Guggenheim, Inc. Unit - Class A common stock","2021-09-20 15:30:00-04:00",9.90999984741211,9.9399995803833,9.899999618530272,9.9399995803833,9.9399995803833,31865
"GGPI","Gores Guggenheim, Inc. Unit - Class A common stock","2021-09-20 16:00:00-04:00",9.93,9.93,9.91,9.93,9.93,0
"GGPI","Gores Guggenheim, Inc. Unit - Class A common stock","2021-09-20 17:00:00-04:00",9.93,9.93,9.93,9.93,9.93,0
"GGPI","Gores Guggenheim, Inc. Unit - Class A common stock","2021-09-20 18:00:00-04:00",9.9,9.9,9.9,9.9,9.9,0
"GGPI","Gores Guggenheim, Inc. Unit - Class A common stock","2021-09-20 19:00:00-04:00",9.9,9.9,9.88,9.88,9.88,0
"GGPI","Gores Guggenheim, Inc. Unit - Class A common stock","2021-09-21 04:00:00-04:00",9.86,9.87,9.86,9.87,9.87,0
"GGPI","Gores Guggenheim, Inc. Unit - Class A common stock","2021-09-21 06:00:00-04:00",9.93,9.93,9.93,9.93,9.93,0
"GGPI","Gores Guggenheim, Inc. Unit - Class A common stock","2021-09-21 09:00:00-04:00",9.93,9.93,9.88,9.93,9.93,0
"GGPI","Gores Guggenheim, Inc. Unit - Class A common stock","2021-09-21 09:30:00-04:00",9.949999809265137,9.949999809265137,9.90999984741211,9.911800384521484,9.911800384521484,24611
"GGPI","Gores Guggenheim, Inc. Unit - Class A common stock","2021-09-21 10:30:00-04:00",9.90999984741211,9.920000076293944,9.899999618530272,9.910099983215332,9.910099983215332,113209
"GGPI","Gores Guggenheim, Inc. Unit - Class A common stock","2021-09-21 11:30:00-04:00",9.90999984741211,9.9399995803833,9.90999984741211,9.930100440979004,9.930100440979004,89276
"GGPI","Gores Guggenheim, Inc. Unit - Class A common stock","2021-09-21 12:30:00-04:00",9.939900398254396,9.949999809265137,9.920000076293944,9.93000030517578,9.93000030517578,86540
"GGPI","Gores Guggenheim, Inc. Unit - Class A common stock","2021-09-21 13:30:00-04:00",9.93000030517578,9.93000030517578,9.920000076293944,9.928999900817873,9.928999900817873,12651
"GGPI","Gores Guggenheim, Inc. Unit - Class A common stock","2021-09-21 14:30:00-04:00",9.93000030517578,9.949999809265137,9.920000076293944,9.9399995803833,9.9399995803833,80242
"GGPI","Gores Guggenheim, Inc. Unit - Class A common stock","2021-09-21 15:30:00-04:00",9.94499969482422,9.949999809265137,9.920000076293944,9.920000076293944,9.920000076293944,81179
"GGPI","Gores Guggenheim, Inc. Unit - Class A common stock","2021-09-21 16:00:00-04:00",9.94,9.97,9.92,9.97,9.97,0
"GGPI","Gores Guggenheim, Inc. Unit - Class A common stock","2021-09-21 17:00:00-04:00",9.94,9.945,9.93,9.94,9.94,0
"GGPI","Gores Guggenheim, Inc. Unit - Class A common stock","2021-09-21 19:00:00-04:00",9.95,9.95,9.92,9.92,9.92,0
"GGPI","Gores Guggenheim, Inc. Unit - Class A common stock","2021-09-22 04:00:00-04:00",9.93,9.93,9.93,9.93,9.93,0
"GGPI","Gores Guggenheim, Inc. Unit - Class A common stock","2021-09-22 06:00:00-04:00",9.94,9.94,9.93,9.93,9.93,0
"GGPI","Gores Guggenheim, Inc. Unit - Class A common stock","2021-09-22 07:00:00-04:00",9.99,9.99,9.91,9.91,9.91,0
"GGPI","Gores Guggenheim, Inc. Unit - Class A common stock","2021-09-22 08:00:00-04:00",9.97,9.9799,9.97,9.9799,9.9799,0
"GGPI","Gores Guggenheim, Inc. Unit - Class A common stock","2021-09-22 09:00:00-04:00",9.9799,9.9799,9.95,9.96,9.96,0
"GGPI","Gores Guggenheim, Inc. Unit - Class A common stock","2021-09-22 09:30:00-04:00",9.949999809265137,9.960000038146973,9.93000030517578,9.938199996948242,9.938199996948242,82958
"GGPI","Gores Guggenheim, Inc. Unit - Class A common stock","2021-09-22 10:30:00-04:00",9.936699867248535,9.936699867248535,9.899999618530272,9.920000076293944,9.920000076293944,187593
"GGPI","Gores Guggenheim, Inc. Unit - Class A common stock","2021-09-22 11:30:00-04:00",9.92990016937256,9.939200401306152,9.920000076293944,9.925000190734863,9.925000190734863,28770
"GGPI","Gores Guggenheim, Inc. Unit - Class A common stock","2021-09-22 12:30:00-04:00",9.920000076293944,9.920499801635742,9.90999984741211,9.910099983215332,9.910099983215332,37749
"GGPI","Gores Guggenheim, Inc. Unit - Class A common stock","2021-09-22 13:30:00-04:00",9.920000076293944,9.93000030517578,9.900099754333496,9.914999961853027,9.914999961853027,68522
"GGPI","Gores Guggenheim, Inc. Unit - Class A common stock","2021-09-22 14:30:00-04:00",9.920000076293944,9.9399995803833,9.920000076293944,9.923999786376951,9.923999786376951,35553
"GGPI","Gores Guggenheim, Inc. Unit - Class A common stock","2021-09-22 15:30:00-04:00",9.928999900817873,9.970000267028809,9.920000076293944,9.9399995803833,9.9399995803833,105354
"GGPI","Gores Guggenheim, Inc. Unit - Class A common stock","2021-09-22 16:00:00-04:00",9.95,9.95,9.95,9.95,9.95,0
"GGPI","Gores Guggenheim, Inc. Unit - Class A common stock","2021-09-22 17:00:00-04:00",9.92,9.95,9.92,9.95,9.95,0
"GGPI","Gores Guggenheim, Inc. Unit - Class A common stock","2021-09-22 18:00:00-04:00",9.95,9.95,9.95,9.95,9.95,0
"GGPI","Gores Guggenheim, Inc. Unit - Class A common stock","2021-09-22 19:00:00-04:00",9.95,9.97,9.95,9.97,9.97,0
"GGPI","Gores Guggenheim, Inc. Unit - Class A common stock","2021-09-23 06:00:00-04:00",9.95,9.95,9.94,9.94,9.94,0
"GGPI","Gores Guggenheim, Inc. Unit - Class A common stock","2021-09-23 07:00:00-04:00",9.95,9.95,9.9,9.91,9.91,0
"GGPI","Gores Guggenheim, Inc. Unit - Class A common stock","2021-09-23 08:00:00-04:00",9.89,9.93,9.88,9.93,9.93,0
"GGPI","Gores Guggenheim, Inc. Unit - Class A common stock","2021-09-23 09:00:00-04:00",9.93,9.95,9.91,9.94,9.94,0
"GGPI","Gores Guggenheim, Inc. Unit - Class A common stock","2021-09-23 09:30:00-04:00",9.920000076293944,9.960000038146973,9.920000076293944,9.9399995803833,9.9399995803833,91624
"GGPI","Gores Guggenheim, Inc. Unit - Class A common stock","2021-09-23 10:30:00-04:00",9.9399995803833,9.949999809265137,9.9399995803833,9.940099716186523,9.940099716186523,20185
"GGPI","Gores Guggenheim, Inc. Unit - Class A common stock","2021-09-23 11:30:00-04:00",9.947500228881836,9.970000267028809,9.9399995803833,9.970000267028809,9.970000267028809,57015
"GGPI","Gores Guggenheim, Inc. Unit - Class A common stock","2021-09-23 12:30:00-04:00",9.970000267028809,9.970000267028809,9.949999809265137,9.950200080871582,9.950200080871582,39273
"GGPI","Gores Guggenheim, Inc. Unit - Class A common stock","2021-09-23 13:30:00-04:00",9.949999809265137,9.960000038146973,9.94499969482422,9.949999809265137,9.949999809265137,56570
"GGPI","Gores Guggenheim, Inc. Unit - Class A common stock","2021-09-23 14:30:00-04:00",9.949999809265137,9.960000038146973,9.9399995803833,9.949999809265137,9.949999809265137,34539
"GGPI","Gores Guggenheim, Inc. Unit - Class A common stock","2021-09-23 15:30:00-04:00",9.9399995803833,9.989999771118164,9.9399995803833,9.979999542236328,9.979999542236328,131682
"GGPI","Gores Guggenheim, Inc. Unit - Class A common stock","2021-09-23 16:00:00-04:00",9.95,9.97,9.95,9.97,9.97,0
"GGPI","Gores Guggenheim, Inc. Unit - Class A common stock","2021-09-23 17:00:00-04:00",9.97,10.0,9.97,9.97,9.97,0
"GGPI","Gores Guggenheim, Inc. Unit - Class A common stock","2021-09-23 18:00:00-04:00",10.0,10.0,9.97,9.97,9.97,0
"GGPI","Gores Guggenheim, Inc. Unit - Class A common stock","2021-09-23 19:00:00-04:00",9.9899,9.99,9.95,9.95,9.95,0
"GGPI","Gores Guggenheim, Inc. Unit - Class A common stock","2021-09-24 07:00:00-04:00",9.98,9.98,9.98,9.98,9.98,0
"GGPI","Gores Guggenheim, Inc. Unit - Class A common stock","2021-09-24 08:00:00-04:00",9.99,10.0,9.95,9.98,9.98,0
"GGPI","Gores Guggenheim, Inc. Unit - Class A common stock","2021-09-24 09:00:00-04:00",9.98,9.98,9.97,9.98,9.98,0
"GGPI","Gores Guggenheim, Inc. Unit - Class A common stock","2021-09-24 09:30:00-04:00",9.970000267028809,9.979999542236328,9.960000038146973,9.97130012512207,9.97130012512207,130608
"GGPI","Gores Guggenheim, Inc. Unit - Class A common stock","2021-09-24 10:30:00-04:00",9.979999542236328,9.979999542236328,9.970000267028809,9.979999542236328,9.979999542236328,87698
"GGPI","Gores Guggenheim, Inc. Unit - Class A common stock","2021-09-24 11:30:00-04:00",9.979999542236328,9.989999771118164,9.970000267028809,9.989999771118164,9.989999771118164,118167
"GGPI","Gores Guggenheim, Inc. Unit - Class A common stock","2021-09-24 12:30:00-04:00",9.989700317382812,9.989999771118164,9.979999542236328,9.979999542236328,9.979999542236328,37551
"GGPI","Gores Guggenheim, Inc. Unit - Class A common stock","2021-09-24 13:30:00-04:00",9.979999542236328,9.989999771118164,9.970000267028809,9.988800048828123,9.988800048828123,181631
"GGPI","Gores Guggenheim, Inc. Unit - Class A common stock","2021-09-24 14:30:00-04:00",9.989999771118164,9.989999771118164,9.975000381469728,9.989999771118164,9.989999771118164,195533
"GGPI","Gores Guggenheim, Inc. Unit - Class A common stock","2021-09-24 15:30:00-04:00",9.984999656677246,9.989999771118164,9.979999542236328,9.979999542236328,9.979999542236328,105328
"GGPI","Gores Guggenheim, Inc. Unit - Class A common stock","2021-09-24 16:00:00-04:00",9.99,9.99,9.97,9.97,9.97,0
"GGPI","Gores Guggenheim, Inc. Unit - Class A common stock","2021-09-24 17:00:00-04:00",9.98,9.99,9.98,9.99,9.99,0
"GGPI","Gores Guggenheim, Inc. Unit - Class A common stock","2021-09-24 18:00:00-04:00",9.99,9.99,9.99,9.99,9.99,0
"GGPI","Gores Guggenheim, Inc. Unit - Class A common stock","2021-09-24 19:00:00-04:00",9.99,9.99,9.99,9.99,9.99,0
"GGPI","Gores Guggenheim, Inc. Unit - Class A common stock","2021-09-27 04:00:00-04:00",10.99,11.72,10.5,11.25,11.25,0
"GGPI","Gores Guggenheim, Inc. Unit - Class A common stock","2021-09-27 05:00:00-04:00",11.25,11.3,10.55,10.78,10.78,0
"GGPI","Gores Guggenheim, Inc. Unit - Class A common stock","2021-09-27 06:00:00-04:00",10.78,11.0,10.56,10.58,10.58,0
"GGPI","Gores Guggenheim, Inc. Unit - Class A common stock","2021-09-27 07:00:00-04:00",10.58,10.64,10.2,10.24,10.24,0
"GGPI","Gores Guggenheim, Inc. Unit - Class A common stock","2021-09-27 08:00:00-04:00",10.22,10.5,10.2,10.25,10.25,0
"GGPI","Gores Guggenheim, Inc. Unit - Class A common stock","2021-09-27 09:00:00-04:00",10.25,10.28,10.16,10.19,10.19,0
"GGPI","Gores Guggenheim, Inc. Unit - Class A common stock","2021-09-27 09:30:00-04:00",10.239999771118164,10.350000381469728,10.18000030517578,10.243000030517578,10.243000030517578,20703407
"GGPI","Gores Guggenheim, Inc. Unit - Class A common stock","2021-09-27 10:30:00-04:00",10.240099906921388,10.550000190734863,10.239999771118164,10.47410011291504,10.47410011291504,10202838
"GGPI","Gores Guggenheim, Inc. Unit - Class A common stock","2021-09-27 11:30:00-04:00",10.470100402832031,10.5,10.380000114440918,10.448200225830078,10.448200225830078,2777177
"GGPI","Gores Guggenheim, Inc. Unit - Class A common stock","2021-09-27 12:30:00-04:00",10.449999809265137,10.539999961853027,10.40999984741211,10.510000228881836,10.510000228881836,2817515
"GGPI","Gores Guggenheim, Inc. Unit - Class A common stock","2021-09-27 13:30:00-04:00",10.515000343322754,10.539999961853027,10.399999618530272,10.454999923706056,10.454999923706056,2914946
"GGPI","Gores Guggenheim, Inc. Unit - Class A common stock","2021-09-27 14:30:00-04:00",10.458000183105469,10.470000267028809,10.399999618530272,10.404999732971191,10.404999732971191,1864989
"GGPI","Gores Guggenheim, Inc. Unit - Class A common stock","2021-09-27 15:30:00-04:00",10.399999618530272,10.479999542236328,10.350000381469728,10.460000038146973,10.460000038146973,1933906
"GGPI","Gores Guggenheim, Inc. Unit - Class A common stock","2021-09-27 16:00:00-04:00",10.45,10.49,10.435,10.48,10.48,0
"GGPI","Gores Guggenheim, Inc. Unit - Class A common stock","2021-09-27 17:00:00-04:00",10.48,10.49,10.43,10.48,10.48,0
"GGPI","Gores Guggenheim, Inc. Unit - Class A common stock","2021-09-27 18:00:00-04:00",10.48,10.55,10.48,10.53,10.53,0
"GGPI","Gores Guggenheim, Inc. Unit - Class A common stock","2021-09-27 19:00:00-04:00",10.53,10.55,10.53,10.54,10.54,0
"GGPI","Gores Guggenheim, Inc. Unit - Class A common stock","2021-09-28 04:00:00-04:00",10.6,10.77,10.25,10.5,10.5,0
"GGPI","Gores Guggenheim, Inc. Unit - Class A common stock","2021-09-28 05:00:00-04:00",10.4,10.48,10.31,10.42,10.42,0
"GGPI","Gores Guggenheim, Inc. Unit - Class A common stock","2021-09-28 06:00:00-04:00",10.42,10.44,10.35,10.4,10.4,0
"GGPI","Gores Guggenheim, Inc. Unit - Class A common stock","2021-09-28 07:00:00-04:00",10.4,10.46,10.38,10.38,10.38,0
"GGPI","Gores Guggenheim, Inc. Unit - Class A common stock","2021-09-28 08:00:00-04:00",10.39,10.45,10.33,10.34,10.34,0
"GGPI","Gores Guggenheim, Inc. Unit - Class A common stock","2021-09-28 09:00:00-04:00",10.35,10.39,10.34,10.35,10.35,0
"GGPI","Gores Guggenheim, Inc. Unit - Class A common stock","2021-09-28 09:30:00-04:00",10.470000267028809,10.479999542236328,10.25,10.279999732971191,10.279999732971191,2337610
"GGPI","Gores Guggenheim, Inc. Unit - Class A common stock","2021-09-28 10:30:00-04:00",10.274999618530272,10.380000114440918,10.260000228881836,10.289199829101562,10.289199829101562,1145433
"GGPI","Gores Guggenheim, Inc. Unit - Class A common stock","2021-09-28 11:30:00-04:00",10.28499984741211,10.359999656677246,10.279999732971191,10.295000076293944,10.295000076293944,1060686
"GGPI","Gores Guggenheim, Inc. Unit - Class A common stock","2021-09-28 12:30:00-04:00",10.295000076293944,10.3149995803833,10.270000457763672,10.274999618530272,10.274999618530272,930257
"GGPI","Gores Guggenheim, Inc. Unit - Class A common stock","2021-09-28 13:30:00-04:00",10.274999618530272,10.300000190734863,10.270000457763672,10.277999877929688,10.277999877929688,454615
"GGPI","Gores Guggenheim, Inc. Unit - Class A common stock","2021-09-28 14:30:00-04:00",10.274999618530272,10.3100004196167,10.25,10.300000190734863,10.300000190734863,1208092
"GGPI","Gores Guggenheim, Inc. Unit - Class A common stock","2021-09-28 15:30:00-04:00",10.289999961853027,10.3100004196167,10.279999732971191,10.300000190734863,10.300000190734863,576711
"GGPI","Gores Guggenheim, Inc. Unit - Class A common stock","2021-09-28 16:00:00-04:00",10.31,10.31,10.22,10.27,10.27,0
"GGPI","Gores Guggenheim, Inc. Unit - Class A common stock","2021-09-28 17:00:00-04:00",10.27,10.27,10.23,10.25,10.25,0
"GGPI","Gores Guggenheim, Inc. Unit - Class A common stock","2021-09-28 18:00:00-04:00",10.25,10.27,10.23,10.27,10.27,0
"GGPI","Gores Guggenheim, Inc. Unit - Class A common stock","2021-09-28 19:00:00-04:00",10.24,10.35,10.24,10.35,10.35,0
"GGPI","Gores Guggenheim, Inc. Unit - Class A common stock","2021-09-29 04:00:00-04:00",10.31,10.41,10.22,10.37,10.37,0
"GGPI","Gores Guggenheim, Inc. Unit - Class A common stock","2021-09-29 05:00:00-04:00",10.37,10.38,10.3,10.31,10.31,0
"GGPI","Gores Guggenheim, Inc. Unit - Class A common stock","2021-09-29 06:00:00-04:00",10.31,10.31,10.29,10.29,10.29,0
"GGPI","Gores Guggenheim, Inc. Unit - Class A common stock","2021-09-29 07:00:00-04:00",10.3,10.31,10.24,10.28,10.28,0
"GGPI","Gores Guggenheim, Inc. Unit - Class A common stock","2021-09-29 08:00:00-04:00",10.27,10.31,10.24,10.27,10.27,0
"GGPI","Gores Guggenheim, Inc. Unit - Class A common stock","2021-09-29 09:00:00-04:00",10.28,10.3,10.24,10.25,10.25,0
"GGPI","Gores Guggenheim, Inc. Unit - Class A common stock","2021-09-29 09:30:00-04:00",10.329999923706056,10.399999618530272,10.3100004196167,10.3149995803833,10.3149995803833,928917
"GGPI","Gores Guggenheim, Inc. Unit - Class A common stock","2021-09-29 10:30:00-04:00",10.3149995803833,10.329999923706056,10.229999542236328,10.250100135803224,10.250100135803224,635418
"GGPI","Gores Guggenheim, Inc. Unit - Class A common stock","2021-09-29 11:30:00-04:00",10.260000228881836,10.300000190734863,10.229999542236328,10.300000190734863,10.300000190734863,444748
"GGPI","Gores Guggenheim, Inc. Unit - Class A common stock","2021-09-29 12:30:00-04:00",10.295000076293944,10.3100004196167,10.289999961853027,10.289999961853027,10.289999961853027,184654
"GGPI","Gores Guggenheim, Inc. Unit - Class A common stock","2021-09-29 13:30:00-04:00",10.289999961853027,10.300000190734863,10.260000228881836,10.300000190734863,10.300000190734863,243255
"GGPI","Gores Guggenheim, Inc. Unit - Class A common stock","2021-09-29 14:30:00-04:00",10.300000190734863,10.3100004196167,10.239999771118164,10.24549961090088,10.24549961090088,433985
"GGPI","Gores Guggenheim, Inc. Unit - Class A common stock","2021-09-29 15:30:00-04:00",10.239999771118164,10.3100004196167,10.229999542236328,10.300000190734863,10.300000190734863,295905
"GGPI","Gores Guggenheim, Inc. Unit - Class A common stock","2021-09-29 16:00:00-04:00",10.31,10.33,10.24,10.25,10.25,0
"GGPI","Gores Guggenheim, Inc. Unit - Class A common stock","2021-09-29 17:00:00-04:00",10.29,10.3,10.25,10.25,10.25,0
"GGPI","Gores Guggenheim, Inc. Unit - Class A common stock","2021-09-30 18:00:00-04:00",10.2,10.26,10.2,10.2,10.2,0
"GGPI","Gores Guggenheim, Inc. Unit - Class A common stock","2021-09-30 19:00:00-04:00",10.2,10.25,10.2,10.2,10.2,0
"GGPI","Gores Guggenheim, Inc. Unit - Class A common stock","2021-10-01 04:00:00-04:00",10.21,10.32,10.15,10.16,10.16,0
"GGPI","Gores Guggenheim, Inc. Unit - Class A common stock","2021-10-01 05:00:00-04:00",10.16,10.17,10.16,10.17,10.17,0
"GGPI","Gores Guggenheim, Inc. Unit - Class A common stock","2021-10-01 06:00:00-04:00",10.17,10.29,10.17,10.24,10.24,0
"GGPI","Gores Guggenheim, Inc. Unit - Class A common stock","2021-10-01 07:00:00-04:00",10.24,10.24,10.17,10.19,10.19,0
"GGPI","Gores Guggenheim, Inc. Unit - Class A common stock","2021-10-01 08:00:00-04:00",10.19,10.22,10.18,10.18,10.18,0
"GGPI","Gores Guggenheim, Inc. Unit - Class A common stock","2021-10-01 09:00:00-04:00",10.2,10.22,10.2,10.21,10.21,0
"GGPI","Gores Guggenheim, Inc. Unit - Class A common stock","2021-10-01 09:30:00-04:00",10.239999771118164,10.25,10.149999618530272,10.208800315856934,10.208800315856934,1147711
"GGPI","Gores Guggenheim, Inc. Unit - Class A common stock","2021-10-01 10:30:00-04:00",10.204999923706056,10.244999885559082,10.199999809265137,10.219300270080566,10.219300270080566,470045
"GGPI","Gores Guggenheim, Inc. Unit - Class A common stock","2021-10-01 11:30:00-04:00",10.21500015258789,10.260000228881836,10.199999809265137,10.230600357055664,10.230600357055664,570245
"GGPI","Gores Guggenheim, Inc. Unit - Class A common stock","2021-10-01 12:30:00-04:00",10.229999542236328,10.23989963531494,10.210000038146973,10.228899955749512,10.228899955749512,237527
"GGPI","Gores Guggenheim, Inc. Unit - Class A common stock","2021-10-01 13:30:00-04:00",10.225000381469728,10.229999542236328,10.210000038146973,10.220000267028809,10.220000267028809,194866
"GGPI","Gores Guggenheim, Inc. Unit - Class A common stock","2021-10-01 14:30:00-04:00",10.210000038146973,10.220000267028809,10.199999809265137,10.21500015258789,10.21500015258789,294883
"GGPI","Gores Guggenheim, Inc. Unit - Class A common stock","2021-10-01 15:30:00-04:00",10.21500015258789,10.270000457763672,10.201600074768066,10.270000457763672,10.270000457763672,374021
"GGPI","Gores Guggenheim, Inc. Unit - Class A common stock","2021-10-01 16:00:00-04:00",10.26,10.3,10.22,10.3,10.3,0
"GGPI","Gores Guggenheim, Inc. Unit - Class A common stock","2021-10-01 17:00:00-04:00",10.3,10.3,10.22,10.26,10.26,0
"GGPI","Gores Guggenheim, Inc. Unit - Class A common stock","2021-10-01 18:00:00-04:00",10.29,10.29,10.21,10.25,10.25,0
"GGPI","Gores Guggenheim, Inc. Unit - Class A common stock","2021-10-01 19:00:00-04:00",10.22,10.27,10.21,10.21,10.21,0
"GGPI","Gores Guggenheim, Inc. Unit - Class A common stock","2021-10-04 04:00:00-04:00",10.21,10.34,10.21,10.33,10.33,0
"GGPI","Gores Guggenheim, Inc. Unit - Class A common stock","2021-10-04 05:00:00-04:00",10.28,10.3,10.24,10.29,10.29,0
"GGPI","Gores Guggenheim, Inc. Unit - Class A common stock","2021-10-04 06:00:00-04:00",10.27,10.28,10.22,10.22,10.22,0
"GGPI","Gores Guggenheim, Inc. Unit - Class A common stock","2021-10-04 07:00:00-04:00",10.22,10.27,10.22,10.24,10.24,0
"GGPI","Gores Guggenheim, Inc. Unit - Class A common stock","2021-10-04 08:00:00-04:00",10.24,10.27,10.21,10.26,10.26,0
"GGPI","Gores Guggenheim, Inc. Unit - Class A common stock","2021-10-04 09:00:00-04:00",10.21,10.26,10.2,10.22,10.22,0
"GGPI","Gores Guggenheim, Inc. Unit - Class A common stock","2021-10-04 09:30:00-04:00",10.239999771118164,10.260000228881836,10.100000381469728,10.135000228881836,10.135000228881836,791034
"GGPI","Gores Guggenheim, Inc. Unit - Class A common stock","2021-10-04 10:30:00-04:00",10.130000114440918,10.149999618530272,10.109999656677246,10.135000228881836,10.135000228881836,426300
"GGPI","Gores Guggenheim, Inc. Unit - Class A common stock","2021-10-04 11:30:00-04:00",10.130000114440918,10.149999618530272,10.130000114440918,10.135000228881836,10.135000228881836,176115
"GGPI","Gores Guggenheim, Inc. Unit - Class A common stock","2021-10-04 12:30:00-04:00",10.135000228881836,10.170000076293944,10.119999885559082,10.145000457763672,10.145000457763672,180789
"GGPI","Gores Guggenheim, Inc. Unit - Class A common stock","2021-10-04 13:30:00-04:00",10.140000343322754,10.15999984741211,10.140000343322754,10.154999732971191,10.154999732971191,171045
"GGPI","Gores Guggenheim, Inc. Unit - Class A common stock","2021-10-04 14:30:00-04:00",10.154999732971191,10.159099578857422,10.140000343322754,10.149999618530272,10.149999618530272,167130
"GGPI","Gores Guggenheim, Inc. Unit - Class A common stock","2021-10-04 15:30:00-04:00",10.149999618530272,10.1899995803833,10.140000343322754,10.170000076293944,10.170000076293944,211656
"GGPI","Gores Guggenheim, Inc. Unit - Class A common stock","2021-10-04 16:00:00-04:00",10.17,10.19,10.15,10.15,10.15,0
"GGPI","Gores Guggenheim, Inc. Unit - Class A common stock","2021-10-04 17:00:00-04:00",10.15,10.15,10.15,10.15,10.15,0
"GGPI","Gores Guggenheim, Inc. Unit - Class A common stock","2021-10-04 18:00:00-04:00",10.17,10.17,10.15,10.15,10.15,0
"GGPI","Gores Guggenheim, Inc. Unit - Class A common stock","2021-10-04 19:00:00-04:00",10.17,10.17,10.17,10.17,10.17,0
"GGPI","Gores Guggenheim, Inc. Unit - Class A common stock","2021-10-05 04:00:00-04:00",10.11,10.13,10.11,10.13,10.13,0
"GGPI","Gores Guggenheim, Inc. Unit - Class A common stock","2021-10-05 05:00:00-04:00",10.13,10.13,10.13,10.13,10.13,0
"GGPI","Gores Guggenheim, Inc. Unit - Class A common stock","2021-10-05 06:00:00-04:00",10.13,10.13,10.12,10.13,10.13,0
"GGPI","Gores Guggenheim, Inc. Unit - Class A common stock","2021-10-05 07:00:00-04:00",10.15,10.15,10.15,10.15,10.15,0
"GGPI","Gores Guggenheim, Inc. Unit - Class A common stock","2021-10-05 08:00:00-04:00",10.15,10.17,10.15,10.15,10.15,0
"GGPI","Gores Guggenheim, Inc. Unit - Class A common stock","2021-10-05 09:00:00-04:00",10.15,10.17,10.15,10.15,10.15,0
"GGPI","Gores Guggenheim, Inc. Unit - Class A common stock","2021-10-05 09:30:00-04:00",10.170000076293944,10.170000076293944,10.130000114440918,10.140000343322754,10.140000343322754,424561
"GGPI","Gores Guggenheim, Inc. Unit - Class A common stock","2021-10-05 10:30:00-04:00",10.149999618530272,10.170000076293944,10.140000343322754,10.145000457763672,10.145000457763672,173511
"GGPI","Gores Guggenheim, Inc. Unit - Class A common stock","2021-10-05 11:30:00-04:00",10.149999618530272,10.15999984741211,10.140000343322754,10.147500038146973,10.147500038146973,127756
"GGPI","Gores Guggenheim, Inc. Unit - Class A common stock","2021-10-05 12:30:00-04:00",10.145000457763672,10.15999984741211,10.140000343322754,10.149999618530272,10.149999618530272,178313
"GGPI","Gores Guggenheim, Inc. Unit - Class A common stock","2021-10-05 13:30:00-04:00",10.149999618530272,10.18000030517578,10.149999618530272,10.177499771118164,10.177499771118164,122951
"GGPI","Gores Guggenheim, Inc. Unit - Class A common stock","2021-10-05 14:30:00-04:00",10.175000190734863,10.18000030517578,10.149999618530272,10.149999618530272,10.149999618530272,143896
"GGPI","Gores Guggenheim, Inc. Unit - Class A common stock","2021-10-05 15:30:00-04:00",10.149999618530272,10.159099578857422,10.140000343322754,10.140000343322754,10.140000343322754,107337
"GGPI","Gores Guggenheim, Inc. Unit - Class A common stock","2021-10-05 16:00:00-04:00",10.14,10.17,10.14,10.17,10.17,0
"GGPI","Gores Guggenheim, Inc. Unit - Class A common stock","2021-10-05 17:00:00-04:00",10.17,10.17,10.14,10.14,10.14,0
"GGPI","Gores Guggenheim, Inc. Unit - Class A common stock","2021-10-05 18:00:00-04:00",10.14,10.17,10.14,10.14,10.14,0
"GGPI","Gores Guggenheim, Inc. Unit - Class A common stock","2021-10-05 19:00:00-04:00",10.15,10.17,10.14,10.17,10.17,0
"GGPI","Gores Guggenheim, Inc. Unit - Class A common stock","2021-10-06 04:00:00-04:00",10.16,10.16,10.11,10.11,10.11,0
"GGPI","Gores Guggenheim, Inc. Unit - Class A common stock","2021-10-06 05:00:00-04:00",10.14,10.14,10.1,10.13,10.13,0
"GGPI","Gores Guggenheim, Inc. Unit - Class A common stock","2021-10-06 06:00:00-04:00",10.15,10.15,10.09,10.11,10.11,0
"GGPI","Gores Guggenheim, Inc. Unit - Class A common stock","2021-10-06 07:00:00-04:00",10.09,10.14,10.08,10.12,10.12,0
"GGPI","Gores Guggenheim, Inc. Unit - Class A common stock","2021-10-06 08:00:00-04:00",10.12,10.14,10.11,10.13,10.13,0
"GGPI","Gores Guggenheim, Inc. Unit - Class A common stock","2021-10-06 09:00:00-04:00",10.13,10.15,10.13,10.14,10.14,0
"GGPI","Gores Guggenheim, Inc. Unit - Class A common stock","2021-10-06 09:30:00-04:00",10.140000343322754,10.164999961853027,10.130000114440918,10.141799926757812,10.141799926757812,605437
"GGPI","Gores Guggenheim, Inc. Unit - Class A common stock","2021-10-06 10:30:00-04:00",10.140000343322754,10.15999984741211,10.140000343322754,10.149999618530272,10.149999618530272,341311
"GGPI","Gores Guggenheim, Inc. Unit - Class A common stock","2021-10-06 11:30:00-04:00",10.151000022888184,10.15999984741211,10.140000343322754,10.149999618530272,10.149999618530272,201013
"GGPI","Gores Guggenheim, Inc. Unit - Class A common stock","2021-10-06 12:30:00-04:00",10.149999618530272,10.169899940490724,10.14009952545166,10.164999961853027,10.164999961853027,255186
"GGPI","Gores Guggenheim, Inc. Unit - Class A common stock","2021-10-06 13:30:00-04:00",10.164999961853027,10.170000076293944,10.130000114440918,10.135000228881836,10.135000228881836,233456
"GGPI","Gores Guggenheim, Inc. Unit - Class A common stock","2021-10-06 14:30:00-04:00",10.135000228881836,10.140000343322754,10.130000114440918,10.130000114440918,10.130000114440918,191859
"GGPI","Gores Guggenheim, Inc. Unit - Class A common stock","2021-10-06 15:30:00-04:00",10.130000114440918,10.170000076293944,10.130000114440918,10.130000114440918,10.130000114440918,351623
"GGPI","Gores Guggenheim, Inc. Unit - Class A common stock","2021-10-06 16:00:00-04:00",10.14,10.14,10.12,10.13,10.13,0
"GGPI","Gores Guggenheim, Inc. Unit - Class A common stock","2021-10-06 17:00:00-04:00",10.12,10.13,10.11,10.13,10.13,0
"GGPI","Gores Guggenheim, Inc. Unit - Class A common stock","2021-10-06 18:00:00-04:00",10.14,10.14,10.13,10.14,10.14,0
"GGPI","Gores Guggenheim, Inc. Unit - Class A common stock","2021-10-06 19:00:00-04:00",10.14,10.14,10.11,10.11,10.11,0
"GGPI","Gores Guggenheim, Inc. Unit - Class A common stock","2021-10-07 04:00:00-04:00",10.13,10.13,10.13,10.13,10.13,0
"GGPI","Gores Guggenheim, Inc. Unit - Class A common stock","2021-10-07 05:00:00-04:00",10.13,10.13,10.11,10.11,10.11,0
"GGPI","Gores Guggenheim, Inc. Unit - Class A common stock","2021-10-07 06:00:00-04:00",10.11,10.17,10.11,10.17,10.17,0
"GGPI","Gores Guggenheim, Inc. Unit - Class A common stock","2021-10-07 07:00:00-04:00",10.17,10.17,10.13,10.13,10.13,0
"GGPI","Gores Guggenheim, Inc. Unit - Class A common stock","2021-10-07 08:00:00-04:00",10.13,10.14,10.12,10.13,10.13,0
"GGPI","Gores Guggenheim, Inc. Unit - Class A common stock","2021-10-07 09:00:00-04:00",10.13,10.14,10.12,10.13,10.13,0
"GGPI","Gores Guggenheim, Inc. Unit - Class A common stock","2021-10-07 09:30:00-04:00",10.149999618530272,10.18000030517578,10.130000114440918,10.179200172424316,10.179200172424316,603742
"GGPI","Gores Guggenheim, Inc. Unit - Class A common stock","2021-10-07 10:30:00-04:00",10.17199993133545,10.18000030517578,10.149999618530272,10.15999984741211,10.15999984741211,93075
"GGPI","Gores Guggenheim, Inc. Unit - Class A common stock","2021-10-07 11:30:00-04:00",10.15999984741211,10.170000076293944,10.140000343322754,10.15999984741211,10.15999984741211,795382
"GGPI","Gores Guggenheim, Inc. Unit - Class A common stock","2021-10-07 12:30:00-04:00",10.15999984741211,10.164999961853027,10.140000343322754,10.15310001373291,10.15310001373291,333705
"GGPI","Gores Guggenheim, Inc. Unit - Class A common stock","2021-10-07 13:30:00-04:00",10.151200294494627,10.170000076293944,10.149999618530272,10.149999618530272,10.149999618530272,108086
"GGPI","Gores Guggenheim, Inc. Unit - Class A common stock","2021-10-07 14:30:00-04:00",10.154999732971191,10.15999984741211,10.149999618530272,10.154999732971191,10.154999732971191,168784
"GGPI","Gores Guggenheim, Inc. Unit - Class A common stock","2021-10-07 15:30:00-04:00",10.154999732971191,10.15999984741211,10.125,10.130000114440918,10.130000114440918,235737
"GGPI","Gores Guggenheim, Inc. Unit - Class A common stock","2021-10-07 16:00:00-04:00",10.13,10.14,10.12,10.13,10.13,0
"GGPI","Gores Guggenheim, Inc. Unit - Class A common stock","2021-10-07 17:00:00-04:00",10.12,10.14,10.12,10.12,10.12,0
"GGPI","Gores Guggenheim, Inc. Unit - Class A common stock","2021-10-07 18:00:00-04:00",10.14,10.15,10.12,10.12,10.12,0
"GGPI","Gores Guggenheim, Inc. Unit - Class A common stock","2021-10-07 19:00:00-04:00",10.12,10.17,10.12,10.12,10.12,0
"GGPI","Gores Guggenheim, Inc. Unit - Class A common stock","2021-10-08 04:00:00-04:00",10.12,10.13,10.12,10.13,10.13,0
"GGPI","Gores Guggenheim, Inc. Unit - Class A common stock","2021-10-08 06:00:00-04:00",10.13,10.13,10.13,10.13,10.13,0
"GGPI","Gores Guggenheim, Inc. Unit - Class A common stock","2021-10-08 07:00:00-04:00",10.13,10.13,10.12,10.13,10.13,0
"GGPI","Gores Guggenheim, Inc. Unit - Class A common stock","2021-10-08 08:00:00-04:00",10.14,10.16,10.12,10.14,10.14,0
"GGPI","Gores Guggenheim, Inc. Unit - Class A common stock","2021-10-08 09:00:00-04:00",10.15,10.15,10.12,10.14,10.14,0
"GGPI","Gores Guggenheim, Inc. Unit - Class A common stock","2021-10-08 09:30:00-04:00",10.122400283813477,10.149999618530272,10.119999885559082,10.140000343322754,10.140000343322754,688329
"GGPI","Gores Guggenheim, Inc. Unit - Class A common stock","2021-10-08 10:30:00-04:00",10.140000343322754,10.149999618530272,10.140000343322754,10.149999618530272,10.149999618530272,158532
"GGPI","Gores Guggenheim, Inc. Unit - Class A common stock","2021-10-08 11:30:00-04:00",10.145000457763672,10.18000030517578,10.140000343322754,10.170000076293944,10.170000076293944,243440
"GGPI","Gores Guggenheim, Inc. Unit - Class A common stock","2021-10-08 12:30:00-04:00",10.170000076293944,10.1899995803833,10.149999618530272,10.149999618530272,10.149999618530272,538083
"GGPI","Gores Guggenheim, Inc. Unit - Class A common stock","2021-10-08 13:30:00-04:00",10.149999618530272,10.164999961853027,10.140000343322754,10.161999702453612,10.161999702453612,365475
"GGPI","Gores Guggenheim, Inc. Unit - Class A common stock","2021-10-08 14:30:00-04:00",10.164999961853027,10.164999961853027,10.149999618530272,10.151599884033203,10.151599884033203,118858
"GGPI","Gores Guggenheim, Inc. Unit - Class A common stock","2021-10-08 15:30:00-04:00",10.150099754333496,10.164999961853027,10.149999618530272,10.15999984741211,10.15999984741211,85380
"GGPI","Gores Guggenheim, Inc. Unit - Class A common stock","2021-10-08 16:00:00-04:00",10.15,10.17,10.15,10.17,10.17,0
"GGPI","Gores Guggenheim, Inc. Unit - Class A common stock","2021-10-08 17:00:00-04:00",10.15,10.15,10.15,10.15,10.15,0
"GGPI","Gores Guggenheim, Inc. Unit - Class A common stock","2021-10-08 18:00:00-04:00",10.15,10.15,10.14,10.14,10.14,0
"GGPI","Gores Guggenheim, Inc. Unit - Class A common stock","2021-10-08 19:00:00-04:00",10.21,10.21,10.15,10.15,10.15,0
"GGPI","Gores Guggenheim, Inc. Unit - Class A common stock","2021-10-11 04:00:00-04:00",10.12,10.14,10.1,10.13,10.13,0
"GGPI","Gores Guggenheim, Inc. Unit - Class A common stock","2021-10-11 06:00:00-04:00",10.13,10.13,10.11,10.11,10.11,0
"GGPI","Gores Guggenheim, Inc. Unit - Class A common stock","2021-10-11 07:00:00-04:00",10.11,10.13,10.11,10.13,10.13,0
"GGPI","Gores Guggenheim, Inc. Unit - Class A common stock","2021-10-11 08:00:00-04:00",10.1301,10.14,10.13,10.14,10.14,0
"GGPI","Gores Guggenheim, Inc. Unit - Class A common stock","2021-10-11 09:00:00-04:00",10.14,10.14,10.13,10.14,10.14,0
"GGPI","Gores Guggenheim, Inc. Unit - Class A common stock","2021-10-11 09:30:00-04:00",10.140000343322754,10.15999984741211,10.100000381469728,10.125,10.125,354043
"GGPI","Gores Guggenheim, Inc. Unit - Class A common stock","2021-10-11 10:30:00-04:00",10.130000114440918,10.140000343322754,10.119999885559082,10.125,10.125,184132
"GGPI","Gores Guggenheim, Inc. Unit - Class A common stock","2021-10-11 11:30:00-04:00",10.125,10.135000228881836,10.119999885559082,10.130000114440918,10.130000114440918,75829
"GGPI","Gores Guggenheim, Inc. Unit - Class A common stock","2021-10-11 12:30:00-04:00",10.13010025024414,10.140000343322754,10.130000114440918,10.130000114440918,10.130000114440918,51351
"GGPI","Gores Guggenheim, Inc. Unit - Class A common stock","2021-10-11 13:30:00-04:00",10.134699821472168,10.140000343322754,10.119999885559082,10.121999740600586,10.121999740600586,94049
"GGPI","Gores Guggenheim, Inc. Unit - Class A common stock","2021-10-11 14:30:00-04:00",10.125499725341797,10.130000114440918,10.109999656677246,10.114999771118164,10.114999771118164,195876
"GGPI","Gores Guggenheim, Inc. Unit - Class A common stock","2021-10-11 15:30:00-04:00",10.109999656677246,10.119999885559082,10.100000381469728,10.100000381469728,10.100000381469728,189439
"GGPI","Gores Guggenheim, Inc. Unit - Class A common stock","2021-10-11 16:00:00-04:00",10.11,10.11,10.1,10.1,10.1,0
"GGPI","Gores Guggenheim, Inc. Unit - Class A common stock","2021-10-11 17:00:00-04:00",10.11,10.11,10.1,10.1,10.1,0
"GGPI","Gores Guggenheim, Inc. Unit - Class A common stock","2021-10-11 18:00:00-04:00",10.1,10.11,10.1,10.11,10.11,0
"GGPI","Gores Guggenheim, Inc. Unit - Class A common stock","2021-10-11 19:00:00-04:00",10.1,10.1,10.1,10.1,10.1,0
"GGPI","Gores Guggenheim, Inc. Unit - Class A common stock","2021-10-12 05:00:00-04:00",10.11,10.11,10.11,10.11,10.11,0
"GGPI","Gores Guggenheim, Inc. Unit - Class A common stock","2021-10-12 06:00:00-04:00",10.1,10.1,10.06,10.06,10.06,0
"GGPI","Gores Guggenheim, Inc. Unit - Class A common stock","2021-10-12 07:00:00-04:00",10.07,10.1,10.07,10.1,10.1,0
"GGPI","Gores Guggenheim, Inc. Unit - Class A common stock","2021-10-12 08:00:00-04:00",10.11,10.12,10.1,10.11,10.11,0
"GGPI","Gores Guggenheim, Inc. Unit - Class A common stock","2021-10-12 09:00:00-04:00",10.12,10.13,10.09,10.09,10.09,0
"GGPI","Gores Guggenheim, Inc. Unit - Class A common stock","2021-10-12 09:30:00-04:00",10.119999885559082,10.130000114440918,10.109999656677246,10.119999885559082,10.119999885559082,132123
"GGPI","Gores Guggenheim, Inc. Unit - Class A common stock","2021-10-12 10:30:00-04:00",10.119999885559082,10.119999885559082,10.109999656677246,10.114999771118164,10.114999771118164,95657
"GGPI","Gores Guggenheim, Inc. Unit - Class A common stock","2021-10-12 11:30:00-04:00",10.114999771118164,10.119999885559082,10.109999656677246,10.109999656677246,10.109999656677246,61493
"GGPI","Gores Guggenheim, Inc. Unit - Class A common stock","2021-10-12 12:30:00-04:00",10.114999771118164,10.119999885559082,10.100000381469728,10.107999801635742,10.107999801635742,174038
"GGPI","Gores Guggenheim, Inc. Unit - Class A common stock","2021-10-12 13:30:00-04:00",10.100000381469728,10.109999656677246,10.050000190734863,10.0649995803833,10.0649995803833,248983
"GGPI","Gores Guggenheim, Inc. Unit - Class A common stock","2021-10-12 14:30:00-04:00",10.067899703979492,10.100000381469728,10.050000190734863,10.092000007629396,10.092000007629396,495136
"GGPI","Gores Guggenheim, Inc. Unit - Class A common stock","2021-10-12 15:30:00-04:00",10.090100288391112,10.119999885559082,10.090100288391112,10.109999656677246,10.109999656677246,94472
"GGPI","Gores Guggenheim, Inc. Unit - Class A common stock","2021-10-12 16:00:00-04:00",10.11,10.11,10.1,10.1,10.1,0
"GGPI","Gores Guggenheim, Inc. Unit - Class A common stock","2021-10-12 17:00:00-04:00",10.11,10.11,10.1,10.1,10.1,0
"GGPI","Gores Guggenheim, Inc. Unit - Class A common stock","2021-10-12 18:00:00-04:00",10.1,10.1,10.1,10.1,10.1,0
"GGPI","Gores Guggenheim, Inc. Unit - Class A common stock","2021-10-12 19:00:00-04:00",10.1,10.11,10.1,10.1,10.1,0
"GGPI","Gores Guggenheim, Inc. Unit - Class A common stock","2021-10-13 06:00:00-04:00",10.13,10.13,10.13,10.13,10.13,0
"GGPI","Gores Guggenheim, Inc. Unit - Class A common stock","2021-10-13 07:00:00-04:00",10.12,10.12,10.1,10.1,10.1,0
"GGPI","Gores Guggenheim, Inc. Unit - Class A common stock","2021-10-13 08:00:00-04:00",10.09,10.12,10.09,10.09,10.09,0
"GGPI","Gores Guggenheim, Inc. Unit - Class A common stock","2021-10-13 09:00:00-04:00",10.0901,10.1,10.08,10.08,10.08,0
"GGPI","Gores Guggenheim, Inc. Unit - Class A common stock","2021-10-13 09:30:00-04:00",10.09000015258789,10.09000015258789,10.0600004196167,10.085000038146973,10.085000038146973,258028
"GGPI","Gores Guggenheim, Inc. Unit - Class A common stock","2021-10-13 10:30:00-04:00",10.079999923706056,10.09000015258789,10.079999923706056,10.085000038146973,10.085000038146973,126153
"GGPI","Gores Guggenheim, Inc. Unit - Class A common stock","2021-10-13 11:30:00-04:00",10.085000038146973,10.119999885559082,10.079999923706056,10.100000381469728,10.100000381469728,238167
"GGPI","Gores Guggenheim, Inc. Unit - Class A common stock","2021-10-13 12:30:00-04:00",10.095000267028809,10.109999656677246,10.09000015258789,10.100000381469728,10.100000381469728,152957
"GGPI","Gores Guggenheim, Inc. Unit - Class A common stock","2021-10-13 13:30:00-04:00",10.095000267028809,10.100000381469728,10.079999923706056,10.079999923706056,10.079999923706056,220921
"GGPI","Gores Guggenheim, Inc. Unit - Class A common stock","2021-10-13 14:30:00-04:00",10.085000038146973,10.09000015258789,10.06999969482422,10.074999809265137,10.074999809265137,162340
"GGPI","Gores Guggenheim, Inc. Unit - Class A common stock","2021-10-13 15:30:00-04:00",10.079999923706056,10.079999923706056,10.0600004196167,10.0600004196167,10.0600004196167,184799
"GGPI","Gores Guggenheim, Inc. Unit - Class A common stock","2021-10-13 16:00:00-04:00",10.06,10.08,10.06,10.07,10.07,0
"GGPI","Gores Guggenheim, Inc. Unit - Class A common stock","2021-10-13 17:00:00-04:00",10.07,10.09,10.07,10.09,10.09,0
"GGPI","Gores Guggenheim, Inc. Unit - Class A common stock","2021-10-13 18:00:00-04:00",10.09,10.09,10.07,10.07,10.07,0
"GGPI","Gores Guggenheim, Inc. Unit - Class A common stock","2021-10-13 19:00:00-04:00",10.07,10.09,10.07,10.09,10.09,0
"GGPI","Gores Guggenheim, Inc. Unit - Class A common stock","2021-10-14 05:00:00-04:00",10.14,10.14,10.13,10.13,10.13,0
"GGPI","Gores Guggenheim, Inc. Unit - Class A common stock","2021-10-14 06:00:00-04:00",10.09,10.09,10.06,10.06,10.06,0
"GGPI","Gores Guggenheim, Inc. Unit - Class A common stock","2021-10-14 07:00:00-04:00",10.06,10.07,10.05,10.07,10.07,0
"GGPI","Gores Guggenheim, Inc. Unit - Class A common stock","2021-10-14 08:00:00-04:00",10.07,10.07,10.06,10.06,10.06,0
"GGPI","Gores Guggenheim, Inc. Unit - Class A common stock","2021-10-14 09:00:00-04:00",10.07,10.07,10.06,10.06,10.06,0
"GGPI","Gores Guggenheim, Inc. Unit - Class A common stock","2021-10-14 09:30:00-04:00",10.0600004196167,10.0649995803833,10.039999961853027,10.050000190734863,10.050000190734863,415489
"GGPI","Gores Guggenheim, Inc. Unit - Class A common stock","2021-10-14 10:30:00-04:00",10.0600004196167,10.0649995803833,10.050000190734863,10.050000190734863,10.050000190734863,255493
"GGPI","Gores Guggenheim, Inc. Unit - Class A common stock","2021-10-14 11:30:00-04:00",10.0600004196167,10.0600004196167,10.039999961853027,10.050000190734863,10.050000190734863,172660
"GGPI","Gores Guggenheim, Inc. Unit - Class A common stock","2021-10-14 12:30:00-04:00",10.045000076293944,10.050000190734863,10.020000457763672,10.030099868774414,10.030099868774414,270638
"GGPI","Gores Guggenheim, Inc. Unit - Class A common stock","2021-10-14 13:30:00-04:00",10.030099868774414,10.050000190734863,10.029999732971191,10.045000076293944,10.045000076293944,168320
"GGPI","Gores Guggenheim, Inc. Unit - Class A common stock","2021-10-14 14:30:00-04:00",10.04990005493164,10.06999969482422,10.04010009765625,10.0649995803833,10.0649995803833,291364
"GGPI","Gores Guggenheim, Inc. Unit - Class A common stock","2021-10-14 15:30:00-04:00",10.069100379943848,10.06999969482422,10.050000190734863,10.06999969482422,10.06999969482422,291544
"GGPI","Gores Guggenheim, Inc. Unit - Class A common stock","2021-10-14 16:00:00-04:00",10.06,10.07,10.04,10.04,10.04,0
"GGPI","Gores Guggenheim, Inc. Unit - Class A common stock","2021-10-14 17:00:00-04:00",10.07,10.08,10.04,10.08,10.08,0
"GGPI","Gores Guggenheim, Inc. Unit - Class A common stock","2021-10-14 19:00:00-04:00",10.08,10.08,10.05,10.05,10.05,0
"GGPI","Gores Guggenheim, Inc. Unit - Class A common stock","2021-10-15 04:00:00-04:00",10.06,10.06,10.06,10.06,10.06,0
"GGPI","Gores Guggenheim, Inc. Unit - Class A common stock","2021-10-15 07:00:00-04:00",10.06,10.06,10.06,10.06,10.06,0
"GGPI","Gores Guggenheim, Inc. Unit - Class A common stock","2021-10-15 08:00:00-04:00",10.06,10.06,10.05,10.06,10.06,0
"GGPI","Gores Guggenheim, Inc. Unit - Class A common stock","2021-10-15 09:00:00-04:00",10.06,10.06,10.05,10.05,10.05,0
"GGPI","Gores Guggenheim, Inc. Unit - Class A common stock","2021-10-15 09:30:00-04:00",10.06999969482422,10.104999542236328,10.050000190734863,10.06999969482422,10.06999969482422,264844
"GGPI","Gores Guggenheim, Inc. Unit - Class A common stock","2021-10-15 10:30:00-04:00",10.071599960327148,10.079999923706056,10.039999961853027,10.045000076293944,10.045000076293944,244853
"GGPI","Gores Guggenheim, Inc. Unit - Class A common stock","2021-10-15 11:30:00-04:00",10.039999961853027,10.0600004196167,10.020000457763672,10.020000457763672,10.020000457763672,288658
"GGPI","Gores Guggenheim, Inc. Unit - Class A common stock","2021-10-15 12:30:00-04:00",10.020000457763672,10.038000106811523,10.010000228881836,10.024999618530272,10.024999618530272,575418
"GGPI","Gores Guggenheim, Inc. Unit - Class A common stock","2021-10-15 13:30:00-04:00",10.020000457763672,10.029999732971191,10.010000228881836,10.015000343322754,10.015000343322754,119539
"GGPI","Gores Guggenheim, Inc. Unit - Class A common stock","2021-10-15 14:30:00-04:00",10.015000343322754,10.024999618530272,10.010000228881836,10.016400337219238,10.016400337219238,205226
"GGPI","Gores Guggenheim, Inc. Unit - Class A common stock","2021-10-15 15:30:00-04:00",10.011199951171877,10.020000457763672,10.010000228881836,10.010000228881836,10.010000228881836,175686
"GGPI","Gores Guggenheim, Inc. Unit - Class A common stock","2021-10-15 16:00:00-04:00",10.01,10.02,10.01,10.0199,10.0199,0
"GGPI","Gores Guggenheim, Inc. Unit - Class A common stock","2021-10-15 17:00:00-04:00",10.02,10.02,10.01,10.02,10.02,0
"GGPI","Gores Guggenheim, Inc. Unit - Class A common stock","2021-10-15 18:00:00-04:00",10.02,10.04,10.01,10.01,10.01,0
"GGPI","Gores Guggenheim, Inc. Unit - Class A common stock","2021-10-15 19:00:00-04:00",10.01,10.04,10.01,10.01,10.01,0
"GGPI","Gores Guggenheim, Inc. Unit - Class A common stock","2021-10-18 04:00:00-04:00",10.01,10.01,10.01,10.01,10.01,0
"GGPI","Gores Guggenheim, Inc. Unit - Class A common stock","2021-10-18 05:00:00-04:00",10.01,10.04,10.01,10.04,10.04,0
"GGPI","Gores Guggenheim, Inc. Unit - Class A common stock","2021-10-18 08:00:00-04:00",10.01,10.03,10.01,10.03,10.03,0
"GGPI","Gores Guggenheim, Inc. Unit - Class A common stock","2021-10-18 09:00:00-04:00",10.01,10.02,10.01,10.01,10.01,0
"GGPI","Gores Guggenheim, Inc. Unit - Class A common stock","2021-10-18 09:30:00-04:00",10.029999732971191,10.029999732971191,10.010000228881836,10.020000457763672,10.020000457763672,278852
"GGPI","Gores Guggenheim, Inc. Unit - Class A common stock","2021-10-18 10:30:00-04:00",10.017999649047852,10.029999732971191,10.010000228881836,10.020000457763672,10.020000457763672,416766
"GGPI","Gores Guggenheim, Inc. Unit - Class A common stock","2021-10-18 11:30:00-04:00",10.015000343322754,10.020000457763672,10.010000228881836,10.017999649047852,10.017999649047852,42406
"GGPI","Gores Guggenheim, Inc. Unit - Class A common stock","2021-10-18 12:30:00-04:00",10.015000343322754,10.020000457763672,10.010000228881836,10.01200008392334,10.01200008392334,50326
"GGPI","Gores Guggenheim, Inc. Unit - Class A common stock","2021-10-18 13:30:00-04:00",10.015000343322754,10.020000457763672,10.010000228881836,10.01200008392334,10.01200008392334,49812
"GGPI","Gores Guggenheim, Inc. Unit - Class A common stock","2021-10-18 14:30:00-04:00",10.015000343322754,10.029999732971191,10.010000228881836,10.022000312805176,10.022000312805176,218240
"GGPI","Gores Guggenheim, Inc. Unit - Class A common stock","2021-10-18 15:30:00-04:00",10.023300170898438,10.029999732971191,10.010000228881836,10.010000228881836,10.010000228881836,109177
"GGPI","Gores Guggenheim, Inc. Unit - Class A common stock","2021-10-18 16:00:00-04:00",10.01,10.03,10.01,10.01,10.01,0
"GGPI","Gores Guggenheim, Inc. Unit - Class A common stock","2021-10-18 17:00:00-04:00",10.01,10.03,10.01,10.01,10.01,0
"GGPI","Gores Guggenheim, Inc. Unit - Class A common stock","2021-10-18 18:00:00-04:00",10.01,10.01,10.01,10.01,10.01,0
"GGPI","Gores Guggenheim, Inc. Unit - Class A common stock","2021-10-18 19:00:00-04:00",10.02,10.02,10.01,10.01,10.01,0
"GGPI","Gores Guggenheim, Inc. Unit - Class A common stock","2021-10-19 04:00:00-04:00",10.01,10.01,10.01,10.01,10.01,0
"GGPI","Gores Guggenheim, Inc. Unit - Class A common stock","2021-10-19 05:00:00-04:00",10.03,10.03,10.01,10.01,10.01,0
"GGPI","Gores Guggenheim, Inc. Unit - Class A common stock","2021-10-19 07:00:00-04:00",10.01,10.03,10.01,10.01,10.01,0
"GGPI","Gores Guggenheim, Inc. Unit - Class A common stock","2021-10-19 08:00:00-04:00",10.01,10.03,10.01,10.01,10.01,0
"GGPI","Gores Guggenheim, Inc. Unit - Class A common stock","2021-10-19 09:00:00-04:00",10.01,10.01,10.0,10.01,10.01,0
"GGPI","Gores Guggenheim, Inc. Unit - Class A common stock","2021-10-19 09:30:00-04:00",10.010000228881836,10.028200149536133,10.010000228881836,10.020899772644045,10.020899772644045,444919
"GGPI","Gores Guggenheim, Inc. Unit - Class A common stock","2021-10-19 10:30:00-04:00",10.020099639892578,10.039999961853027,10.020000457763672,10.039999961853027,10.039999961853027,175254
"GGPI","Gores Guggenheim, Inc. Unit - Class A common stock","2021-10-19 11:30:00-04:00",10.029999732971191,10.039999961853027,10.020000457763672,10.026900291442873,10.026900291442873,112753
"GGPI","Gores Guggenheim, Inc. Unit - Class A common stock","2021-10-19 12:30:00-04:00",10.024999618530272,10.029999732971191,10.020000457763672,10.024999618530272,10.024999618530272,31141
"GGPI","Gores Guggenheim, Inc. Unit - Class A common stock","2021-10-19 13:30:00-04:00",10.020299911499023,10.029999732971191,10.020000457763672,10.024999618530272,10.024999618530272,39866
"GGPI","Gores Guggenheim, Inc. Unit - Class A common stock","2021-10-19 14:30:00-04:00",10.024999618530272,10.039999961853027,10.020000457763672,10.029999732971191,10.029999732971191,237787
"GGPI","Gores Guggenheim, Inc. Unit - Class A common stock","2021-10-19 15:30:00-04:00",10.030099868774414,10.039999961853027,10.020000457763672,10.029999732971191,10.029999732971191,139777
"GGPI","Gores Guggenheim, Inc. Unit - Class A common stock","2021-10-19 16:00:00-04:00",10.03,10.03,10.02,10.02,10.02,0
"GGPI","Gores Guggenheim, Inc. Unit - Class A common stock","2021-10-19 17:00:00-04:00",10.02,10.03,10.02,10.02,10.02,0
"GGPI","Gores Guggenheim, Inc. Unit - Class A common stock","2021-10-19 18:00:00-04:00",10.02,10.02,10.02,10.02,10.02,0
"GGPI","Gores Guggenheim, Inc. Unit - Class A common stock","2021-10-19 19:00:00-04:00",10.03,10.03,10.02,10.02,10.02,0
"GGPI","Gores Guggenheim, Inc. Unit - Class A common stock","2021-10-20 04:00:00-04:00",10.08,10.08,10.03,10.03,10.03,0
"GGPI","Gores Guggenheim, Inc. Unit - Class A common stock","2021-10-20 06:00:00-04:00",10.01,10.03,10.0,10.0,10.0,0
"GGPI","Gores Guggenheim, Inc. Unit - Class A common stock","2021-10-20 07:00:00-04:00",10.0,10.03,10.0,10.02,10.02,0
"GGPI","Gores Guggenheim, Inc. Unit - Class A common stock","2021-10-20 08:00:00-04:00",10.02,10.03,10.02,10.0201,10.0201,0
"GGPI","Gores Guggenheim, Inc. Unit - Class A common stock","2021-10-20 09:30:00-04:00",10.020000457763672,10.050000190734863,10.010000228881836,10.031499862670898,10.031499862670898,1253078
"GGPI","Gores Guggenheim, Inc. Unit - Class A common stock","2021-10-20 10:30:00-04:00",10.037699699401855,10.050000190734863,10.029999732971191,10.050000190734863,10.050000190734863,187252
"GGPI","Gores Guggenheim, Inc. Unit - Class A common stock","2021-10-20 11:30:00-04:00",10.039999961853027,10.06999969482422,10.039999961853027,10.061599731445312,10.061599731445312,159050
"GGPI","Gores Guggenheim, Inc. Unit - Class A common stock","2021-10-20 12:30:00-04:00",10.0649995803833,10.06999969482422,10.050000190734863,10.0600004196167,10.0600004196167,86154
"GGPI","Gores Guggenheim, Inc. Unit - Class A common stock","2021-10-20 13:30:00-04:00",10.0600004196167,10.06999969482422,10.050000190734863,10.060099601745604,10.060099601745604,71048
"GGPI","Gores Guggenheim, Inc. Unit - Class A common stock","2021-10-20 14:30:00-04:00",10.0600004196167,10.086999893188477,10.050000190734863,10.050000190734863,10.050000190734863,261261
"GGPI","Gores Guggenheim, Inc. Unit - Class A common stock","2021-10-20 15:30:00-04:00",10.050000190734863,10.0600004196167,10.039999961853027,10.039999961853027,10.039999961853027,54593
"GGPI","Gores Guggenheim, Inc. Unit - Class A common stock","2021-10-20 16:00:00-04:00",10.05,10.05,10.04,10.04,10.04,0
"GGPI","Gores Guggenheim, Inc. Unit - Class A common stock","2021-10-20 17:00:00-04:00",10.04,10.05,10.04,10.04,10.04,0
"GGPI","Gores Guggenheim, Inc. Unit - Class A common stock","2021-10-20 18:00:00-04:00",10.05,10.05,10.05,10.05,10.05,0
"GGPI","Gores Guggenheim, Inc. Unit - Class A common stock","2021-10-20 19:00:00-04:00",10.05,10.05,10.04,10.04,10.04,0
"GGPI","Gores Guggenheim, Inc. Unit - Class A common stock","2021-10-21 05:00:00-04:00",10.05,10.05,10.05,10.05,10.05,0
"GGPI","Gores Guggenheim, Inc. Unit - Class A common stock","2021-10-21 07:00:00-04:00",10.08,10.08,10.02,10.02,10.02,0
"GGPI","Gores Guggenheim, Inc. Unit - Class A common stock","2021-10-21 08:00:00-04:00",10.02,10.065,10.01,10.02,10.02,0
"GGPI","Gores Guggenheim, Inc. Unit - Class A common stock","2021-10-21 09:00:00-04:00",10.02,10.04,10.01,10.03,10.03,0
"GGPI","Gores Guggenheim, Inc. Unit - Class A common stock","2021-10-21 09:30:00-04:00",10.039999961853027,10.039999961853027,10.010000228881836,10.015000343322754,10.015000343322754,761917
"GGPI","Gores Guggenheim, Inc. Unit - Class A common stock","2021-10-21 10:30:00-04:00",10.015000343322754,10.038999557495115,10.010000228881836,10.020000457763672,10.020000457763672,229101
"GGPI","Gores Guggenheim, Inc. Unit - Class A common stock","2021-10-21 11:30:00-04:00",10.015000343322754,10.024999618530272,10.005000114440918,10.010000228881836,10.010000228881836,503459
"GGPI","Gores Guggenheim, Inc. Unit - Class A common stock","2021-10-21 12:30:00-04:00",10.010000228881836,10.038999557495115,10.010000228881836,10.03849983215332,10.03849983215332,422439
"GGPI","Gores Guggenheim, Inc. Unit - Class A common stock","2021-10-21 13:30:00-04:00",10.030400276184082,10.0600004196167,10.020000457763672,10.0600004196167,10.0600004196167,400959
"GGPI","Gores Guggenheim, Inc. Unit - Class A common stock","2021-10-21 14:30:00-04:00",10.0600004196167,10.270000457763672,10.050000190734863,10.199999809265137,10.199999809265137,1754456
"GGPI","Gores Guggenheim, Inc. Unit - Class A common stock","2021-10-21 15:30:00-04:00",10.197500228881836,10.210000038146973,10.140000343322754,10.199999809265137,10.199999809265137,1259634
"GGPI","Gores Guggenheim, Inc. Unit - Class A common stock","2021-10-21 16:00:00-04:00",10.2,10.2,10.15,10.2,10.2,0
"GGPI","Gores Guggenheim, Inc. Unit - Class A common stock","2021-10-21 17:00:00-04:00",10.2,10.2,10.14,10.17,10.17,0
"GGPI","Gores Guggenheim, Inc. Unit - Class A common stock","2021-10-21 18:00:00-04:00",10.2,10.2,10.2,10.2,10.2,0
"GGPI","Gores Guggenheim, Inc. Unit - Class A common stock","2021-10-21 19:00:00-04:00",10.19,10.22,10.19,10.19,10.19,0
"GGPI","Gores Guggenheim, Inc. Unit - Class A common stock","2021-10-22 04:00:00-04:00",10.19,10.19,10.19,10.19,10.19,0
"GGPI","Gores Guggenheim, Inc. Unit - Class A common stock","2021-10-22 05:00:00-04:00",10.18,10.19,10.18,10.19,10.19,0
"GGPI","Gores Guggenheim, Inc. Unit - Class A common stock","2021-10-22 07:00:00-04:00",10.19,10.22,10.18,10.18,10.18,0
"GGPI","Gores Guggenheim, Inc. Unit - Class A common stock","2021-10-22 08:00:00-04:00",10.19,10.23,10.17,10.23,10.23,0
"GGPI","Gores Guggenheim, Inc. Unit - Class A common stock","2021-10-22 09:00:00-04:00",10.23,10.24,10.18,10.18,10.18,0
"GGPI","Gores Guggenheim, Inc. Unit - Class A common stock","2021-10-22 09:30:00-04:00",10.199999809265137,10.300000190734863,10.15999984741211,10.1850004196167,10.1850004196167,1051972
"GGPI","Gores Guggenheim, Inc. Unit - Class A common stock","2021-10-22 10:30:00-04:00",10.1850004196167,10.229900360107422,10.170100212097168,10.19499969482422,10.19499969482422,157712
"GGPI","Gores Guggenheim, Inc. Unit - Class A common stock","2021-10-22 11:30:00-04:00",10.192899703979492,10.229999542236328,10.18000030517578,10.19499969482422,10.19499969482422,208195
"GGPI","Gores Guggenheim, Inc. Unit - Class A common stock","2021-10-22 12:30:00-04:00",10.199999809265137,10.199999809265137,10.170000076293944,10.1899995803833,10.1899995803833,137086
"GGPI","Gores Guggenheim, Inc. Unit - Class A common stock","2021-10-22 13:30:00-04:00",10.1899995803833,10.1899995803833,10.140000343322754,10.149999618530272,10.149999618530272,201233
"GGPI","Gores Guggenheim, Inc. Unit - Class A common stock","2021-10-22 14:30:00-04:00",10.149399757385254,10.149999618530272,10.080100059509276,10.109299659729004,10.109299659729004,771070
"GGPI","Gores Guggenheim, Inc. Unit - Class A common stock","2021-10-22 15:30:00-04:00",10.109999656677246,10.229999542236328,10.109999656677246,10.225000381469728,10.225000381469728,211292
"GGPI","Gores Guggenheim, Inc. Unit - Class A common stock","2021-10-22 16:00:00-04:00",10.22,10.22,10.18,10.18,10.18,0
"GGPI","Gores Guggenheim, Inc. Unit - Class A common stock","2021-10-22 17:00:00-04:00",10.15,10.18,10.15,10.15,10.15,0
"GGPI","Gores Guggenheim, Inc. Unit - Class A common stock","2021-10-22 18:00:00-04:00",10.18,10.18,10.15,10.15,10.15,0
"GGPI","Gores Guggenheim, Inc. Unit - Class A common stock","2021-10-22 19:00:00-04:00",10.2,10.2,10.18,10.2,10.2,0
"GGPI","Gores Guggenheim, Inc. Unit - Class A common stock","2021-10-25 04:00:00-04:00",10.19,10.29,10.19,10.29,10.29,0
"GGPI","Gores Guggenheim, Inc. Unit - Class A common stock","2021-10-25 05:00:00-04:00",10.2,10.29,10.2,10.28,10.28,0
"GGPI","Gores Guggenheim, Inc. Unit - Class A common stock","2021-10-25 06:00:00-04:00",10.26,10.26,10.18,10.18,10.18,0
"GGPI","Gores Guggenheim, Inc. Unit - Class A common stock","2021-10-25 07:00:00-04:00",10.22,10.22,10.18,10.2,10.2,0
"GGPI","Gores Guggenheim, Inc. Unit - Class A common stock","2021-10-25 08:00:00-04:00",10.18,10.25,10.17,10.22,10.22,0
"GGPI","Gores Guggenheim, Inc. Unit - Class A common stock","2021-10-25 09:00:00-04:00",10.22,10.25,10.17,10.17,10.17,0
"GGPI","Gores Guggenheim, Inc. Unit - Class A common stock","2021-10-25 09:30:00-04:00",10.220000267028809,10.239999771118164,10.149999618530272,10.239999771118164,10.239999771118164,512559
"GGPI","Gores Guggenheim, Inc. Unit - Class A common stock","2021-10-25 10:30:00-04:00",10.23989963531494,10.25,10.220000267028809,10.229999542236328,10.229999542236328,309383
"GGPI","Gores Guggenheim, Inc. Unit - Class A common stock","2021-10-25 11:30:00-04:00",10.220000267028809,10.270000457763672,10.200300216674805,10.265000343322754,10.265000343322754,1530958
"GGPI","Gores Guggenheim, Inc. Unit - Class A common stock","2021-10-25 12:30:00-04:00",10.260000228881836,10.4399995803833,10.260000228881836,10.378600120544434,10.378600120544434,1451712
"GGPI","Gores Guggenheim, Inc. Unit - Class A common stock","2021-10-25 13:30:00-04:00",10.380000114440918,10.407999992370604,10.3100004196167,10.31999969482422,10.31999969482422,483911
"GGPI","Gores Guggenheim, Inc. Unit - Class A common stock","2021-10-25 14:30:00-04:00",10.329999923706056,10.369999885559082,10.3100004196167,10.328900337219238,10.328900337219238,371804
"GGPI","Gores Guggenheim, Inc. Unit - Class A common stock","2021-10-25 15:30:00-04:00",10.329999923706056,10.34000015258789,10.3100004196167,10.329999923706056,10.329999923706056,414952
"GGPI","Gores Guggenheim, Inc. Unit - Class A common stock","2021-10-25 16:00:00-04:00",10.34,10.43,10.3,10.43,10.43,0
"GGPI","Gores Guggenheim, Inc. Unit - Class A common stock","2021-10-25 17:00:00-04:00",10.4,10.42,10.32,10.38,10.38,0
"GGPI","Gores Guggenheim, Inc. Unit - Class A common stock","2021-10-25 18:00:00-04:00",10.38,10.42,10.3,10.4199,10.4199,0
"GGPI","Gores Guggenheim, Inc. Unit - Class A common stock","2021-10-25 19:00:00-04:00",10.42,10.55,10.32,10.48,10.48,0
"GGPI","Gores Guggenheim, Inc. Unit - Class A common stock","2021-10-26 04:00:00-04:00",10.5,10.5,10.36,10.38,10.38,0
"GGPI","Gores Guggenheim, Inc. Unit - Class A common stock","2021-10-26 05:00:00-04:00",10.38,10.52,10.38,10.38,10.38,0
"GGPI","Gores Guggenheim, Inc. Unit - Class A common stock","2021-10-26 06:00:00-04:00",10.51,10.52,10.4,10.5,10.5,0
"GGPI","Gores Guggenheim, Inc. Unit - Class A common stock","2021-10-26 07:00:00-04:00",10.5,10.5,10.37,10.39,10.39,0
"GGPI","Gores Guggenheim, Inc. Unit - Class A common stock","2021-10-26 08:00:00-04:00",10.4,10.52,10.39,10.51,10.51,0
"GGPI","Gores Guggenheim, Inc. Unit - Class A common stock","2021-10-26 09:00:00-04:00",10.52,10.53,10.46,10.47,10.47,0
"GGPI","Gores Guggenheim, Inc. Unit - Class A common stock","2021-10-26 09:30:00-04:00",10.550000190734863,10.75,10.5,10.60990047454834,10.60990047454834,2421713
"GGPI","Gores Guggenheim, Inc. Unit - Class A common stock","2021-10-26 10:30:00-04:00",10.60099983215332,10.6899995803833,10.5,10.595000267028809,10.595000267028809,671310
"GGPI","Gores Guggenheim, Inc. Unit - Class A common stock","2021-10-26 11:30:00-04:00",10.59000015258789,10.630000114440918,10.5,10.5,10.5,438262
"GGPI","Gores Guggenheim, Inc. Unit - Class A common stock","2021-10-26 12:30:00-04:00",10.5,10.5,10.369999885559082,10.487099647521973,10.487099647521973,501922
"GGPI","Gores Guggenheim, Inc. Unit - Class A common stock","2021-10-26 13:30:00-04:00",10.489999771118164,10.59000015258789,10.479999542236328,10.585000038146973,10.585000038146973,204159
"GGPI","Gores Guggenheim, Inc. Unit - Class A common stock","2021-10-26 14:30:00-04:00",10.580599784851074,10.600000381469728,10.479999542236328,10.5,10.5,253920
"GGPI","Gores Guggenheim, Inc. Unit - Class A common stock","2021-10-26 15:30:00-04:00",10.5,10.515000343322754,10.470000267028809,10.5,10.5,379529
"GGPI","Gores Guggenheim, Inc. Unit - Class A common stock","2021-10-26 16:00:00-04:00",10.5,10.5,10.42,10.42,10.42,0
"GGPI","Gores Guggenheim, Inc. Unit - Class A common stock","2021-10-26 17:00:00-04:00",10.4367,10.5,10.42,10.5,10.5,0
"GGPI","Gores Guggenheim, Inc. Unit - Class A common stock","2021-10-26 18:00:00-04:00",10.51,10.59,10.46,10.57,10.57,0
"GGPI","Gores Guggenheim, Inc. Unit - Class A common stock","2021-10-26 19:00:00-04:00",10.57,10.57,10.46,10.56,10.56,0
"GGPI","Gores Guggenheim, Inc. Unit - Class A common stock","2021-10-27 04:00:00-04:00",10.6,10.6,10.51,10.58,10.58,0
"GGPI","Gores Guggenheim, Inc. Unit - Class A common stock","2021-10-27 05:00:00-04:00",10.51,10.58,10.46,10.46,10.46,0
"GGPI","Gores Guggenheim, Inc. Unit - Class A common stock","2021-10-27 06:00:00-04:00",10.5,10.5,10.5,10.5,10.5,0
"GGPI","Gores Guggenheim, Inc. Unit - Class A common stock","2021-10-27 07:00:00-04:00",10.5,10.56,10.49,10.49,10.49,0
"GGPI","Gores Guggenheim, Inc. Unit - Class A common stock","2021-10-27 08:00:00-04:00",10.49,10.51,10.45,10.47,10.47,0
"GGPI","Gores Guggenheim, Inc. Unit - Class A common stock","2021-10-27 09:00:00-04:00",10.49,10.49,10.41,10.47,10.47,0
"GGPI","Gores Guggenheim, Inc. Unit - Class A common stock","2021-10-27 09:30:00-04:00",10.539999961853027,10.539999961853027,10.34000015258789,10.360300064086914,10.360300064086914,641440
"GGPI","Gores Guggenheim, Inc. Unit - Class A common stock","2021-10-27 10:30:00-04:00",10.364999771118164,10.460000038146973,10.34000015258789,10.34939956665039,10.34939956665039,306682
"GGPI","Gores Guggenheim, Inc. Unit - Class A common stock","2021-10-27 11:30:00-04:00",10.345000267028809,10.40999984741211,10.34000015258789,10.385000228881836,10.385000228881836,142713
"GGPI","Gores Guggenheim, Inc. Unit - Class A common stock","2021-10-27 12:30:00-04:00",10.385000228881836,10.389900207519531,10.345000267028809,10.354999542236328,10.354999542236328,87832
"GGPI","Gores Guggenheim, Inc. Unit - Class A common stock","2021-10-27 13:30:00-04:00",10.359999656677246,10.359999656677246,10.28499984741211,10.358799934387209,10.358799934387209,234612
"GGPI","Gores Guggenheim, Inc. Unit - Class A common stock","2021-10-27 14:30:00-04:00",10.350000381469728,10.354999542236328,10.270000457763672,10.34000015258789,10.34000015258789,325829
"GGPI","Gores Guggenheim, Inc. Unit - Class A common stock","2021-10-27 15:30:00-04:00",10.340299606323242,10.380000114440918,10.34000015258789,10.369999885559082,10.369999885559082,150835
"GGPI","Gores Guggenheim, Inc. Unit - Class A common stock","2021-10-27 16:00:00-04:00",10.35,10.38,10.35,10.38,10.38,0
"GGPI","Gores Guggenheim, Inc. Unit - Class A common stock","2021-10-27 17:00:00-04:00",10.37,10.46,10.36,10.44,10.44,0
"GGPI","Gores Guggenheim, Inc. Unit - Class A common stock","2021-10-27 18:00:00-04:00",10.4,10.44,10.36,10.44,10.44,0
"GGPI","Gores Guggenheim, Inc. Unit - Class A common stock","2021-10-27 19:00:00-04:00",10.44,10.5,10.4,10.47,10.47,0
"GGPI","Gores Guggenheim, Inc. Unit - Class A common stock","2021-10-28 04:00:00-04:00",10.47,10.47,10.47,10.47,10.47,0
"GGPI","Gores Guggenheim, Inc. Unit - Class A common stock","2021-10-28 05:00:00-04:00",10.38,10.5,10.38,10.48,10.48,0
"GGPI","Gores Guggenheim, Inc. Unit - Class A common stock","2021-10-28 06:00:00-04:00",10.5,10.5,10.47,10.5,10.5,0
"GGPI","Gores Guggenheim, Inc. Unit - Class A common stock","2021-10-28 07:00:00-04:00",10.5,10.5,10.38,10.43,10.43,0
"GGPI","Gores Guggenheim, Inc. Unit - Class A common stock","2021-10-28 08:00:00-04:00",10.43,10.45,10.36,10.44,10.44,0
"GGPI","Gores Guggenheim, Inc. Unit - Class A common stock","2021-10-28 09:00:00-04:00",10.44,10.48,10.37,10.41,10.41,0
"GGPI","Gores Guggenheim, Inc. Unit - Class A common stock","2021-10-28 09:30:00-04:00",10.43000030517578,10.520000457763672,10.34000015258789,10.447999954223633,10.447999954223633,531839
"GGPI","Gores Guggenheim, Inc. Unit - Class A common stock","2021-10-28 10:30:00-04:00",10.44499969482422,10.760000228881836,10.43000030517578,10.729999542236328,10.729999542236328,944657
"GGPI","Gores Guggenheim, Inc. Unit - Class A common stock","2021-10-28 11:30:00-04:00",10.739999771118164,10.779999732971191,10.579999923706056,10.599200248718262,10.599200248718262,1243876
"GGPI","Gores Guggenheim, Inc. Unit - Class A common stock","2021-10-28 12:30:00-04:00",10.595000267028809,11.06999969482422,10.59000015258789,10.729999542236328,10.729999542236328,3399987
"GGPI","Gores Guggenheim, Inc. Unit - Class A common stock","2021-10-28 13:30:00-04:00",10.734600067138672,10.880000114440918,10.710000038146973,10.760000228881836,10.760000228881836,1202401
"GGPI","Gores Guggenheim, Inc. Unit - Class A common stock","2021-10-28 14:30:00-04:00",10.755000114440918,10.789999961853027,10.600099563598633,10.604999542236328,10.604999542236328,1168894
"GGPI","Gores Guggenheim, Inc. Unit - Class A common stock","2021-10-28 15:30:00-04:00",10.607000350952148,10.729900360107422,10.600000381469728,10.704999923706056,10.704999923706056,493409
"GGPI","Gores Guggenheim, Inc. Unit - Class A common stock","2021-10-28 16:00:00-04:00",10.71,10.77,10.61,10.63,10.63,0
"GGPI","Gores Guggenheim, Inc. Unit - Class A common stock","2021-10-28 17:00:00-04:00",10.63,10.75,10.63,10.72,10.72,0
"GGPI","Gores Guggenheim, Inc. Unit - Class A common stock","2021-10-28 18:00:00-04:00",10.72,10.75,10.7,10.74,10.74,0
"GGPI","Gores Guggenheim, Inc. Unit - Class A common stock","2021-10-28 19:00:00-04:00",10.74,10.74,10.65,10.7,10.7,0
"GGPI","Gores Guggenheim, Inc. Unit - Class A common stock","2021-10-29 04:00:00-04:00",10.95,10.95,10.7,10.88,10.88,0
"GGPI","Gores Guggenheim, Inc. Unit - Class A common stock","2021-10-29 05:00:00-04:00",10.83,10.98,10.83,10.88,10.88,0
"GGPI","Gores Guggenheim, Inc. Unit - Class A common stock","2021-10-29 06:00:00-04:00",10.88,11.05,10.75,10.97,10.97,0
"GGPI","Gores Guggenheim, Inc. Unit - Class A common stock","2021-10-29 07:00:00-04:00",10.93,11.02,10.75,10.75,10.75,0
"GGPI","Gores Guggenheim, Inc. Unit - Class A common stock","2021-10-29 08:00:00-04:00",10.72,10.99,10.71,10.87,10.87,0
"GGPI","Gores Guggenheim, Inc. Unit - Class A common stock","2021-10-29 09:00:00-04:00",10.85,10.9,10.8,10.86,10.86,0
"GGPI","Gores Guggenheim, Inc. Unit - Class A common stock","2021-10-29 09:30:00-04:00",10.899999618530272,10.90999984741211,10.619999885559082,10.710000038146973,10.710000038146973,1600999
"GGPI","Gores Guggenheim, Inc. Unit - Class A common stock","2021-10-29 10:30:00-04:00",10.70989990234375,10.904999732971191,10.6899995803833,10.854999542236328,10.854999542236328,619765
"GGPI","Gores Guggenheim, Inc. Unit - Class A common stock","2021-10-29 11:30:00-04:00",10.850000381469728,10.904999732971191,10.801899909973145,10.89900016784668,10.89900016784668,329281
"GGPI","Gores Guggenheim, Inc. Unit - Class A common stock","2021-10-29 12:30:00-04:00",10.899200439453123,10.899999618530272,10.744999885559082,10.75,10.75,489952
"GGPI","Gores Guggenheim, Inc. Unit - Class A common stock","2021-10-29 13:30:00-04:00",10.739999771118164,10.824999809265137,10.6899995803833,10.789999961853027,10.789999961853027,494831
"GGPI","Gores Guggenheim, Inc. Unit - Class A common stock","2021-10-29 14:30:00-04:00",10.789999961853027,10.8100004196167,10.670000076293944,10.800000190734863,10.800000190734863,522225
"GGPI","Gores Guggenheim, Inc. Unit - Class A common stock","2021-10-29 15:30:00-04:00",10.795000076293944,10.824999809265137,10.699999809265137,10.720000267028809,10.720000267028809,501888
"GGPI","Gores Guggenheim, Inc. Unit - Class A common stock","2021-10-29 16:00:00-04:00",10.72,10.88,10.7,10.78,10.78,0
"GGPI","Gores Guggenheim, Inc. Unit - Class A common stock","2021-10-29 17:00:00-04:00",10.7,10.78,10.7,10.78,10.78,0
"GGPI","Gores Guggenheim, Inc. Unit - Class A common stock","2021-10-29 18:00:00-04:00",10.77,10.79,10.76,10.79,10.79,0
"GGPI","Gores Guggenheim, Inc. Unit - Class A common stock","2021-10-29 19:00:00-04:00",10.76,10.79,10.76,10.79,10.79,0
"GGPI","Gores Guggenheim, Inc. Unit - Class A common stock","2021-11-01 04:00:00-04:00",10.85,11.0,10.79,10.95,10.95,0
"GGPI","Gores Guggenheim, Inc. Unit - Class A common stock","2021-11-01 05:00:00-04:00",10.9,10.95,10.79,10.79,10.79,0
"GGPI","Gores Guggenheim, Inc. Unit - Class A common stock","2021-11-01 06:00:00-04:00",10.82,10.83,10.8,10.83,10.83,0
"GGPI","Gores Guggenheim, Inc. Unit - Class A common stock","2021-11-01 07:00:00-04:00",10.82,10.88,10.78,10.87,10.87,0
"GGPI","Gores Guggenheim, Inc. Unit - Class A common stock","2021-11-01 08:00:00-04:00",10.87,10.9,10.75,10.81,10.81,0
"GGPI","Gores Guggenheim, Inc. Unit - Class A common stock","2021-11-01 09:00:00-04:00",10.8,10.82,10.75,10.75,10.75,0
"GGPI","Gores Guggenheim, Inc. Unit - Class A common stock","2021-11-01 09:30:00-04:00",10.84000015258789,10.920000076293944,10.710000038146973,10.760000228881836,10.760000228881836,1200075
"GGPI","Gores Guggenheim, Inc. Unit - Class A common stock","2021-11-01 10:30:00-04:00",10.755000114440918,10.850000381469728,10.75,10.829999923706056,10.829999923706056,337895
"GGPI","Gores Guggenheim, Inc. Unit - Class A common stock","2021-11-01 11:30:00-04:00",10.829999923706056,10.835000038146973,10.779999732971191,10.789899826049805,10.789899826049805,397930
"GGPI","Gores Guggenheim, Inc. Unit - Class A common stock","2021-11-01 12:30:00-04:00",10.789999961853027,10.850000381469728,10.774999618530272,10.84000015258789,10.84000015258789,278929
"GGPI","Gores Guggenheim, Inc. Unit - Class A common stock","2021-11-01 13:30:00-04:00",10.829999923706056,10.880000114440918,10.800000190734863,10.84000015258789,10.84000015258789,613400
"GGPI","Gores Guggenheim, Inc. Unit - Class A common stock","2021-11-01 14:30:00-04:00",10.84000015258789,10.9399995803833,10.835000038146973,10.899999618530272,10.899999618530272,489178
"GGPI","Gores Guggenheim, Inc. Unit - Class A common stock","2021-11-01 15:30:00-04:00",10.899999618530272,10.954999923706056,10.880000114440918,10.954999923706056,10.954999923706056,453159
"GGPI","Gores Guggenheim, Inc. Unit - Class A common stock","2021-11-01 16:00:00-04:00",10.96,11.0,10.91,10.99,10.99,0
"GGPI","Gores Guggenheim, Inc. Unit - Class A common stock","2021-11-01 17:00:00-04:00",10.99,11.1,10.95,11.09,11.09,0
"GGPI","Gores Guggenheim, Inc. Unit - Class A common stock","2021-11-01 18:00:00-04:00",11.09,11.27,11.09,11.27,11.27,0
"GGPI","Gores Guggenheim, Inc. Unit - Class A common stock","2021-11-01 19:00:00-04:00",11.3,11.4,11.23,11.35,11.35,0
"GGPI","Gores Guggenheim, Inc. Unit - Class A common stock","2021-11-02 04:00:00-04:00",11.4,11.5,10.95,11.28,11.28,0
"GGPI","Gores Guggenheim, Inc. Unit - Class A common stock","2021-11-02 05:00:00-04:00",11.36,11.36,11.13,11.13,11.13,0
"GGPI","Gores Guggenheim, Inc. Unit - Class A common stock","2021-11-02 06:00:00-04:00",11.2,11.38,11.0,11.1,11.1,0
"GGPI","Gores Guggenheim, Inc. Unit - Class A common stock","2021-11-02 07:00:00-04:00",11.19,11.23,11.08,11.08,11.08,0
"GGPI","Gores Guggenheim, Inc. Unit - Class A common stock","2021-11-02 08:00:00-04:00",11.1,11.2,10.93,10.99,10.99,0
"GGPI","Gores Guggenheim, Inc. Unit - Class A common stock","2021-11-02 09:00:00-04:00",10.99,11.0,10.95,10.96,10.96,0
"GGPI","Gores Guggenheim, Inc. Unit - Class A common stock","2021-11-02 09:30:00-04:00",11.010000228881836,11.03499984741211,10.81999969482422,10.889900207519531,10.889900207519531,1445600
"GGPI","Gores Guggenheim, Inc. Unit - Class A common stock","2021-11-02 10:30:00-04:00",10.890000343322754,10.90999984741211,10.619999885559082,10.65999984741211,10.65999984741211,1048463
"GGPI","Gores Guggenheim, Inc. Unit - Class A common stock","2021-11-02 11:30:00-04:00",10.670000076293944,10.75,10.65999984741211,10.664999961853027,10.664999961853027,390267
"GGPI","Gores Guggenheim, Inc. Unit - Class A common stock","2021-11-02 12:30:00-04:00",10.670000076293944,10.6899995803833,10.609999656677246,10.649999618530272,10.649999618530272,385260
"GGPI","Gores Guggenheim, Inc. Unit - Class A common stock","2021-11-02 13:30:00-04:00",10.65999984741211,10.699999809265137,10.625,10.699999809265137,10.699999809265137,294326
"GGPI","Gores Guggenheim, Inc. Unit - Class A common stock","2021-11-02 14:30:00-04:00",10.704999923706056,10.755000114440918,10.69499969482422,10.74899959564209,10.74899959564209,450367
"GGPI","Gores Guggenheim, Inc. Unit - Class A common stock","2021-11-02 15:30:00-04:00",10.75,10.75,10.699999809265137,10.716899871826172,10.716899871826172,273279
"GGPI","Gores Guggenheim, Inc. Unit - Class A common stock","2021-11-02 16:00:00-04:00",10.73,10.77,10.7,10.76,10.76,0
"GGPI","Gores Guggenheim, Inc. Unit - Class A common stock","2021-11-02 17:00:00-04:00",10.77,10.79,10.76,10.76,10.76,0
"GGPI","Gores Guggenheim, Inc. Unit - Class A common stock","2021-11-02 18:00:00-04:00",10.75,10.79,10.72,10.76,10.76,0
"GGPI","Gores Guggenheim, Inc. Unit - Class A common stock","2021-11-02 19:00:00-04:00",10.76,10.91,10.76,10.76,10.76,0
"GGPI","Gores Guggenheim, Inc. Unit - Class A common stock","2021-11-03 04:00:00-04:00",10.76,10.97,10.73,10.75,10.75,0
"GGPI","Gores Guggenheim, Inc. Unit - Class A common stock","2021-11-03 05:00:00-04:00",10.8,10.95,10.79,10.85,10.85,0
"GGPI","Gores Guggenheim, Inc. Unit - Class A common stock","2021-11-03 06:00:00-04:00",10.8,10.93,10.8,10.8,10.8,0
"GGPI","Gores Guggenheim, Inc. Unit - Class A common stock","2021-11-03 07:00:00-04:00",10.81,10.94,10.8,10.83,10.83,0
"GGPI","Gores Guggenheim, Inc. Unit - Class A common stock","2021-11-03 08:00:00-04:00",10.83,10.935,10.75,10.8712,10.8712,0
"GGPI","Gores Guggenheim, Inc. Unit - Class A common stock","2021-11-03 09:00:00-04:00",10.78,10.88,10.75,10.77,10.77,0
"GGPI","Gores Guggenheim, Inc. Unit - Class A common stock","2021-11-03 09:30:00-04:00",10.739999771118164,10.749899864196776,10.625,10.725000381469728,10.725000381469728,383619
"GGPI","Gores Guggenheim, Inc. Unit - Class A common stock","2021-11-03 10:30:00-04:00",10.729999542236328,10.8100004196167,10.710000038146973,10.738499641418455,10.738499641418455,389423
"GGPI","Gores Guggenheim, Inc. Unit - Class A common stock","2021-11-03 11:30:00-04:00",10.729999542236328,10.739999771118164,10.710000038146973,10.720000267028809,10.720000267028809,99975
"GGPI","Gores Guggenheim, Inc. Unit - Class A common stock","2021-11-03 12:30:00-04:00",10.729999542236328,10.739999771118164,10.670000076293944,10.710000038146973,10.710000038146973,150424
"GGPI","Gores Guggenheim, Inc. Unit - Class A common stock","2021-11-03 13:30:00-04:00",10.710000038146973,10.739999771118164,10.68000030517578,10.69729995727539,10.69729995727539,99151
"GGPI","Gores Guggenheim, Inc. Unit - Class A common stock","2021-11-03 14:30:00-04:00",10.69909954071045,10.770000457763672,10.649999618530272,10.69499969482422,10.69499969482422,237018
"GGPI","Gores Guggenheim, Inc. Unit - Class A common stock","2021-11-03 15:30:00-04:00",10.6899995803833,10.765000343322754,10.6899995803833,10.699999809265137,10.699999809265137,418287
"GGPI","Gores Guggenheim, Inc. Unit - Class A common stock","2021-11-03 16:00:00-04:00",10.69,10.7499,10.69,10.73,10.73,0
"GGPI","Gores Guggenheim, Inc. Unit - Class A common stock","2021-11-03 17:00:00-04:00",10.73,10.8,10.72,10.74,10.74,0
"GGPI","Gores Guggenheim, Inc. Unit - Class A common stock","2021-11-03 18:00:00-04:00",10.74,10.79,10.74,10.78,10.78,0
"GGPI","Gores Guggenheim, Inc. Unit - Class A common stock","2021-11-03 19:00:00-04:00",10.78,10.78,10.72,10.78,10.78,0
"GGPI","Gores Guggenheim, Inc. Unit - Class A common stock","2021-11-04 04:00:00-04:00",10.85,10.86,10.84,10.86,10.86,0
"GGPI","Gores Guggenheim, Inc. Unit - Class A common stock","2021-11-04 05:00:00-04:00",10.83,10.86,10.83,10.86,10.86,0
"GGPI","Gores Guggenheim, Inc. Unit - Class A common stock","2021-11-04 06:00:00-04:00",10.85,10.86,10.74,10.74,10.74,0
"GGPI","Gores Guggenheim, Inc. Unit - Class A common stock","2021-11-04 07:00:00-04:00",10.78,10.79,10.74,10.76,10.76,0
"GGPI","Gores Guggenheim, Inc. Unit - Class A common stock","2021-11-04 08:00:00-04:00",10.75,10.77,10.71,10.74,10.74,0
"GGPI","Gores Guggenheim, Inc. Unit - Class A common stock","2021-11-04 09:00:00-04:00",10.74,10.77,10.7,10.77,10.77,0
"GGPI","Gores Guggenheim, Inc. Unit - Class A common stock","2021-11-04 09:30:00-04:00",10.760000228881836,10.760000228881836,10.56999969482422,10.640000343322754,10.640000343322754,779734
"GGPI","Gores Guggenheim, Inc. Unit - Class A common stock","2021-11-04 10:30:00-04:00",10.640000343322754,10.649999618530272,10.5,10.53499984741211,10.53499984741211,875577
"GGPI","Gores Guggenheim, Inc. Unit - Class A common stock","2021-11-04 11:30:00-04:00",10.53499984741211,10.545000076293944,10.45989990234375,10.5,10.5,365238
"GGPI","Gores Guggenheim, Inc. Unit - Class A common stock","2021-11-04 12:30:00-04:00",10.490099906921388,10.529999732971191,10.489999771118164,10.5,10.5,347181
"GGPI","Gores Guggenheim, Inc. Unit - Class A common stock","2021-11-04 13:30:00-04:00",10.5,10.779999732971191,10.499500274658203,10.609999656677246,10.609999656677246,1373459
"GGPI","Gores Guggenheim, Inc. Unit - Class A common stock","2021-11-04 14:30:00-04:00",10.609999656677246,10.649999618530272,10.550000190734863,10.5600004196167,10.5600004196167,330570
"GGPI","Gores Guggenheim, Inc. Unit - Class A common stock","2021-11-04 15:30:00-04:00",10.5600004196167,10.585000038146973,10.529999732971191,10.529999732971191,10.529999732971191,272038
"GGPI","Gores Guggenheim, Inc. Unit - Class A common stock","2021-11-04 16:00:00-04:00",10.54,10.6,10.54,10.57,10.57,0
"GGPI","Gores Guggenheim, Inc. Unit - Class A common stock","2021-11-04 17:00:00-04:00",10.58,10.6,10.55,10.6,10.6,0
"GGPI","Gores Guggenheim, Inc. Unit - Class A common stock","2021-11-04 18:00:00-04:00",10.6,10.62,10.58,10.62,10.62,0
"GGPI","Gores Guggenheim, Inc. Unit - Class A common stock","2021-11-04 19:00:00-04:00",10.62,10.65,10.6,10.64,10.64,0
"GGPI","Gores Guggenheim, Inc. Unit - Class A common stock","2021-11-05 04:00:00-04:00",10.54,10.64,10.5,10.64,10.64,0
"GGPI","Gores Guggenheim, Inc. Unit - Class A common stock","2021-11-05 05:00:00-04:00",10.64,10.64,10.54,10.6,10.6,0
"GGPI","Gores Guggenheim, Inc. Unit - Class A common stock","2021-11-05 06:00:00-04:00",10.6,10.8,10.6,10.7,10.7,0
"GGPI","Gores Guggenheim, Inc. Unit - Class A common stock","2021-11-05 07:00:00-04:00",10.6,10.69,10.6,10.63,10.63,0
"GGPI","Gores Guggenheim, Inc. Unit - Class A common stock","2021-11-05 08:00:00-04:00",10.62,10.69,10.6,10.65,10.65,0
"GGPI","Gores Guggenheim, Inc. Unit - Class A common stock","2021-11-05 09:00:00-04:00",10.64,10.68,10.56,10.58,10.58,0
"GGPI","Gores Guggenheim, Inc. Unit - Class A common stock","2021-11-05 09:30:00-04:00",10.56999969482422,10.65999984741211,10.510000228881836,10.559900283813477,10.559900283813477,627762
"GGPI","Gores Guggenheim, Inc. Unit - Class A common stock","2021-11-05 10:30:00-04:00",10.550000190734863,10.5600004196167,10.460000038146973,10.489999771118164,10.489999771118164,455366
"GGPI","Gores Guggenheim, Inc. Unit - Class A common stock","2021-11-05 11:30:00-04:00",10.489999771118164,10.5600004196167,10.479999542236328,10.520000457763672,10.520000457763672,352188
"GGPI","Gores Guggenheim, Inc. Unit - Class A common stock","2021-11-05 12:30:00-04:00",10.51990032196045,10.5649995803833,10.50380039215088,10.529000282287598,10.529000282287598,249218
"GGPI","Gores Guggenheim, Inc. Unit - Class A common stock","2021-11-05 13:30:00-04:00",10.526000022888184,10.579999923706056,10.520000457763672,10.55500030517578,10.55500030517578,302037
"GGPI","Gores Guggenheim, Inc. Unit - Class A common stock","2021-11-05 14:30:00-04:00",10.55500030517578,10.760000228881836,10.550000190734863,10.6850004196167,10.6850004196167,739279
"GGPI","Gores Guggenheim, Inc. Unit - Class A common stock","2021-11-05 15:30:00-04:00",10.6850004196167,10.744999885559082,10.654999732971191,10.68000030517578,10.68000030517578,807193
"GGPI","Gores Guggenheim, Inc. Unit - Class A common stock","2021-11-05 16:00:00-04:00",10.69,10.79,10.69,10.79,10.79,0
"GGPI","Gores Guggenheim, Inc. Unit - Class A common stock","2021-11-05 17:00:00-04:00",10.79,10.87,10.75,10.83,10.83,0
"GGPI","Gores Guggenheim, Inc. Unit - Class A common stock","2021-11-05 18:00:00-04:00",10.82,10.82,10.77,10.81,10.81,0
"GGPI","Gores Guggenheim, Inc. Unit - Class A common stock","2021-11-05 19:00:00-04:00",10.82,10.82,10.77,10.8,10.8,0
"GGPI","Gores Guggenheim, Inc. Unit - Class A common stock","2021-11-08 04:00:00-05:00",10.9,11.0,10.9,10.98,10.98,0
"GGPI","Gores Guggenheim, Inc. Unit - Class A common stock","2021-11-08 05:00:00-05:00",10.98,10.99,10.81,10.82,10.82,0
"GGPI","Gores Guggenheim, Inc. Unit - Class A common stock","2021-11-08 06:00:00-05:00",10.85,10.92,10.85,10.86,10.86,0
"GGPI","Gores Guggenheim, Inc. Unit - Class A common stock","2021-11-08 07:00:00-05:00",10.89,10.91,10.83,10.9,10.9,0
"GGPI","Gores Guggenheim, Inc. Unit - Class A common stock","2021-11-08 08:00:00-05:00",10.91,10.93,10.82,10.92,10.92,0
"GGPI","Gores Guggenheim, Inc. Unit - Class A common stock","2021-11-08 09:00:00-05:00",10.9,10.93,10.87,10.87,10.87,0
"GGPI","Gores Guggenheim, Inc. Unit - Class A common stock","2021-11-08 09:30:00-05:00",10.899999618530272,11.229999542236328,10.75,11.0600004196167,11.0600004196167,4225011
"GGPI","Gores Guggenheim, Inc. Unit - Class A common stock","2021-11-08 10:30:00-05:00",11.050000190734863,11.09000015258789,10.859999656677246,10.914999961853027,10.914999961853027,1358117
"GGPI","Gores Guggenheim, Inc. Unit - Class A common stock","2021-11-08 11:30:00-05:00",10.91759967803955,10.960000038146973,10.90999984741211,10.914999961853027,10.914999961853027,372575
"GGPI","Gores Guggenheim, Inc. Unit - Class A common stock","2021-11-08 12:30:00-05:00",10.90999984741211,10.920000076293944,10.81999969482422,10.914999961853027,10.914999961853027,780711
"GGPI","Gores Guggenheim, Inc. Unit - Class A common stock","2021-11-08 13:30:00-05:00",10.914999961853027,10.920000076293944,10.859999656677246,10.899999618530272,10.899999618530272,519139
"GGPI","Gores Guggenheim, Inc. Unit - Class A common stock","2021-11-08 14:30:00-05:00",10.895000457763672,11.5,10.895000457763672,11.225000381469728,11.225000381469728,3931230
"GGPI","Gores Guggenheim, Inc. Unit - Class A common stock","2021-11-08 15:30:00-05:00",11.220000267028809,11.354999542236328,11.220000267028809,11.295000076293944,11.295000076293944,2542906
"GGPI","Gores Guggenheim, Inc. Unit - Class A common stock","2021-11-08 16:00:00-05:00",11.31,11.39,11.06,11.31,11.31,0
"GGPI","Gores Guggenheim, Inc. Unit - Class A common stock","2021-11-08 17:00:00-05:00",11.3,11.35,11.26,11.33,11.33,0
"GGPI","Gores Guggenheim, Inc. Unit - Class A common stock","2021-11-08 18:00:00-05:00",11.33,11.4,11.31,11.4,11.4,0
"GGPI","Gores Guggenheim, Inc. Unit - Class A common stock","2021-11-09 04:00:00-05:00",11.35,11.57,11.35,11.5,11.5,0
"GGPI","Gores Guggenheim, Inc. Unit - Class A common stock","2021-11-09 05:00:00-05:00",11.49,11.75,11.45,11.69,11.69,0
"GGPI","Gores Guggenheim, Inc. Unit - Class A common stock","2021-11-09 06:00:00-05:00",11.67,11.7,11.44,11.49,11.49,0
"GGPI","Gores Guggenheim, Inc. Unit - Class A common stock","2021-11-09 07:00:00-05:00",11.49,11.5,11.4,11.47,11.47,0
"GGPI","Gores Guggenheim, Inc. Unit - Class A common stock","2021-11-09 08:00:00-05:00",11.45,11.5,11.41,11.4601,11.4601,0
"GGPI","Gores Guggenheim, Inc. Unit - Class A common stock","2021-11-09 09:00:00-05:00",11.46,11.67,11.37,11.66,11.66,0
"GGPI","Gores Guggenheim, Inc. Unit - Class A common stock","2021-11-09 09:30:00-05:00",11.65999984741211,11.65999984741211,10.899999618530272,11.0600004196167,11.0600004196167,4510655
"GGPI","Gores Guggenheim, Inc. Unit - Class A common stock","2021-11-09 10:30:00-05:00",11.05500030517578,11.199999809265137,11.020000457763672,11.050000190734863,11.050000190734863,1534327
"GGPI","Gores Guggenheim, Inc. Unit - Class A common stock","2021-11-09 11:30:00-05:00",11.050000190734863,11.21500015258789,11.039999961853027,11.135000228881836,11.135000228881836,845014
"GGPI","Gores Guggenheim, Inc. Unit - Class A common stock","2021-11-09 12:30:00-05:00",11.130000114440918,11.170000076293944,11.050000190734863,11.114999771118164,11.114999771118164,531342
"GGPI","Gores Guggenheim, Inc. Unit - Class A common stock","2021-11-09 13:30:00-05:00",11.109999656677246,11.449999809265137,11.085000038146973,11.399999618530272,11.399999618530272,709843
"GGPI","Gores Guggenheim, Inc. Unit - Class A common stock","2021-11-09 14:30:00-05:00",11.401399612426758,11.460000038146973,11.15999984741211,11.220000267028809,11.220000267028809,881905
"GGPI","Gores Guggenheim, Inc. Unit - Class A common stock","2021-11-09 15:30:00-05:00",11.225000381469728,11.390000343322754,11.170000076293944,11.20009994506836,11.20009994506836,911093
"GGPI","Gores Guggenheim, Inc. Unit - Class A common stock","2021-11-09 16:00:00-05:00",11.2,11.24,11.15,11.17,11.17,0
"GGPI","Gores Guggenheim, Inc. Unit - Class A common stock","2021-11-09 17:00:00-05:00",11.19,11.32,11.17,11.17,11.17,0
"GGPI","Gores Guggenheim, Inc. Unit - Class A common stock","2021-11-09 18:00:00-05:00",11.18,11.27,11.17,11.19,11.19,0
"GGPI","Gores Guggenheim, Inc. Unit - Class A common stock","2021-11-10 04:00:00-05:00",11.29,11.3,11.2,11.22,11.22,0
"GGPI","Gores Guggenheim, Inc. Unit - Class A common stock","2021-11-10 05:00:00-05:00",11.23,11.23,11.19,11.19,11.19,0
"GGPI","Gores Guggenheim, Inc. Unit - Class A common stock","2021-11-10 06:00:00-05:00",11.18,11.24,11.14,11.23,11.23,0
"GGPI","Gores Guggenheim, Inc. Unit - Class A common stock","2021-11-10 07:00:00-05:00",11.23,11.23,11.15,11.15,11.15,0
"GGPI","Gores Guggenheim, Inc. Unit - Class A common stock","2021-11-10 08:00:00-05:00",11.16,11.22,11.07,11.12,11.12,0
"GGPI","Gores Guggenheim, Inc. Unit - Class A common stock","2021-11-10 09:00:00-05:00",11.12,11.12,10.91,11.02,11.02,0
"GGPI","Gores Guggenheim, Inc. Unit - Class A common stock","2021-11-10 09:30:00-05:00",11.050000190734863,11.329999923706056,10.850000381469728,11.135000228881836,11.135000228881836,3239922
"GGPI","Gores Guggenheim, Inc. Unit - Class A common stock","2021-11-10 10:30:00-05:00",11.135000228881836,11.390000343322754,11.010000228881836,11.079999923706056,11.079999923706056,1828259
"GGPI","Gores Guggenheim, Inc. Unit - Class A common stock","2021-11-10 11:30:00-05:00",11.079999923706056,11.15999984741211,11.010000228881836,11.119999885559082,11.119999885559082,551421
"GGPI","Gores Guggenheim, Inc. Unit - Class A common stock","2021-11-10 12:30:00-05:00",11.114999771118164,11.119999885559082,10.760000228881836,10.824999809265137,10.824999809265137,2103819
"GGPI","Gores Guggenheim, Inc. Unit - Class A common stock","2021-11-10 13:30:00-05:00",10.82009983062744,10.9350004196167,10.795000076293944,10.843999862670898,10.843999862670898,1215821
"GGPI","Gores Guggenheim, Inc. Unit - Class A common stock","2021-11-10 14:30:00-05:00",10.850000381469728,10.890000343322754,10.4399995803833,10.515000343322754,10.515000343322754,3820848
"GGPI","Gores Guggenheim, Inc. Unit - Class A common stock","2021-11-10 15:30:00-05:00",10.527000427246094,10.729999542236328,10.510000228881836,10.68000030517578,10.68000030517578,899149
"GGPI","Gores Guggenheim, Inc. Unit - Class A common stock","2021-11-10 16:00:00-05:00",10.67,10.73,10.67,10.7,10.7,0
"GGPI","Gores Guggenheim, Inc. Unit - Class A common stock","2021-11-10 17:00:00-05:00",10.72,10.75,10.7,10.75,10.75,0
"GGPI","Gores Guggenheim, Inc. Unit - Class A common stock","2021-11-10 18:00:00-05:00",10.74,10.79,10.7,10.79,10.79,0
"GGPI","Gores Guggenheim, Inc. Unit - Class A common stock","2021-11-11 04:00:00-05:00",10.88,10.9,10.83,10.9,10.9,0
"GGPI","Gores Guggenheim, Inc. Unit - Class A common stock","2021-11-11 05:00:00-05:00",10.93,10.98,10.79,10.86,10.86,0
"GGPI","Gores Guggenheim, Inc. Unit - Class A common stock","2021-11-11 06:00:00-05:00",10.85,10.88,10.85,10.87,10.87,0
"GGPI","Gores Guggenheim, Inc. Unit - Class A common stock","2021-11-11 07:00:00-05:00",10.88,10.88,10.72,10.72,10.72,0
"GGPI","Gores Guggenheim, Inc. Unit - Class A common stock","2021-11-11 08:00:00-05:00",10.74,10.88,10.7,10.76,10.76,0
"GGPI","Gores Guggenheim, Inc. Unit - Class A common stock","2021-11-11 09:00:00-05:00",10.7599,10.86,10.73,10.76,10.76,0
"GGPI","Gores Guggenheim, Inc. Unit - Class A common stock","2021-11-11 09:30:00-05:00",10.789999961853027,11.100000381469728,10.789999961853027,11.010000228881836,11.010000228881836,1886348
"GGPI","Gores Guggenheim, Inc. Unit - Class A common stock","2021-11-11 10:30:00-05:00",11.010000228881836,11.1899995803833,10.9399995803833,11.024999618530272,11.024999618530272,1255792
"GGPI","Gores Guggenheim, Inc. Unit - Class A common stock","2021-11-11 11:30:00-05:00",11.024999618530272,11.140000343322754,11.024999618530272,11.074999809265137,11.074999809265137,799641
"GGPI","Gores Guggenheim, Inc. Unit - Class A common stock","2021-11-11 12:30:00-05:00",11.079899787902832,11.100000381469728,11.010000228881836,11.03499984741211,11.03499984741211,657875
"GGPI","Gores Guggenheim, Inc. Unit - Class A common stock","2021-11-11 13:30:00-05:00",11.029999732971191,11.09000015258789,11.010000228881836,11.0649995803833,11.0649995803833,596504
"GGPI","Gores Guggenheim, Inc. Unit - Class A common stock","2021-11-11 14:30:00-05:00",11.063599586486816,11.11750030517578,11.024999618530272,11.029999732971191,11.029999732971191,622954
"GGPI","Gores Guggenheim, Inc. Unit - Class A common stock","2021-11-11 15:30:00-05:00",11.031700134277344,11.09000015258789,11.020000457763672,11.06999969482422,11.06999969482422,567083
"GGPI","Gores Guggenheim, Inc. Unit - Class A common stock","2021-11-11 16:00:00-05:00",11.06,11.15,11.02,11.02,11.02,0
"GGPI","Gores Guggenheim, Inc. Unit - Class A common stock","2021-11-11 17:00:00-05:00",11.07,11.25,11.0699,11.24,11.24,0
"GGPI","Gores Guggenheim, Inc. Unit - Class A common stock","2021-11-11 18:00:00-05:00",11.24,11.24,11.0,11.12,11.12,0
"GGPI","Gores Guggenheim, Inc. Unit - Class A common stock","2021-11-12 04:00:00-05:00",11.19,11.29,11.16,11.2,11.2,0
"GGPI","Gores Guggenheim, Inc. Unit - Class A common stock","2021-11-12 05:00:00-05:00",11.26,11.3,11.21,11.22,11.22,0
"GGPI","Gores Guggenheim, Inc. Unit - Class A common stock","2021-11-12 06:00:00-05:00",11.29,11.29,11.23,11.23,11.23,0
"GGPI","Gores Guggenheim, Inc. Unit - Class A common stock","2021-11-12 07:00:00-05:00",11.26,11.27,11.19,11.23,11.23,0
"GGPI","Gores Guggenheim, Inc. Unit - Class A common stock","2021-11-12 08:00:00-05:00",11.23,11.25,11.16,11.18,11.18,0
"GGPI","Gores Guggenheim, Inc. Unit - Class A common stock","2021-11-12 09:00:00-05:00",11.17,11.37,11.17,11.31,11.31,0
"GGPI","Gores Guggenheim, Inc. Unit - Class A common stock","2021-11-12 09:30:00-05:00",11.3100004196167,11.35990047454834,11.09000015258789,11.135000228881836,11.135000228881836,1731293
"GGPI","Gores Guggenheim, Inc. Unit - Class A common stock","2021-11-12 10:30:00-05:00",11.135000228881836,11.210000038146973,11.130000114440918,11.170000076293944,11.170000076293944,702820
"GGPI","Gores Guggenheim, Inc. Unit - Class A common stock","2021-11-12 11:30:00-05:00",11.164999961853027,11.3100004196167,11.100000381469728,11.279999732971191,11.279999732971191,771506
"GGPI","Gores Guggenheim, Inc. Unit - Class A common stock","2021-11-12 12:30:00-05:00",11.271100044250488,12.199999809265137,11.270000457763672,11.760000228881836,11.760000228881836,9361296
"GGPI","Gores Guggenheim, Inc. Unit - Class A common stock","2021-11-12 13:30:00-05:00",11.770000457763672,12.359999656677246,11.704999923706056,12.079999923706056,12.079999923706056,6003747
"GGPI","Gores Guggenheim, Inc. Unit - Class A common stock","2021-11-12 14:30:00-05:00",12.0649995803833,12.890000343322754,12.050000190734863,12.750100135803224,12.750100135803224,7804314
"GGPI","Gores Guggenheim, Inc. Unit - Class A common stock","2021-11-12 15:30:00-05:00",12.755000114440918,13.039999961853027,12.670000076293944,12.8100004196167,12.8100004196167,9052164
"GGPI","Gores Guggenheim, Inc. Unit - Class A common stock","2021-11-12 16:00:00-05:00",12.81,13.94,12.68,13.92,13.92,0
"GGPI","Gores Guggenheim, Inc. Unit - Class A common stock","2021-11-12 17:00:00-05:00",13.9199,14.45,13.63,13.93,13.93,0
"GGPI","Gores Guggenheim, Inc. Unit - Class A common stock","2021-11-12 18:00:00-05:00",13.95,14.3,13.7,14.22,14.22,0
"GGPI","Gores Guggenheim, Inc. Unit - Class A common stock","2021-11-15 04:00:00-05:00",14.6,16.0,14.5,14.96,14.96,0
"GGPI","Gores Guggenheim, Inc. Unit - Class A common stock","2021-11-15 05:00:00-05:00",14.96,15.05,14.43,14.65,14.65,0
"GGPI","Gores Guggenheim, Inc. Unit - Class A common stock","2021-11-15 06:00:00-05:00",14.65,14.85,14.43,14.52,14.52,0
"GGPI","Gores Guggenheim, Inc. Unit - Class A common stock","2021-11-15 07:00:00-05:00",14.53,15.19,13.93,14.95,14.95,0
"GGPI","Gores Guggenheim, Inc. Unit - Class A common stock","2021-11-15 08:00:00-05:00",14.95,15.24,14.35,14.37,14.37,0
"GGPI","Gores Guggenheim, Inc. Unit - Class A common stock","2021-11-15 09:00:00-05:00",14.38,15.47,14.24,15.01,15.01,0
"GGPI","Gores Guggenheim, Inc. Unit - Class A common stock","2021-11-15 09:30:00-05:00",15.010000228881836,15.420000076293944,14.0,14.949999809265137,14.949999809265137,49465705
"GGPI","Gores Guggenheim, Inc. Unit - Class A common stock","2021-11-15 10:30:00-05:00",14.9399995803833,15.949999809265137,14.399999618530272,15.850000381469728,15.850000381469728,19810239
"GGPI","Gores Guggenheim, Inc. Unit - Class A common stock","2021-11-15 11:30:00-05:00",15.850000381469728,16.40999984741211,15.380000114440918,15.640000343322754,15.640000343322754,23782821
"GGPI","Gores Guggenheim, Inc. Unit - Class A common stock","2021-11-15 12:30:00-05:00",15.640000343322754,15.6899995803833,14.619999885559082,15.44950008392334,15.44950008392334,11849916
"GGPI","Gores Guggenheim, Inc. Unit - Class A common stock","2021-11-15 13:30:00-05:00",15.449199676513672,15.579999923706056,14.740099906921388,14.939900398254396,14.939900398254396,8741915
"GGPI","Gores Guggenheim, Inc. Unit - Class A common stock","2021-11-15 14:30:00-05:00",14.9399995803833,15.170000076293944,14.140000343322754,15.059900283813477,15.059900283813477,10248400
"GGPI","Gores Guggenheim, Inc. Unit - Class A common stock","2021-11-15 15:30:00-05:00",15.039999961853027,15.289999961853027,14.65999984741211,14.75179958343506,14.75179958343506,5296415
"GGPI","Gores Guggenheim, Inc. Unit - Class A common stock","2021-11-15 16:00:00-05:00",14.78,15.0,14.18,14.73,14.73,0
"GGPI","Gores Guggenheim, Inc. Unit - Class A common stock","2021-11-15 17:00:00-05:00",14.73,15.08,14.65,14.9,14.9,0
"GGPI","Gores Guggenheim, Inc. Unit - Class A common stock","2021-11-15 18:00:00-05:00",14.94,15.31,14.85,14.9,14.9,0
"GGPI","Gores Guggenheim, Inc. Unit - Class A common stock","2021-11-16 04:00:00-05:00",15.0,15.08,14.55,14.68,14.68,0
"GGPI","Gores Guggenheim, Inc. Unit - Class A common stock","2021-11-16 05:00:00-05:00",14.69,15.0,14.6,14.65,14.65,0
"GGPI","Gores Guggenheim, Inc. Unit - Class A common stock","2021-11-16 06:00:00-05:00",14.66,14.9,14.66,14.89,14.89,0
"GGPI","Gores Guggenheim, Inc. Unit - Class A common stock","2021-11-16 07:00:00-05:00",14.89,15.01,14.72,14.94,14.94,0
"GGPI","Gores Guggenheim, Inc. Unit - Class A common stock","2021-11-16 08:00:00-05:00",14.93,15.96,14.8,15.75,15.75,0
"GGPI","Gores Guggenheim, Inc. Unit - Class A common stock","2021-11-16 09:00:00-05:00",15.76,16.23,15.31,15.45,15.45,0
"GGPI","Gores Guggenheim, Inc. Unit - Class A common stock","2021-11-16 09:30:00-05:00",15.43000030517578,15.760000228881836,14.15999984741211,14.329500198364258,14.329500198364258,22485650
"GGPI","Gores Guggenheim, Inc. Unit - Class A common stock","2021-11-16 10:30:00-05:00",14.34000015258789,14.890000343322754,14.095000267028809,14.82009983062744,14.82009983062744,5819757
"GGPI","Gores Guggenheim, Inc. Unit - Class A common stock","2021-11-16 11:30:00-05:00",14.820899963378906,14.859999656677246,14.300000190734863,14.815899848937988,14.815899848937988,3590945
"GGPI","Gores Guggenheim, Inc. Unit - Class A common stock","2021-11-16 12:30:00-05:00",14.8100004196167,15.460000038146973,14.600000381469728,15.09000015258789,15.09000015258789,6588423
"GGPI","Gores Guggenheim, Inc. Unit - Class A common stock","2021-11-16 13:30:00-05:00",15.09000015258789,15.388999938964844,15.0,15.100000381469728,15.100000381469728,3612665
"GGPI","Gores Guggenheim, Inc. Unit - Class A common stock","2021-11-16 14:30:00-05:00",15.109999656677246,15.890000343322754,15.079999923706056,15.460000038146973,15.460000038146973,6775193
"GGPI","Gores Guggenheim, Inc. Unit - Class A common stock","2021-11-16 15:30:00-05:00",15.479999542236328,15.479999542236328,15.100000381469728,15.329999923706056,15.329999923706056,3198408
"GGPI","Gores Guggenheim, Inc. Unit - Class A common stock","2021-11-16 16:00:00-05:00",15.33,15.58,15.2,15.3,15.3,0
"GGPI","Gores Guggenheim, Inc. Unit - Class A common stock","2021-11-16 17:00:00-05:00",15.3,15.69,15.22,15.5999,15.5999,0
"GGPI","Gores Guggenheim, Inc. Unit - Class A common stock","2021-11-16 18:00:00-05:00",15.55,15.68,15.51,15.6,15.6,0
"GGPI","Gores Guggenheim, Inc. Unit - Class A common stock","2021-11-17 04:00:00-05:00",15.65,16.12,15.52,16.03,16.03,0
"GGPI","Gores Guggenheim, Inc. Unit - Class A common stock","2021-11-17 05:00:00-05:00",16.03,16.25,15.55,15.71,15.71,0
"GGPI","Gores Guggenheim, Inc. Unit - Class A common stock","2021-11-17 06:00:00-05:00",15.73,15.73,15.4,15.57,15.57,0
"GGPI","Gores Guggenheim, Inc. Unit - Class A common stock","2021-11-17 07:00:00-05:00",15.57,15.9,15.5,15.89,15.89,0
"GGPI","Gores Guggenheim, Inc. Unit - Class A common stock","2021-11-17 08:00:00-05:00",15.9,15.95,14.8,14.81,14.81,0
"GGPI","Gores Guggenheim, Inc. Unit - Class A common stock","2021-11-17 09:00:00-05:00",14.87,15.1,14.5,14.98,14.98,0
"GGPI","Gores Guggenheim, Inc. Unit - Class A common stock","2021-11-17 09:30:00-05:00",14.989999771118164,15.499899864196776,14.31999969482422,14.879899978637695,14.879899978637695,12264385
"GGPI","Gores Guggenheim, Inc. Unit - Class A common stock","2021-11-17 10:30:00-05:00",14.861000061035156,15.739999771118164,14.850000381469728,15.467000007629396,15.467000007629396,5238343
"GGPI","Gores Guggenheim, Inc. Unit - Class A common stock","2021-11-17 11:30:00-05:00",15.460000038146973,15.475000381469728,14.600000381469728,14.649999618530272,14.649999618530272,3272396
"GGPI","Gores Guggenheim, Inc. Unit - Class A common stock","2021-11-17 12:30:00-05:00",14.645000457763672,15.15999984741211,14.600000381469728,14.970000267028809,14.970000267028809,1949828
"GGPI","Gores Guggenheim, Inc. Unit - Class A common stock","2021-11-17 13:30:00-05:00",14.96500015258789,15.109999656677246,14.8100004196167,14.850099563598633,14.850099563598633,1351185
"GGPI","Gores Guggenheim, Inc. Unit - Class A common stock","2021-11-17 14:30:00-05:00",14.859999656677246,14.889900207519531,14.539999961853027,14.729999542236328,14.729999542236328,2717226
"GGPI","Gores Guggenheim, Inc. Unit - Class A common stock","2021-11-17 15:30:00-05:00",14.710000038146973,14.720000267028809,14.5,14.529999732971191,14.529999732971191,1637528
"GGPI","Gores Guggenheim, Inc. Unit - Class A common stock","2021-11-17 16:00:00-05:00",14.55,14.67,14.31,14.41,14.41,0
"GGPI","Gores Guggenheim, Inc. Unit - Class A common stock","2021-11-17 17:00:00-05:00",14.43,14.5,14.3,14.35,14.35,0
"GGPI","Gores Guggenheim, Inc. Unit - Class A common stock","2021-11-17 18:00:00-05:00",14.35,14.37,14.25,14.32,14.32,0
"GGPI","Gores Guggenheim, Inc. Unit - Class A common stock","2021-11-18 04:00:00-05:00",14.36,14.59,14.31,14.5,14.5,0
"GGPI","Gores Guggenheim, Inc. Unit - Class A common stock","2021-11-18 05:00:00-05:00",14.5,14.58,14.35,14.45,14.45,0
"GGPI","Gores Guggenheim, Inc. Unit - Class A common stock","2021-11-18 06:00:00-05:00",14.45,14.84,14.43,14.84,14.84,0
"GGPI","Gores Guggenheim, Inc. Unit - Class A common stock","2021-11-18 07:00:00-05:00",14.76,14.77,14.14,14.2,14.2,0
"GGPI","Gores Guggenheim, Inc. Unit - Class A common stock","2021-11-18 08:00:00-05:00",14.19,14.65,14.01,14.05,14.05,0
"GGPI","Gores Guggenheim, Inc. Unit - Class A common stock","2021-11-18 09:00:00-05:00",14.13,14.5,14.02,14.44,14.44,0
"GGPI","Gores Guggenheim, Inc. Unit - Class A common stock","2021-11-18 09:30:00-05:00",14.4350004196167,14.470000267028809,13.109999656677246,13.519800186157228,13.519800186157228,9350404
"GGPI","Gores Guggenheim, Inc. Unit - Class A common stock","2021-11-18 10:30:00-05:00",13.5,14.0,13.470000267028809,13.798800468444824,13.798800468444824,2374720
"GGPI","Gores Guggenheim, Inc. Unit - Class A common stock","2021-11-18 11:30:00-05:00",13.789999961853027,13.90779972076416,13.449999809265137,13.479100227355955,13.479100227355955,1286531
"GGPI","Gores Guggenheim, Inc. Unit - Class A common stock","2021-11-18 12:30:00-05:00",13.475000381469728,13.56999969482422,13.25,13.529999732971191,13.529999732971191,1646511
"GGPI","Gores Guggenheim, Inc. Unit - Class A common stock","2021-11-18 13:30:00-05:00",13.539999961853027,13.600000381469728,13.260000228881836,13.279999732971191,13.279999732971191,897901
"GGPI","Gores Guggenheim, Inc. Unit - Class A common stock","2021-11-18 14:30:00-05:00",13.289899826049805,13.550000190734863,12.970000267028809,13.43000030517578,13.43000030517578,3165691
"GGPI","Gores Guggenheim, Inc. Unit - Class A common stock","2021-11-18 15:30:00-05:00",13.43000030517578,13.449999809265137,13.300000190734863,13.390000343322754,13.390000343322754,1059002
"GGPI","Gores Guggenheim, Inc. Unit - Class A common stock","2021-11-18 16:00:00-05:00",13.39,13.7,13.35,13.51,13.51,0
"GGPI","Gores Guggenheim, Inc. Unit - Class A common stock","2021-11-18 17:00:00-05:00",13.51,13.85,13.5,13.69,13.69,0
"GGPI","Gores Guggenheim, Inc. Unit - Class A common stock","2021-11-18 18:00:00-05:00",13.7,13.8,13.6,13.67,13.67,0
"GGPI","Gores Guggenheim, Inc. Unit - Class A common stock","2021-11-19 04:00:00-05:00",14.0,14.0,13.54,13.71,13.71,0
"GGPI","Gores Guggenheim, Inc. Unit - Class A common stock","2021-11-19 05:00:00-05:00",13.72,13.78,13.6,13.67,13.67,0
"GGPI","Gores Guggenheim, Inc. Unit - Class A common stock","2021-11-19 06:00:00-05:00",13.68,13.7,13.34,13.41,13.41,0
"GGPI","Gores Guggenheim, Inc. Unit - Class A common stock","2021-11-19 07:00:00-05:00",13.45,13.67,13.42,13.6,13.6,0
"GGPI","Gores Guggenheim, Inc. Unit - Class A common stock","2021-11-19 08:00:00-05:00",13.59,13.69,13.55,13.58,13.58,0
"GGPI","Gores Guggenheim, Inc. Unit - Class A common stock","2021-11-19 09:00:00-05:00",13.57,13.7,13.33,13.7,13.7,0
"GGPI","Gores Guggenheim, Inc. Unit - Class A common stock","2021-11-19 09:30:00-05:00",13.6899995803833,14.088800430297852,13.5,13.954999923706056,13.954999923706056,4328854
"GGPI","Gores Guggenheim, Inc. Unit - Class A common stock","2021-11-19 10:30:00-05:00",13.949999809265137,14.1899995803833,13.619999885559082,13.669899940490724,13.669899940490724,2472453
"GGPI","Gores Guggenheim, Inc. Unit - Class A common stock","2021-11-19 11:30:00-05:00",13.670000076293944,14.119999885559082,13.670000076293944,13.949999809265137,13.949999809265137,1835025
"GGPI","Gores Guggenheim, Inc. Unit - Class A common stock","2021-11-19 12:30:00-05:00",13.949999809265137,14.31999969482422,13.869999885559082,13.90999984741211,13.90999984741211,1893041
"GGPI","Gores Guggenheim, Inc. Unit - Class A common stock","2021-11-19 13:30:00-05:00",13.920000076293944,14.020000457763672,13.81089973449707,13.899999618530272,13.899999618530272,966908
"GGPI","Gores Guggenheim, Inc. Unit - Class A common stock","2021-11-19 14:30:00-05:00",13.899999618530272,14.130000114440918,13.859999656677246,13.988200187683104,13.988200187683104,1195345
"GGPI","Gores Guggenheim, Inc. Unit - Class A common stock","2021-11-19 15:30:00-05:00",14.0,14.0,13.739999771118164,13.75,13.75,948571
"GGPI","Gores Guggenheim, Inc. Unit - Class A common stock","2021-11-19 16:00:00-05:00",13.76,13.94,13.75,13.89,13.89,0
"GGPI","Gores Guggenheim, Inc. Unit - Class A common stock","2021-11-19 17:00:00-05:00",13.88,14.1,13.85,14.04,14.04,0
"GGPI","Gores Guggenheim, Inc. Unit - Class A common stock","2021-11-19 18:00:00-05:00",14.04,14.05,13.8,13.86,13.86,0
"GGPI","Gores Guggenheim, Inc. Unit - Class A common stock","2021-11-22 04:00:00-05:00",14.0,14.26,13.87,13.95,13.95,0
"GGPI","Gores Guggenheim, Inc. Unit - Class A common stock","2021-11-22 05:00:00-05:00",13.94,13.96,13.78,13.81,13.81,0
"GGPI","Gores Guggenheim, Inc. Unit - Class A common stock","2021-11-22 06:00:00-05:00",13.87,13.97,13.81,13.94,13.94,0
"GGPI","Gores Guggenheim, Inc. Unit - Class A common stock","2021-11-22 07:00:00-05:00",13.94,14.35,13.89,14.13,14.13,0
"GGPI","Gores Guggenheim, Inc. Unit - Class A common stock","2021-11-22 08:00:00-05:00",14.12,14.38,13.92,14.07,14.07,0
"GGPI","Gores Guggenheim, Inc. Unit - Class A common stock","2021-11-22 09:00:00-05:00",14.07,14.2,13.93,14.1,14.1,0
"GGPI","Gores Guggenheim, Inc. Unit - Class A common stock","2021-11-22 09:30:00-05:00",14.18000030517578,14.899999618530272,13.84000015258789,14.529999732971191,14.529999732971191,6431284
"GGPI","Gores Guggenheim, Inc. Unit - Class A common stock","2021-11-22 10:30:00-05:00",14.529999732971191,14.68000030517578,14.149999618530272,14.369999885559082,14.369999885559082,2397303
"GGPI","Gores Guggenheim, Inc. Unit - Class A common stock","2021-11-22 11:30:00-05:00",14.364999771118164,14.380000114440918,13.65999984741211,14.039999961853027,14.039999961853027,2300054
"GGPI","Gores Guggenheim, Inc. Unit - Class A common stock","2021-11-22 12:30:00-05:00",14.039999961853027,14.279999732971191,13.93000030517578,14.100000381469728,14.100000381469728,1119405
"GGPI","Gores Guggenheim, Inc. Unit - Class A common stock","2021-11-22 13:30:00-05:00",14.100000381469728,14.1899995803833,14.005000114440918,14.119999885559082,14.119999885559082,476261
"GGPI","Gores Guggenheim, Inc. Unit - Class A common stock","2021-11-22 14:30:00-05:00",14.109999656677246,14.138999938964844,13.920000076293944,13.970000267028809,13.970000267028809,683389
"GGPI","Gores Guggenheim, Inc. Unit - Class A common stock","2021-11-22 15:30:00-05:00",13.979999542236328,14.149999618530272,13.920000076293944,13.938799858093262,13.938799858093262,704984
"GGPI","Gores Guggenheim, Inc. Unit - Class A common stock","2021-11-22 16:00:00-05:00",13.94,14.08,13.87,13.9,13.9,0
"GGPI","Gores Guggenheim, Inc. Unit - Class A common stock","2021-11-22 17:00:00-05:00",13.9,14.08,13.88,14.07,14.07,0
"GGPI","Gores Guggenheim, Inc. Unit - Class A common stock","2021-11-22 18:00:00-05:00",14.0,14.08,13.96,13.98,13.98,0
"GGPI","Gores Guggenheim, Inc. Unit - Class A common stock","2021-11-23 04:00:00-05:00",13.94,13.94,13.51,13.69,13.69,0
"GGPI","Gores Guggenheim, Inc. Unit - Class A common stock","2021-11-23 05:00:00-05:00",13.76,13.8,13.55,13.76,13.76,0
"GGPI","Gores Guggenheim, Inc. Unit - Class A common stock","2021-11-23 06:00:00-05:00",13.71,13.8,13.7,13.8,13.8,0
"GGPI","Gores Guggenheim, Inc. Unit - Class A common stock","2021-11-23 07:00:00-05:00",13.83,13.96,13.76,13.87,13.87,0
"GGPI","Gores Guggenheim, Inc. Unit - Class A common stock","2021-11-23 08:00:00-05:00",13.88,13.97,13.75,13.92,13.92,0
"GGPI","Gores Guggenheim, Inc. Unit - Class A common stock","2021-11-23 09:00:00-05:00",13.92,14.15,13.91,14.11,14.11,0
"GGPI","Gores Guggenheim, Inc. Unit - Class A common stock","2021-11-23 09:30:00-05:00",14.100000381469728,14.420000076293944,13.65149974822998,13.670000076293944,13.670000076293944,3393430
"GGPI","Gores Guggenheim, Inc. Unit - Class A common stock","2021-11-23 10:30:00-05:00",13.65999984741211,13.779999732971191,13.210000038146973,13.670599937438965,13.670599937438965,2745843
"GGPI","Gores Guggenheim, Inc. Unit - Class A common stock","2021-11-23 11:30:00-05:00",13.68000030517578,13.75,13.460000038146973,13.630000114440918,13.630000114440918,966323
"GGPI","Gores Guggenheim, Inc. Unit - Class A common stock","2021-11-23 12:30:00-05:00",13.61400032043457,13.711999893188477,13.460000038146973,13.604999542236328,13.604999542236328,608852
"GGPI","Gores Guggenheim, Inc. Unit - Class A common stock","2021-11-23 13:30:00-05:00",13.619999885559082,13.619999885559082,13.40999984741211,13.44499969482422,13.44499969482422,645091
"GGPI","Gores Guggenheim, Inc. Unit - Class A common stock","2021-11-23 14:30:00-05:00",13.44499969482422,13.609999656677246,13.380000114440918,13.470000267028809,13.470000267028809,845500
"GGPI","Gores Guggenheim, Inc. Unit - Class A common stock","2021-11-23 15:30:00-05:00",13.479999542236328,13.5,13.380000114440918,13.420000076293944,13.420000076293944,545313
"GGPI","Gores Guggenheim, Inc. Unit - Class A common stock","2021-11-23 16:00:00-05:00",13.42,13.69,13.4,13.46,13.46,0
"GGPI","Gores Guggenheim, Inc. Unit - Class A common stock","2021-11-23 17:00:00-05:00",13.45,13.62,13.42,13.62,13.62,0
"GGPI","Gores Guggenheim, Inc. Unit - Class A common stock","2021-11-23 18:00:00-05:00",13.62,13.62,13.5,13.6,13.6,0
"GGPI","Gores Guggenheim, Inc. Unit - Class A common stock","2021-11-24 04:00:00-05:00",13.55,13.69,13.55,13.69,13.69,0
"GGPI","Gores Guggenheim, Inc. Unit - Class A common stock","2021-11-24 05:00:00-05:00",13.69,13.7,13.6,13.62,13.62,0
"GGPI","Gores Guggenheim, Inc. Unit - Class A common stock","2021-11-24 06:00:00-05:00",13.67,13.67,13.48,13.59,13.59,0
"GGPI","Gores Guggenheim, Inc. Unit - Class A common stock","2021-11-24 07:00:00-05:00",13.59,13.6,13.47,13.47,13.47,0
"GGPI","Gores Guggenheim, Inc. Unit - Class A common stock","2021-11-24 08:00:00-05:00",13.48,13.585,13.34,13.4,13.4,0
"GGPI","Gores Guggenheim, Inc. Unit - Class A common stock","2021-11-24 09:00:00-05:00",13.39,13.44,13.3,13.39,13.39,0
"GGPI","Gores Guggenheim, Inc. Unit - Class A common stock","2021-11-24 09:30:00-05:00",13.359999656677246,13.880000114440918,13.160099983215332,13.779999732971191,13.779999732971191,2226996
"GGPI","Gores Guggenheim, Inc. Unit - Class A common stock","2021-11-24 10:30:00-05:00",13.779999732971191,13.890000343322754,13.630000114440918,13.850000381469728,13.850000381469728,1062009
"GGPI","Gores Guggenheim, Inc. Unit - Class A common stock","2021-11-24 11:30:00-05:00",13.859999656677246,14.199999809265137,13.859999656677246,13.969900131225586,13.969900131225586,1293813
"GGPI","Gores Guggenheim, Inc. Unit - Class A common stock","2021-11-24 12:30:00-05:00",13.949999809265137,14.120699882507324,13.8100004196167,13.869999885559082,13.869999885559082,714213
"GGPI","Gores Guggenheim, Inc. Unit - Class A common stock","2021-11-24 13:30:00-05:00",13.869999885559082,14.0,13.8100004196167,13.91100025177002,13.91100025177002,359676
"GGPI","Gores Guggenheim, Inc. Unit - Class A common stock","2021-11-24 14:30:00-05:00",13.914999961853027,14.119999885559082,13.90999984741211,14.0600004196167,14.0600004196167,604401
"GGPI","Gores Guggenheim, Inc. Unit - Class A common stock","2021-11-24 15:30:00-05:00",14.0600004196167,14.100000381469728,13.984999656677246,14.029999732971191,14.029999732971191,499348
"GGPI","Gores Guggenheim, Inc. Unit - Class A common stock","2021-11-24 16:00:00-05:00",14.05,14.1,13.97,14.04,14.04,0
"GGPI","Gores Guggenheim, Inc. Unit - Class A common stock","2021-11-24 17:00:00-05:00",14.04,14.15,14.01,14.12,14.12,0
"GGPI","Gores Guggenheim, Inc. Unit - Class A common stock","2021-11-24 18:00:00-05:00",14.14,14.18,14.08,14.17,14.17,0
"GGPI","Gores Guggenheim, Inc. Unit - Class A common stock","2021-11-26 04:00:00-05:00",13.82,13.91,13.23,13.31,13.31,0
"GGPI","Gores Guggenheim, Inc. Unit - Class A common stock","2021-11-26 05:00:00-05:00",13.35,13.88,13.2,13.5,13.5,0
"GGPI","Gores Guggenheim, Inc. Unit - Class A common stock","2021-11-26 06:00:00-05:00",13.54,13.55,13.28,13.35,13.35,0
"GGPI","Gores Guggenheim, Inc. Unit - Class A common stock","2021-11-26 07:00:00-05:00",13.39,13.71,13.3,13.59,13.59,0
"GGPI","Gores Guggenheim, Inc. Unit - Class A common stock","2021-11-26 08:00:00-05:00",13.59,13.7,13.35,13.39,13.39,0
"GGPI","Gores Guggenheim, Inc. Unit - Class A common stock","2021-11-26 09:00:00-05:00",13.39,13.72,13.32,13.67,13.67,0
"GGPI","Gores Guggenheim, Inc. Unit - Class A common stock","2021-11-26 09:30:00-05:00",13.649999618530272,13.789999961853027,13.250100135803224,13.489999771118164,13.489999771118164,2853640
"GGPI","Gores Guggenheim, Inc. Unit - Class A common stock","2021-11-26 10:30:00-05:00",13.479999542236328,13.670000076293944,13.4399995803833,13.479999542236328,13.479999542236328,815639
"GGPI","Gores Guggenheim, Inc. Unit - Class A common stock","2021-11-26 11:30:00-05:00",13.483099937438965,13.550000190734863,13.380000114440918,13.550000190734863,13.550000190734863,868756
"GGPI","Gores Guggenheim, Inc. Unit - Class A common stock","2021-11-26 13:00:00-05:00",13.539999961853027,13.649999618530272,13.484999656677246,13.56999969482422,13.56999969482422,0
"GGPI","Gores Guggenheim, Inc. Unit - Class A common stock","2021-11-26 14:00:00-05:00",13.5501,13.63,13.54,13.62,13.62,0
"GGPI","Gores Guggenheim, Inc. Unit - Class A common stock","2021-11-26 15:00:00-05:00",13.62,13.65,13.56,13.56,13.56,0
"GGPI","Gores Guggenheim, Inc. Unit - Class A common stock","2021-11-26 16:00:00-05:00",13.56,13.5999,13.54,13.55,13.55,0
"GGPI","Gores Guggenheim, Inc. Unit - Class A common stock","2021-11-29 04:00:00-05:00",13.69,13.79,13.6,13.68,13.68,0
"GGPI","Gores Guggenheim, Inc. Unit - Class A common stock","2021-11-29 05:00:00-05:00",13.68,13.79,13.63,13.65,13.65,0
"GGPI","Gores Guggenheim, Inc. Unit - Class A common stock","2021-11-29 06:00:00-05:00",13.64,13.73,13.57,13.68,13.68,0
"GGPI","Gores Guggenheim, Inc. Unit - Class A common stock","2021-11-29 07:00:00-05:00",13.67,13.7,13.62,13.64,13.64,0
"GGPI","Gores Guggenheim, Inc. Unit - Class A common stock","2021-11-29 08:00:00-05:00",13.64,13.75,13.64,13.73,13.73,0
"GGPI","Gores Guggenheim, Inc. Unit - Class A common stock","2021-11-29 09:00:00-05:00",13.72,13.85,13.67,13.83,13.83,0
"GGPI","Gores Guggenheim, Inc. Unit - Class A common stock","2021-11-29 09:30:00-05:00",13.75,14.460000038146973,13.520000457763672,13.829999923706056,13.829999923706056,3969152
"GGPI","Gores Guggenheim, Inc. Unit - Class A common stock","2021-11-29 10:30:00-05:00",13.84850025177002,14.029999732971191,13.770000457763672,13.93000030517578,13.93000030517578,942095
"GGPI","Gores Guggenheim, Inc. Unit - Class A common stock","2021-11-29 11:30:00-05:00",13.92140007019043,14.119999885559082,13.770000457763672,14.000100135803224,14.000100135803224,1166290
"GGPI","Gores Guggenheim, Inc. Unit - Class A common stock","2021-11-29 12:30:00-05:00",14.01729965209961,14.199999809265137,13.95110034942627,14.000100135803224,14.000100135803224,952650
"GGPI","Gores Guggenheim, Inc. Unit - Class A common stock","2021-11-29 13:30:00-05:00",14.011199951171877,14.15999984741211,13.920000076293944,14.110099792480469,14.110099792480469,523984
"GGPI","Gores Guggenheim, Inc. Unit - Class A common stock","2021-11-29 14:30:00-05:00",14.119999885559082,14.170000076293944,13.970000267028809,14.125,14.125,693170
"GGPI","Gores Guggenheim, Inc. Unit - Class A common stock","2021-11-29 15:30:00-05:00",14.130000114440918,14.18000030517578,14.06999969482422,14.100000381469728,14.100000381469728,478999
"GGPI","Gores Guggenheim, Inc. Unit - Class A common stock","2021-11-29 16:00:00-05:00",14.11,14.18,14.08,14.15,14.15,0
"GGPI","Gores Guggenheim, Inc. Unit - Class A common stock","2021-11-29 17:00:00-05:00",14.14,14.15,14.09,14.1,14.1,0
"GGPI","Gores Guggenheim, Inc. Unit - Class A common stock","2021-11-30 18:00:00-05:00",13.62,13.75,13.59,13.64,13.64,0
"GGPI","Gores Guggenheim, Inc. Unit - Class A common stock","2021-12-01 04:00:00-05:00",13.75,13.95,13.74,13.77,13.77,0
"GGPI","Gores Guggenheim, Inc. Unit - Class A common stock","2021-12-01 05:00:00-05:00",13.84,13.94,13.73,13.74,13.74,0
"GGPI","Gores Guggenheim, Inc. Unit - Class A common stock","2021-12-01 06:00:00-05:00",13.72,13.85,13.67,13.75,13.75,0
"GGPI","Gores Guggenheim, Inc. Unit - Class A common stock","2021-12-01 07:00:00-05:00",13.77,13.98,13.71,13.93,13.93,0
"GGPI","Gores Guggenheim, Inc. Unit - Class A common stock","2021-12-01 08:00:00-05:00",13.93,13.99,13.75,13.82,13.82,0
"GGPI","Gores Guggenheim, Inc. Unit - Class A common stock","2021-12-01 09:00:00-05:00",13.82,13.9,13.78,13.84,13.84,0
"GGPI","Gores Guggenheim, Inc. Unit - Class A common stock","2021-12-01 09:30:00-05:00",13.850000381469728,13.850000381469728,13.560099601745604,13.65590000152588,13.65590000152588,1666477
"GGPI","Gores Guggenheim, Inc. Unit - Class A common stock","2021-12-01 10:30:00-05:00",13.649999618530272,13.760000228881836,13.449999809265137,13.609999656677246,13.609999656677246,1151626
"GGPI","Gores Guggenheim, Inc. Unit - Class A common stock","2021-12-01 11:30:00-05:00",13.612600326538086,13.649999618530272,13.43000030517578,13.510000228881836,13.510000228881836,931857
"GGPI","Gores Guggenheim, Inc. Unit - Class A common stock","2021-12-01 12:30:00-05:00",13.508999824523926,13.559900283813477,13.289999961853027,13.453700065612791,13.453700065612791,692347
"GGPI","Gores Guggenheim, Inc. Unit - Class A common stock","2021-12-01 13:30:00-05:00",13.487099647521973,13.5,12.619999885559082,13.020000457763672,13.020000457763672,2295345
"GGPI","Gores Guggenheim, Inc. Unit - Class A common stock","2021-12-01 14:30:00-05:00",13.020000457763672,13.079999923706056,12.649999618530272,12.821499824523926,12.821499824523926,2526184
"GGPI","Gores Guggenheim, Inc. Unit - Class A common stock","2021-12-01 15:30:00-05:00",12.812399864196776,12.989999771118164,12.800000190734863,12.854999542236328,12.854999542236328,736878
"GGPI","Gores Guggenheim, Inc. Unit - Class A common stock","2021-12-01 16:00:00-05:00",12.87,13.05,12.8,12.99,12.99,0
"GGPI","Gores Guggenheim, Inc. Unit - Class A common stock","2021-12-01 17:00:00-05:00",12.99,13.08,12.9,12.95,12.95,0
"GGPI","Gores Guggenheim, Inc. Unit - Class A common stock","2021-12-01 18:00:00-05:00",12.94,13.0,12.8,12.85,12.85,0
"GGPI","Gores Guggenheim, Inc. Unit - Class A common stock","2021-12-02 04:00:00-05:00",12.93,13.15,12.93,13.08,13.08,0
"GGPI","Gores Guggenheim, Inc. Unit - Class A common stock","2021-12-02 05:00:00-05:00",13.08,13.11,12.76,12.76,12.76,0
"GGPI","Gores Guggenheim, Inc. Unit - Class A common stock","2021-12-02 06:00:00-05:00",12.86,12.86,12.7,12.71,12.71,0
"GGPI","Gores Guggenheim, Inc. Unit - Class A common stock","2021-12-02 07:00:00-05:00",12.72,13.02,12.67,12.86,12.86,0
"GGPI","Gores Guggenheim, Inc. Unit - Class A common stock","2021-12-02 08:00:00-05:00",12.86,13.16,12.75,12.8799,12.8799,0
"GGPI","Gores Guggenheim, Inc. Unit - Class A common stock","2021-12-02 09:00:00-05:00",12.85,12.9,12.75,12.89,12.89,0
"GGPI","Gores Guggenheim, Inc. Unit - Class A common stock","2021-12-02 09:30:00-05:00",12.899999618530272,12.920000076293944,12.109999656677246,12.13010025024414,12.13010025024414,3571908
"GGPI","Gores Guggenheim, Inc. Unit - Class A common stock","2021-12-02 10:30:00-05:00",12.149900436401367,12.59000015258789,11.920000076293944,12.439900398254396,12.439900398254396,2179731
"GGPI","Gores Guggenheim, Inc. Unit - Class A common stock","2021-12-02 11:30:00-05:00",12.437800407409668,12.630000114440918,12.220000267028809,12.580100059509276,12.580100059509276,739546
"GGPI","Gores Guggenheim, Inc. Unit - Class A common stock","2021-12-02 12:30:00-05:00",12.600000381469728,12.829999923706056,12.239999771118164,12.260000228881836,12.260000228881836,1000008
"GGPI","Gores Guggenheim, Inc. Unit - Class A common stock","2021-12-02 13:30:00-05:00",12.255000114440918,12.5,12.130000114440918,12.460000038146973,12.460000038146973,1186202
"GGPI","Gores Guggenheim, Inc. Unit - Class A common stock","2021-12-02 14:30:00-05:00",12.45009994506836,12.56999969482422,12.260000228881836,12.396300315856934,12.396300315856934,692182
"GGPI","Gores Guggenheim, Inc. Unit - Class A common stock","2021-12-02 15:30:00-05:00",12.390000343322754,12.630000114440918,12.390000343322754,12.53499984741211,12.53499984741211,356981
"GGPI","Gores Guggenheim, Inc. Unit - Class A common stock","2021-12-02 16:00:00-05:00",12.52,12.6,12.49,12.52,12.52,0
"GGPI","Gores Guggenheim, Inc. Unit - Class A common stock","2021-12-02 17:00:00-05:00",12.54,12.64,12.52,12.59,12.59,0
"GGPI","Gores Guggenheim, Inc. Unit - Class A common stock","2021-12-02 18:00:00-05:00",12.63,12.68,12.5,12.5,12.5,0
"GGPI","Gores Guggenheim, Inc. Unit - Class A common stock","2021-12-03 04:00:00-05:00",12.4,12.7,12.4,12.53,12.53,0
"GGPI","Gores Guggenheim, Inc. Unit - Class A common stock","2021-12-03 05:00:00-05:00",12.53,12.54,12.39,12.47,12.47,0
"GGPI","Gores Guggenheim, Inc. Unit - Class A common stock","2021-12-03 06:00:00-05:00",12.4,12.46,12.28,12.28,12.28,0
"GGPI","Gores Guggenheim, Inc. Unit - Class A common stock","2021-12-03 07:00:00-05:00",12.27,12.48,12.25,12.43,12.43,0
"GGPI","Gores Guggenheim, Inc. Unit - Class A common stock","2021-12-03 08:00:00-05:00",12.43,12.5,12.25,12.4303,12.4303,0
"GGPI","Gores Guggenheim, Inc. Unit - Class A common stock","2021-12-03 09:00:00-05:00",12.43,12.5,12.24,12.45,12.45,0
"GGPI","Gores Guggenheim, Inc. Unit - Class A common stock","2021-12-03 09:30:00-05:00",12.460000038146973,12.630000114440918,11.5,11.983400344848633,11.983400344848633,3216715
"GGPI","Gores Guggenheim, Inc. Unit - Class A common stock","2021-12-03 10:30:00-05:00",11.985899925231934,12.029999732971191,11.670000076293944,11.954999923706056,11.954999923706056,1272866
"GGPI","Gores Guggenheim, Inc. Unit - Class A common stock","2021-12-03 11:30:00-05:00",11.965299606323242,12.09000015258789,11.649999618530272,11.88010025024414,11.88010025024414,947603
"GGPI","Gores Guggenheim, Inc. Unit - Class A common stock","2021-12-03 12:30:00-05:00",11.895000457763672,12.06999969482422,11.8100004196167,11.989999771118164,11.989999771118164,594390
"GGPI","Gores Guggenheim, Inc. Unit - Class A common stock","2021-12-03 13:30:00-05:00",11.979999542236328,11.989999771118164,11.699999809265137,11.789999961853027,11.789999961853027,731642
"GGPI","Gores Guggenheim, Inc. Unit - Class A common stock","2021-12-03 14:30:00-05:00",11.779999732971191,11.949999809265137,11.68000030517578,11.93000030517578,11.93000030517578,744879
"GGPI","Gores Guggenheim, Inc. Unit - Class A common stock","2021-12-03 15:30:00-05:00",11.920000076293944,12.095000267028809,11.84000015258789,11.93000030517578,11.93000030517578,827464
"GGPI","Gores Guggenheim, Inc. Unit - Class A common stock","2021-12-03 16:00:00-05:00",11.95,11.98,11.85,11.9,11.9,0
"GGPI","Gores Guggenheim, Inc. Unit - Class A common stock","2021-12-03 17:00:00-05:00",11.9,12.01,11.87,11.91,11.91,0
"GGPI","Gores Guggenheim, Inc. Unit - Class A common stock","2021-12-03 18:00:00-05:00",11.91,11.99,11.89,11.91,11.91,0
"GGPI","Gores Guggenheim, Inc. Unit - Class A common stock","2021-12-06 04:00:00-05:00",11.75,11.91,11.46,11.81,11.81,0
"GGPI","Gores Guggenheim, Inc. Unit - Class A common stock","2021-12-06 05:00:00-05:00",11.83,11.84,11.7,11.73,11.73,0
"GGPI","Gores Guggenheim, Inc. Unit - Class A common stock","2021-12-06 06:00:00-05:00",11.72,11.79,11.52,11.53,11.53,0
"GGPI","Gores Guggenheim, Inc. Unit - Class A common stock","2021-12-06 07:00:00-05:00",11.53,11.69,11.5,11.57,11.57,0
"GGPI","Gores Guggenheim, Inc. Unit - Class A common stock","2021-12-06 08:00:00-05:00",11.57,11.68,11.39,11.42,11.42,0
"GGPI","Gores Guggenheim, Inc. Unit - Class A common stock","2021-12-06 09:00:00-05:00",11.42,11.75,11.25,11.6,11.6,0
"GGPI","Gores Guggenheim, Inc. Unit - Class A common stock","2021-12-06 09:30:00-05:00",11.699999809265137,11.880000114440918,11.198200225830078,11.869999885559082,11.869999885559082,3614593
"GGPI","Gores Guggenheim, Inc. Unit - Class A common stock","2021-12-06 10:30:00-05:00",11.879300117492676,11.890000343322754,11.630000114440918,11.69499969482422,11.69499969482422,802430
"GGPI","Gores Guggenheim, Inc. Unit - Class A common stock","2021-12-06 11:30:00-05:00",11.6899995803833,12.300000190734863,11.579999923706056,12.229999542236328,12.229999542236328,1158525
"GGPI","Gores Guggenheim, Inc. Unit - Class A common stock","2021-12-06 12:30:00-05:00",12.23900032043457,12.369999885559082,12.109999656677246,12.309800148010254,12.309800148010254,891951
"GGPI","Gores Guggenheim, Inc. Unit - Class A common stock","2021-12-06 13:30:00-05:00",12.3100004196167,12.4399995803833,12.220000267028809,12.309900283813477,12.309900283813477,720050
"GGPI","Gores Guggenheim, Inc. Unit - Class A common stock","2021-12-06 14:30:00-05:00",12.307900428771973,12.409899711608888,12.170000076293944,12.213199615478516,12.213199615478516,454630
"GGPI","Gores Guggenheim, Inc. Unit - Class A common stock","2021-12-06 15:30:00-05:00",12.21679973602295,12.260000228881836,12.18000030517578,12.199999809265137,12.199999809265137,376217
"GGPI","Gores Guggenheim, Inc. Unit - Class A common stock","2021-12-06 16:00:00-05:00",12.2,12.2,12.12,12.18,12.18,0
"GGPI","Gores Guggenheim, Inc. Unit - Class A common stock","2021-12-06 17:00:00-05:00",12.16,12.19,12.15,12.16,12.16,0
"GGPI","Gores Guggenheim, Inc. Unit - Class A common stock","2021-12-06 18:00:00-05:00",12.15,12.17,12.12,12.14,12.14,0
"GGPI","Gores Guggenheim, Inc. Unit - Class A common stock","2021-12-07 04:00:00-05:00",12.15,12.54,12.15,12.5,12.5,0
"GGPI","Gores Guggenheim, Inc. Unit - Class A common stock","2021-12-07 05:00:00-05:00",12.49,12.58,12.43,12.49,12.49,0
"GGPI","Gores Guggenheim, Inc. Unit - Class A common stock","2021-12-07 06:00:00-05:00",12.48,12.58,12.39,12.57,12.57,0
"GGPI","Gores Guggenheim, Inc. Unit - Class A common stock","2021-12-07 07:00:00-05:00",12.54,12.57,12.4,12.47,12.47,0
"GGPI","Gores Guggenheim, Inc. Unit - Class A common stock","2021-12-07 08:00:00-05:00",12.47,12.53,12.41,12.4799,12.4799,0
"GGPI","Gores Guggenheim, Inc. Unit - Class A common stock","2021-12-07 09:00:00-05:00",12.47,12.55,12.38,12.45,12.45,0
"GGPI","Gores Guggenheim, Inc. Unit - Class A common stock","2021-12-07 09:30:00-05:00",12.479999542236328,12.510000228881836,12.149999618530272,12.26010036468506,12.26010036468506,1407529
"GGPI","Gores Guggenheim, Inc. Unit - Class A common stock","2021-12-07 10:30:00-05:00",12.260000228881836,12.359999656677246,11.949999809265137,12.0,12.0,861484
"GGPI","Gores Guggenheim, Inc. Unit - Class A common stock","2021-12-07 11:30:00-05:00",12.0,12.279999732971191,12.0,12.1899995803833,12.1899995803833,366283
"GGPI","Gores Guggenheim, Inc. Unit - Class A common stock","2021-12-07 12:30:00-05:00",12.199299812316896,12.227800369262695,11.970000267028809,12.085000038146973,12.085000038146973,469486
"GGPI","Gores Guggenheim, Inc. Unit - Class A common stock","2021-12-07 13:30:00-05:00",12.089900016784668,12.270000457763672,12.079999923706056,12.129300117492676,12.129300117492676,321518
"GGPI","Gores Guggenheim, Inc. Unit - Class A common stock","2021-12-07 14:30:00-05:00",12.119999885559082,12.199999809265137,12.05500030517578,12.074999809265137,12.074999809265137,330905
"GGPI","Gores Guggenheim, Inc. Unit - Class A common stock","2021-12-07 15:30:00-05:00",12.079999923706056,12.09000015258789,12.010000228881836,12.039999961853027,12.039999961853027,369551
"GGPI","Gores Guggenheim, Inc. Unit - Class A common stock","2021-12-07 16:00:00-05:00",12.05,12.14,12.02,12.0999,12.0999,0
"GGPI","Gores Guggenheim, Inc. Unit - Class A common stock","2021-12-07 17:00:00-05:00",12.09,12.1,12.01,12.03,12.03,0
"GGPI","Gores Guggenheim, Inc. Unit - Class A common stock","2021-12-07 18:00:00-05:00",12.04,12.1,12.02,12.08,12.08,0
"GGPI","Gores Guggenheim, Inc. Unit - Class A common stock","2021-12-08 04:00:00-05:00",12.04,12.24,12.04,12.15,12.15,0
"GGPI","Gores Guggenheim, Inc. Unit - Class A common stock","2021-12-08 05:00:00-05:00",12.06,12.18,12.04,12.1,12.1,0
"GGPI","Gores Guggenheim, Inc. Unit - Class A common stock","2021-12-08 06:00:00-05:00",12.07,12.09,12.0,12.01,12.01,0
"GGPI","Gores Guggenheim, Inc. Unit - Class A common stock","2021-12-08 07:00:00-05:00",12.01,12.13,12.01,12.11,12.11,0
"GGPI","Gores Guggenheim, Inc. Unit - Class A common stock","2021-12-08 08:00:00-05:00",12.11,12.1899,12.01,12.13,12.13,0
"GGPI","Gores Guggenheim, Inc. Unit - Class A common stock","2021-12-08 09:00:00-05:00",12.12,12.14,11.95,11.95,11.95,0
"GGPI","Gores Guggenheim, Inc. Unit - Class A common stock","2021-12-08 09:30:00-05:00",11.979999542236328,12.050000190734863,11.81999969482422,11.81999969482422,11.81999969482422,990386
"GGPI","Gores Guggenheim, Inc. Unit - Class A common stock","2021-12-08 10:30:00-05:00",11.829999923706056,12.130000114440918,11.729999542236328,11.981900215148926,11.981900215148926,1050962
"GGPI","Gores Guggenheim, Inc. Unit - Class A common stock","2021-12-08 11:30:00-05:00",11.99820041656494,12.329999923706056,11.949999809265137,12.270000457763672,12.270000457763672,639339
"GGPI","Gores Guggenheim, Inc. Unit - Class A common stock","2021-12-08 12:30:00-05:00",12.270000457763672,12.350000381469728,12.18000030517578,12.260000228881836,12.260000228881836,402706
"GGPI","Gores Guggenheim, Inc. Unit - Class A common stock","2021-12-08 13:30:00-05:00",12.260000228881836,12.270000457763672,12.120100021362305,12.199999809265137,12.199999809265137,303452
"GGPI","Gores Guggenheim, Inc. Unit - Class A common stock","2021-12-08 14:30:00-05:00",12.218999862670898,12.269399642944336,12.079999923706056,12.26010036468506,12.26010036468506,422103
"GGPI","Gores Guggenheim, Inc. Unit - Class A common stock","2021-12-08 15:30:00-05:00",12.270000457763672,12.329999923706056,12.220000267028809,12.289999961853027,12.289999961853027,580397
"GGPI","Gores Guggenheim, Inc. Unit - Class A common stock","2021-12-08 16:00:00-05:00",12.31,12.31,12.2,12.2,12.2,0
"GGPI","Gores Guggenheim, Inc. Unit - Class A common stock","2021-12-08 17:00:00-05:00",12.25,12.26,12.0501,12.16,12.16,0
"GGPI","Gores Guggenheim, Inc. Unit - Class A common stock","2021-12-08 18:00:00-05:00",12.16,12.22,12.0,12.12,12.12,0
"GGPI","Gores Guggenheim, Inc. Unit - Class A common stock","2021-12-09 04:00:00-05:00",12.14,12.14,12.03,12.13,12.13,0
"GGPI","Gores Guggenheim, Inc. Unit - Class A common stock","2021-12-09 05:00:00-05:00",12.11,12.13,12.01,12.11,12.11,0
"GGPI","Gores Guggenheim, Inc. Unit - Class A common stock","2021-12-09 06:00:00-05:00",12.12,12.12,12.0,12.11,12.11,0
"GGPI","Gores Guggenheim, Inc. Unit - Class A common stock","2021-12-09 07:00:00-05:00",12.11,12.24,12.0,12.09,12.09,0
"GGPI","Gores Guggenheim, Inc. Unit - Class A common stock","2021-12-09 08:00:00-05:00",12.08,12.16,12.03,12.1,12.1,0
"GGPI","Gores Guggenheim, Inc. Unit - Class A common stock","2021-12-09 09:00:00-05:00",12.08,12.14,11.97,12.11,12.11,0
"GGPI","Gores Guggenheim, Inc. Unit - Class A common stock","2021-12-09 09:30:00-05:00",12.114999771118164,12.114999771118164,11.81999969482422,11.869999885559082,11.869999885559082,1006048
"GGPI","Gores Guggenheim, Inc. Unit - Class A common stock","2021-12-09 10:30:00-05:00",11.86929988861084,11.960000038146973,11.800000190734863,11.829999923706056,11.829999923706056,535372
"GGPI","Gores Guggenheim, Inc. Unit - Class A common stock","2021-12-09 11:30:00-05:00",11.824999809265137,11.830699920654297,11.609999656677246,11.729399681091309,11.729399681091309,953608
"GGPI","Gores Guggenheim, Inc. Unit - Class A common stock","2021-12-09 12:30:00-05:00",11.725000381469728,11.8100004196167,11.670000076293944,11.720000267028809,11.720000267028809,436690
"GGPI","Gores Guggenheim, Inc. Unit - Class A common stock","2021-12-09 13:30:00-05:00",11.710800170898438,11.869999885559082,11.65999984741211,11.809000015258787,11.809000015258787,507300
"GGPI","Gores Guggenheim, Inc. Unit - Class A common stock","2021-12-09 14:30:00-05:00",11.8100004196167,11.845000267028809,11.65999984741211,11.70009994506836,11.70009994506836,405805
"GGPI","Gores Guggenheim, Inc. Unit - Class A common stock","2021-12-09 15:30:00-05:00",11.708999633789062,11.729999542236328,11.619999885559082,11.62950038909912,11.62950038909912,345295
"GGPI","Gores Guggenheim, Inc. Unit - Class A common stock","2021-12-09 16:00:00-05:00",11.62,11.69,11.58,11.63,11.63,0
"GGPI","Gores Guggenheim, Inc. Unit - Class A common stock","2021-12-09 17:00:00-05:00",11.6,11.69,11.57,11.61,11.61,0
"GGPI","Gores Guggenheim, Inc. Unit - Class A common stock","2021-12-09 18:00:00-05:00",11.65,11.68,11.57,11.63,11.63,0
"GGPI","Gores Guggenheim, Inc. Unit - Class A common stock","2021-12-10 04:00:00-05:00",11.67,11.68,11.52,11.61,11.61,0
"GGPI","Gores Guggenheim, Inc. Unit - Class A common stock","2021-12-10 05:00:00-05:00",11.59,11.59,11.51,11.52,11.52,0
"GGPI","Gores Guggenheim, Inc. Unit - Class A common stock","2021-12-10 06:00:00-05:00",11.52,11.56,11.49,11.56,11.56,0
"GGPI","Gores Guggenheim, Inc. Unit - Class A common stock","2021-12-10 07:00:00-05:00",11.62,11.67,11.52,11.61,11.61,0
"GGPI","Gores Guggenheim, Inc. Unit - Class A common stock","2021-12-10 08:00:00-05:00",11.62,11.69,11.55,11.69,11.69,0
"GGPI","Gores Guggenheim, Inc. Unit - Class A common stock","2021-12-10 09:00:00-05:00",11.73,11.77,11.65,11.75,11.75,0
"GGPI","Gores Guggenheim, Inc. Unit - Class A common stock","2021-12-10 09:30:00-05:00",11.670000076293944,11.859999656677246,11.5,11.739999771118164,11.739999771118164,1083916
"GGPI","Gores Guggenheim, Inc. Unit - Class A common stock","2021-12-10 10:30:00-05:00",11.760000228881836,11.779999732971191,11.48069953918457,11.59000015258789,11.59000015258789,635437
"GGPI","Gores Guggenheim, Inc. Unit - Class A common stock","2021-12-10 11:30:00-05:00",11.600000381469728,11.68000030517578,11.524999618530272,11.619999885559082,11.619999885559082,443304
"GGPI","Gores Guggenheim, Inc. Unit - Class A common stock","2021-12-10 12:30:00-05:00",11.628899574279783,11.789400100708008,11.609999656677246,11.75,11.75,352454
"GGPI","Gores Guggenheim, Inc. Unit - Class A common stock","2021-12-10 13:30:00-05:00",11.75,11.760000228881836,11.585000038146973,11.609999656677246,11.609999656677246,286216
"GGPI","Gores Guggenheim, Inc. Unit - Class A common stock","2021-12-10 14:30:00-05:00",11.604999542236328,11.604999542236328,11.5,11.55500030517578,11.55500030517578,418366
"GGPI","Gores Guggenheim, Inc. Unit - Class A common stock","2021-12-10 15:30:00-05:00",11.55500030517578,11.579999923706056,11.520000457763672,11.5600004196167,11.5600004196167,302100
"GGPI","Gores Guggenheim, Inc. Unit - Class A common stock","2021-12-10 16:00:00-05:00",11.57,11.6,11.51,11.53,11.53,0
"GGPI","Gores Guggenheim, Inc. Unit - Class A common stock","2021-12-10 17:00:00-05:00",11.54,11.58,11.53,11.57,11.57,0
"GGPI","Gores Guggenheim, Inc. Unit - Class A common stock","2021-12-10 18:00:00-05:00",11.56,11.57,11.49,11.52,11.52,0
"GGPI","Gores Guggenheim, Inc. Unit - Class A common stock","2021-12-13 04:00:00-05:00",11.8,11.83,11.6,11.78,11.78,0
"GGPI","Gores Guggenheim, Inc. Unit - Class A common stock","2021-12-13 05:00:00-05:00",11.78,11.87,11.64,11.65,11.65,0
"GGPI","Gores Guggenheim, Inc. Unit - Class A common stock","2021-12-13 06:00:00-05:00",11.72,11.88,11.66,11.82,11.82,0
"GGPI","Gores Guggenheim, Inc. Unit - Class A common stock","2021-12-13 07:00:00-05:00",11.88,11.93,11.7,11.76,11.76,0
"GGPI","Gores Guggenheim, Inc. Unit - Class A common stock","2021-12-13 08:00:00-05:00",11.76,11.87,11.7,11.75,11.75,0
"GGPI","Gores Guggenheim, Inc. Unit - Class A common stock","2021-12-13 09:00:00-05:00",11.76,11.77,11.52,11.64,11.64,0
"GGPI","Gores Guggenheim, Inc. Unit - Class A common stock","2021-12-13 09:30:00-05:00",11.669300079345703,11.669300079345703,11.25100040435791,11.311400413513184,11.311400413513184,1486972
"GGPI","Gores Guggenheim, Inc. Unit - Class A common stock","2021-12-13 10:30:00-05:00",11.329999923706056,11.449999809265137,11.260000228881836,11.295000076293944,11.295000076293944,567808
"GGPI","Gores Guggenheim, Inc. Unit - Class A common stock","2021-12-13 11:30:00-05:00",11.290800094604492,11.390000343322754,11.210000038146973,11.335000038146973,11.335000038146973,622923
"GGPI","Gores Guggenheim, Inc. Unit - Class A common stock","2021-12-13 12:30:00-05:00",11.329999923706056,11.520000457763672,11.329999923706056,11.47130012512207,11.47130012512207,373186
"GGPI","Gores Guggenheim, Inc. Unit - Class A common stock","2021-12-13 13:30:00-05:00",11.470000267028809,11.609999656677246,11.420000076293944,11.56999969482422,11.56999969482422,406032
"GGPI","Gores Guggenheim, Inc. Unit - Class A common stock","2021-12-13 14:30:00-05:00",11.5600004196167,11.6899995803833,11.539999961853027,11.619999885559082,11.619999885559082,397430
"GGPI","Gores Guggenheim, Inc. Unit - Class A common stock","2021-12-13 15:30:00-05:00",11.625,11.670000076293944,11.609999656677246,11.635000228881836,11.635000228881836,195170
"GGPI","Gores Guggenheim, Inc. Unit - Class A common stock","2021-12-13 16:00:00-05:00",11.65,11.65,11.6,11.62,11.62,0
"GGPI","Gores Guggenheim, Inc. Unit - Class A common stock","2021-12-13 17:00:00-05:00",11.62,11.65,11.55,11.56,11.56,0
"GGPI","Gores Guggenheim, Inc. Unit - Class A common stock","2021-12-13 18:00:00-05:00",11.6,11.64,11.56,11.59,11.59,0
"GGPI","Gores Guggenheim, Inc. Unit - Class A common stock","2021-12-14 04:00:00-05:00",11.55,11.63,11.51,11.54,11.54,0
"GGPI","Gores Guggenheim, Inc. Unit - Class A common stock","2021-12-14 05:00:00-05:00",11.55,11.65,11.51,11.63,11.63,0
"GGPI","Gores Guggenheim, Inc. Unit - Class A common stock","2021-12-14 06:00:00-05:00",11.63,11.64,11.51,11.54,11.54,0
"GGPI","Gores Guggenheim, Inc. Unit - Class A common stock","2021-12-14 07:00:00-05:00",11.62,11.63,11.53,11.58,11.58,0
"GGPI","Gores Guggenheim, Inc. Unit - Class A common stock","2021-12-14 08:00:00-05:00",11.58,11.6399,11.51,11.51,11.51,0
"GGPI","Gores Guggenheim, Inc. Unit - Class A common stock","2021-12-14 09:00:00-05:00",11.51,11.54,11.3,11.32,11.32,0
"GGPI","Gores Guggenheim, Inc. Unit - Class A common stock","2021-12-14 09:30:00-05:00",11.470000267028809,11.550000190734863,11.300000190734863,11.489999771118164,11.489999771118164,720144
"GGPI","Gores Guggenheim, Inc. Unit - Class A common stock","2021-12-14 10:30:00-05:00",11.5,11.550100326538086,11.362700462341309,11.399999618530272,11.399999618530272,380636
"GGPI","Gores Guggenheim, Inc. Unit - Class A common stock","2021-12-14 11:30:00-05:00",11.401000022888184,11.43000030517578,11.300000190734863,11.3100004196167,11.3100004196167,264922
"GGPI","Gores Guggenheim, Inc. Unit - Class A common stock","2021-12-14 12:30:00-05:00",11.31999969482422,11.34000015258789,11.25,11.289999961853027,11.289999961853027,379199
"GGPI","Gores Guggenheim, Inc. Unit - Class A common stock","2021-12-14 13:30:00-05:00",11.295000076293944,11.439900398254396,11.290399551391602,11.369999885559082,11.369999885559082,369849
"GGPI","Gores Guggenheim, Inc. Unit - Class A common stock","2021-12-14 14:30:00-05:00",11.369999885559082,11.420000076293944,11.289999961853027,11.38070011138916,11.38070011138916,444924
"GGPI","Gores Guggenheim, Inc. Unit - Class A common stock","2021-12-14 15:30:00-05:00",11.380000114440918,11.380000114440918,11.279999732971191,11.3100004196167,11.3100004196167,330470
"GGPI","Gores Guggenheim, Inc. Unit - Class A common stock","2021-12-14 16:00:00-05:00",11.32,11.32,11.25,11.29,11.29,0
"GGPI","Gores Guggenheim, Inc. Unit - Class A common stock","2021-12-14 17:00:00-05:00",11.29,11.32,11.23,11.25,11.25,0
"GGPI","Gores Guggenheim, Inc. Unit - Class A common stock","2021-12-14 18:00:00-05:00",11.23,11.26,11.21,11.25,11.25,0
"GGPI","Gores Guggenheim, Inc. Unit - Class A common stock","2021-12-15 04:00:00-05:00",11.32,11.38,11.29,11.29,11.29,0
"GGPI","Gores Guggenheim, Inc. Unit - Class A common stock","2021-12-15 05:00:00-05:00",11.29,11.31,11.21,11.23,11.23,0
"GGPI","Gores Guggenheim, Inc. Unit - Class A common stock","2021-12-15 06:00:00-05:00",11.24,11.28,11.22,11.27,11.27,0
"GGPI","Gores Guggenheim, Inc. Unit - Class A common stock","2021-12-15 07:00:00-05:00",11.25,11.28,11.22,11.26,11.26,0
"GGPI","Gores Guggenheim, Inc. Unit - Class A common stock","2021-12-15 08:00:00-05:00",11.27,11.35,11.22,11.3,11.3,0
"GGPI","Gores Guggenheim, Inc. Unit - Class A common stock","2021-12-15 09:00:00-05:00",11.29,11.33,11.2,11.29,11.29,0
"GGPI","Gores Guggenheim, Inc. Unit - Class A common stock","2021-12-15 09:30:00-05:00",11.31999969482422,11.399999618530272,11.109999656677246,11.140000343322754,11.140000343322754,1003965
"GGPI","Gores Guggenheim, Inc. Unit - Class A common stock","2021-12-15 10:30:00-05:00",11.130000114440918,11.181900024414062,10.880000114440918,10.996899604797363,10.996899604797363,1175900
"GGPI","Gores Guggenheim, Inc. Unit - Class A common stock","2021-12-15 11:30:00-05:00",10.99020004272461,11.029999732971191,10.824999809265137,10.984999656677246,10.984999656677246,1178962
"GGPI","Gores Guggenheim, Inc. Unit - Class A common stock","2021-12-15 12:30:00-05:00",10.984999656677246,11.5,10.979999542236328,11.3100004196167,11.3100004196167,1240090
"GGPI","Gores Guggenheim, Inc. Unit - Class A common stock","2021-12-15 13:30:00-05:00",11.31999969482422,11.489999771118164,11.220100402832031,11.390000343322754,11.390000343322754,586873
"GGPI","Gores Guggenheim, Inc. Unit - Class A common stock","2021-12-15 14:30:00-05:00",11.399900436401367,11.479999542236328,11.300000190734863,11.479999542236328,11.479999542236328,504481
"GGPI","Gores Guggenheim, Inc. Unit - Class A common stock","2021-12-15 15:30:00-05:00",11.494999885559082,11.699999809265137,11.489999771118164,11.582599639892578,11.582599639892578,760306
"GGPI","Gores Guggenheim, Inc. Unit - Class A common stock","2021-12-15 16:00:00-05:00",11.59,11.66,11.5,11.66,11.66,0
"GGPI","Gores Guggenheim, Inc. Unit - Class A common stock","2021-12-15 17:00:00-05:00",11.6001,11.67,11.53,11.65,11.65,0
"GGPI","Gores Guggenheim, Inc. Unit - Class A common stock","2021-12-15 18:00:00-05:00",11.67,11.7999,11.6699,11.75,11.75,0
"GGPI","Gores Guggenheim, Inc. Unit - Class A common stock","2021-12-16 04:00:00-05:00",11.93,11.93,11.76,11.77,11.77,0
"GGPI","Gores Guggenheim, Inc. Unit - Class A common stock","2021-12-16 05:00:00-05:00",11.76,11.77,11.68,11.68,11.68,0
"GGPI","Gores Guggenheim, Inc. Unit - Class A common stock","2021-12-16 06:00:00-05:00",11.67,11.76,11.64,11.69,11.69,0
"GGPI","Gores Guggenheim, Inc. Unit - Class A common stock","2021-12-16 07:00:00-05:00",11.7,11.78,11.6,11.69,11.69,0
"GGPI","Gores Guggenheim, Inc. Unit - Class A common stock","2021-12-16 08:00:00-05:00",11.69,11.7999,11.59,11.67,11.67,0
"GGPI","Gores Guggenheim, Inc. Unit - Class A common stock","2021-12-16 09:00:00-05:00",11.68,11.76,11.63,11.64,11.64,0
"GGPI","Gores Guggenheim, Inc. Unit - Class A common stock","2021-12-16 09:30:00-05:00",11.6899995803833,11.729999542236328,11.34000015258789,11.43000030517578,11.43000030517578,961408
"GGPI","Gores Guggenheim, Inc. Unit - Class A common stock","2021-12-16 10:30:00-05:00",11.43000030517578,11.56999969482422,11.359999656677246,11.531200408935549,11.531200408935549,503463
"GGPI","Gores Guggenheim, Inc. Unit - Class A common stock","2021-12-16 11:30:00-05:00",11.550000190734863,11.579999923706056,11.34000015258789,11.399999618530272,11.399999618530272,395796
"GGPI","Gores Guggenheim, Inc. Unit - Class A common stock","2021-12-16 12:30:00-05:00",11.399999618530272,11.420000076293944,11.260000228881836,11.329999923706056,11.329999923706056,343525
"GGPI","Gores Guggenheim, Inc. Unit - Class A common stock","2021-12-16 13:30:00-05:00",11.329999923706056,11.40999984741211,11.199999809265137,11.229999542236328,11.229999542236328,334608
"GGPI","Gores Guggenheim, Inc. Unit - Class A common stock","2021-12-16 14:30:00-05:00",11.229999542236328,11.279999732971191,11.0600004196167,11.227999687194824,11.227999687194824,940879
"GGPI","Gores Guggenheim, Inc. Unit - Class A common stock","2021-12-16 15:30:00-05:00",11.211000442504885,11.260000228881836,11.109999656677246,11.109999656677246,11.109999656677246,393506
"GGPI","Gores Guggenheim, Inc. Unit - Class A common stock","2021-12-16 16:00:00-05:00",11.13,11.18,11.08,11.17,11.17,0
"GGPI","Gores Guggenheim, Inc. Unit - Class A common stock","2021-12-16 17:00:00-05:00",11.17,11.2,11.1,11.11,11.11,0
"GGPI","Gores Guggenheim, Inc. Unit - Class A common stock","2021-12-16 18:00:00-05:00",11.12,11.16,11.1,11.13,11.13,0
"GGPI","Gores Guggenheim, Inc. Unit - Class A common stock","2021-12-17 04:00:00-05:00",11.14,11.14,10.98,11.06,11.06,0
"GGPI","Gores Guggenheim, Inc. Unit - Class A common stock","2021-12-17 05:00:00-05:00",11.09,11.27,11.03,11.19,11.19,0
"GGPI","Gores Guggenheim, Inc. Unit - Class A common stock","2021-12-17 06:00:00-05:00",11.16,11.25,11.03,11.13,11.13,0
"GGPI","Gores Guggenheim, Inc. Unit - Class A common stock","2021-12-17 07:00:00-05:00",11.13,11.22,11.04,11.05,11.05,0
"GGPI","Gores Guggenheim, Inc. Unit - Class A common stock","2021-12-17 08:00:00-05:00",11.06,11.2999,11.0,11.03,11.03,0
"GGPI","Gores Guggenheim, Inc. Unit - Class A common stock","2021-12-17 09:00:00-05:00",11.03,11.04,10.9,10.95,10.95,0
"GGPI","Gores Guggenheim, Inc. Unit - Class A common stock","2021-12-17 09:30:00-05:00",10.984000205993652,11.25,10.920000076293944,11.220000267028809,11.220000267028809,1199585
"GGPI","Gores Guggenheim, Inc. Unit - Class A common stock","2021-12-17 10:30:00-05:00",11.204500198364258,11.387100219726562,11.170000076293944,11.279999732971191,11.279999732971191,481052
"GGPI","Gores Guggenheim, Inc. Unit - Class A common stock","2021-12-17 11:30:00-05:00",11.270000457763672,11.28499984741211,11.119999885559082,11.170000076293944,11.170000076293944,445559
"GGPI","Gores Guggenheim, Inc. Unit - Class A common stock","2021-12-17 12:30:00-05:00",11.170000076293944,11.25,11.140000343322754,11.229999542236328,11.229999542236328,259021
"GGPI","Gores Guggenheim, Inc. Unit - Class A common stock","2021-12-17 13:30:00-05:00",11.220000267028809,11.295000076293944,11.220000267028809,11.25,11.25,265339
"GGPI","Gores Guggenheim, Inc. Unit - Class A common stock","2021-12-17 14:30:00-05:00",11.255000114440918,11.300000190734863,11.130000114440918,11.255499839782717,11.255499839782717,335735
"GGPI","Gores Guggenheim, Inc. Unit - Class A common stock","2021-12-17 15:30:00-05:00",11.255000114440918,11.270000457763672,11.109999656677246,11.109999656677246,11.109999656677246,317141
"GGPI","Gores Guggenheim, Inc. Unit - Class A common stock","2021-12-17 16:00:00-05:00",11.14,11.16,11.1,11.15,11.15,0
"GGPI","Gores Guggenheim, Inc. Unit - Class A common stock","2021-12-17 17:00:00-05:00",11.15,11.21,11.14,11.18,11.18,0
"GGPI","Gores Guggenheim, Inc. Unit - Class A common stock","2021-12-17 18:00:00-05:00",11.18,11.2,11.16,11.19,11.19,0
"GGPI","Gores Guggenheim, Inc. Unit - Class A common stock","2021-12-20 04:00:00-05:00",11.14,11.14,10.8,10.93,10.93,0
"GGPI","Gores Guggenheim, Inc. Unit - Class A common stock","2021-12-20 05:00:00-05:00",10.91,11.01,10.91,10.98,10.98,0
"GGPI","Gores Guggenheim, Inc. Unit - Class A common stock","2021-12-20 06:00:00-05:00",10.98,11.01,10.95,10.98,10.98,0
"GGPI","Gores Guggenheim, Inc. Unit - Class A common stock","2021-12-20 07:00:00-05:00",10.99,11.02,10.71,10.91,10.91,0
"GGPI","Gores Guggenheim, Inc. Unit - Class A common stock","2021-12-20 08:00:00-05:00",10.91,11.02,10.87,10.95,10.95,0
"GGPI","Gores Guggenheim, Inc. Unit - Class A common stock","2021-12-20 09:00:00-05:00",10.97,10.99,10.895,10.98,10.98,0
"GGPI","Gores Guggenheim, Inc. Unit - Class A common stock","2021-12-20 09:30:00-05:00",10.994999885559082,11.199999809265137,10.979999542236328,11.104999542236328,11.104999542236328,1054077
"GGPI","Gores Guggenheim, Inc. Unit - Class A common stock","2021-12-20 10:30:00-05:00",11.100000381469728,11.119999885559082,10.989999771118164,11.020000457763672,11.020000457763672,574502
"GGPI","Gores Guggenheim, Inc. Unit - Class A common stock","2021-12-20 11:30:00-05:00",11.036999702453612,11.1899995803833,11.020000457763672,11.062999725341797,11.062999725341797,284740
"GGPI","Gores Guggenheim, Inc. Unit - Class A common stock","2021-12-20 12:30:00-05:00",11.079899787902832,11.130000114440918,11.020000457763672,11.0600004196167,11.0600004196167,181186
"GGPI","Gores Guggenheim, Inc. Unit - Class A common stock","2021-12-20 13:30:00-05:00",11.060500144958496,11.168999671936035,11.050000190734863,11.06999969482422,11.06999969482422,202054
"GGPI","Gores Guggenheim, Inc. Unit - Class A common stock","2021-12-20 14:30:00-05:00",11.082200050354004,11.164999961853027,11.060099601745604,11.16100025177002,11.16100025177002,269735
"GGPI","Gores Guggenheim, Inc. Unit - Class A common stock","2021-12-20 15:30:00-05:00",11.154999732971191,11.260000228881836,11.154999732971191,11.219900131225586,11.219900131225586,396109
"GGPI","Gores Guggenheim, Inc. Unit - Class A common stock","2021-12-20 16:00:00-05:00",11.22,11.27,11.18,11.21,11.21,0
"GGPI","Gores Guggenheim, Inc. Unit - Class A common stock","2021-12-20 17:00:00-05:00",11.24,11.24,11.16,11.18,11.18,0
"GGPI","Gores Guggenheim, Inc. Unit - Class A common stock","2021-12-20 18:00:00-05:00",11.22,11.26,11.19,11.22,11.22,0
"GGPI","Gores Guggenheim, Inc. Unit - Class A common stock","2021-12-21 04:00:00-05:00",11.22,11.38,11.22,11.3,11.3,0
"GGPI","Gores Guggenheim, Inc. Unit - Class A common stock","2021-12-21 05:00:00-05:00",11.3,11.37,11.25,11.25,11.25,0
"GGPI","Gores Guggenheim, Inc. Unit - Class A common stock","2021-12-21 06:00:00-05:00",11.3,11.39,11.3,11.39,11.39,0
"GGPI","Gores Guggenheim, Inc. Unit - Class A common stock","2021-12-21 07:00:00-05:00",11.33,11.39,11.28,11.29,11.29,0
"GGPI","Gores Guggenheim, Inc. Unit - Class A common stock","2021-12-21 08:00:00-05:00",11.28,11.37,11.22,11.24,11.24,0
"GGPI","Gores Guggenheim, Inc. Unit - Class A common stock","2021-12-21 09:00:00-05:00",11.24,11.3399,11.2301,11.32,11.32,0
"GGPI","Gores Guggenheim, Inc. Unit - Class A common stock","2021-12-21 09:30:00-05:00",11.31999969482422,11.40999984741211,11.170000076293944,11.199999809265137,11.199999809265137,712573
"GGPI","Gores Guggenheim, Inc. Unit - Class A common stock","2021-12-21 10:30:00-05:00",11.201000213623049,11.34000015258789,11.097200393676758,11.260000228881836,11.260000228881836,519875
"GGPI","Gores Guggenheim, Inc. Unit - Class A common stock","2021-12-21 11:30:00-05:00",11.240099906921388,11.350000381469728,11.170000076293944,11.25,11.25,277479
"GGPI","Gores Guggenheim, Inc. Unit - Class A common stock","2021-12-21 12:30:00-05:00",11.24839973449707,11.329999923706056,11.199999809265137,11.31779956817627,11.31779956817627,122318
"GGPI","Gores Guggenheim, Inc. Unit - Class A common stock","2021-12-21 13:30:00-05:00",11.31980037689209,11.395000457763672,11.279999732971191,11.329999923706056,11.329999923706056,298716
"GGPI","Gores Guggenheim, Inc. Unit - Class A common stock","2021-12-21 14:30:00-05:00",11.350000381469728,11.380000114440918,11.23009967803955,11.260000228881836,11.260000228881836,296506
"GGPI","Gores Guggenheim, Inc. Unit - Class A common stock","2021-12-21 15:30:00-05:00",11.259300231933594,11.289999961853027,11.225000381469728,11.255000114440918,11.255000114440918,230365
"GGPI","Gores Guggenheim, Inc. Unit - Class A common stock","2021-12-21 16:00:00-05:00",11.25,11.3,11.21,11.28,11.28,0
"GGPI","Gores Guggenheim, Inc. Unit - Class A common stock","2021-12-21 17:00:00-05:00",11.28,11.3,11.21,11.28,11.28,0
"GGPI","Gores Guggenheim, Inc. Unit - Class A common stock","2021-12-21 18:00:00-05:00",11.28,11.28,11.17,11.26,11.26,0
"GGPI","Gores Guggenheim, Inc. Unit - Class A common stock","2021-12-22 04:00:00-05:00",11.3,11.3,11.25,11.25,11.25,0
"GGPI","Gores Guggenheim, Inc. Unit - Class A common stock","2021-12-22 05:00:00-05:00",11.28,11.28,11.21,11.25,11.25,0
"GGPI","Gores Guggenheim, Inc. Unit - Class A common stock","2021-12-22 06:00:00-05:00",11.25,11.27,11.2,11.27,11.27,0
"GGPI","Gores Guggenheim, Inc. Unit - Class A common stock","2021-12-22 07:00:00-05:00",11.28,11.31,11.21,11.29,11.29,0
"GGPI","Gores Guggenheim, Inc. Unit - Class A common stock","2021-12-22 08:00:00-05:00",11.3,11.32,11.22,11.26,11.26,0
"GGPI","Gores Guggenheim, Inc. Unit - Class A common stock","2021-12-22 09:00:00-05:00",11.3,11.32,11.22,11.23,11.23,0
"GGPI","Gores Guggenheim, Inc. Unit - Class A common stock","2021-12-22 09:30:00-05:00",11.260000228881836,11.81999969482422,11.23009967803955,11.649999618530272,11.649999618530272,1439807
"GGPI","Gores Guggenheim, Inc. Unit - Class A common stock","2021-12-22 10:30:00-05:00",11.649999618530272,11.749500274658203,11.510000228881836,11.56999969482422,11.56999969482422,579579
"GGPI","Gores Guggenheim, Inc. Unit - Class A common stock","2021-12-22 11:30:00-05:00",11.579999923706056,11.720000267028809,11.5600004196167,11.62049961090088,11.62049961090088,399062
"GGPI","Gores Guggenheim, Inc. Unit - Class A common stock","2021-12-22 12:30:00-05:00",11.628100395202637,11.640000343322754,11.550000190734863,11.5600004196167,11.5600004196167,213546
"GGPI","Gores Guggenheim, Inc. Unit - Class A common stock","2021-12-22 13:30:00-05:00",11.56999969482422,11.59000015258789,11.449999809265137,11.494999885559082,11.494999885559082,284224
"GGPI","Gores Guggenheim, Inc. Unit - Class A common stock","2021-12-22 14:30:00-05:00",11.495800018310549,11.529999732971191,11.460000038146973,11.484999656677246,11.484999656677246,198723
"GGPI","Gores Guggenheim, Inc. Unit - Class A common stock","2021-12-22 15:30:00-05:00",11.489500045776367,11.59000015258789,11.479999542236328,11.550000190734863,11.550000190734863,221912
"GGPI","Gores Guggenheim, Inc. Unit - Class A common stock","2021-12-22 16:00:00-05:00",11.57,11.6,11.51,11.55,11.55,0
"GGPI","Gores Guggenheim, Inc. Unit - Class A common stock","2021-12-22 17:00:00-05:00",11.52,11.6,11.52,11.6,11.6,0
"GGPI","Gores Guggenheim, Inc. Unit - Class A common stock","2021-12-22 18:00:00-05:00",11.53,11.6,11.53,11.58,11.58,0
"GGPI","Gores Guggenheim, Inc. Unit - Class A common stock","2021-12-23 04:00:00-05:00",11.57,11.69,11.57,11.66,11.66,0
"GGPI","Gores Guggenheim, Inc. Unit - Class A common stock","2021-12-23 05:00:00-05:00",11.65,11.66,11.57,11.57,11.57,0
"GGPI","Gores Guggenheim, Inc. Unit - Class A common stock","2021-12-23 06:00:00-05:00",11.57,11.57,11.51,11.52,11.52,0
"GGPI","Gores Guggenheim, Inc. Unit - Class A common stock","2021-12-23 07:00:00-05:00",11.55,11.56,11.52,11.56,11.56,0
"GGPI","Gores Guggenheim, Inc. Unit - Class A common stock","2021-12-23 08:00:00-05:00",11.59,11.61,11.52,11.58,11.58,0
"GGPI","Gores Guggenheim, Inc. Unit - Class A common stock","2021-12-23 09:00:00-05:00",11.58,11.58,11.51,11.51,11.51,0
"GGPI","Gores Guggenheim, Inc. Unit - Class A common stock","2021-12-23 09:30:00-05:00",11.550000190734863,11.770000457763672,11.529999732971191,11.579999923706056,11.579999923706056,678778
"GGPI","Gores Guggenheim, Inc. Unit - Class A common stock","2021-12-23 10:30:00-05:00",11.56999969482422,11.630000114440918,11.520000457763672,11.600000381469728,11.600000381469728,290302
"GGPI","Gores Guggenheim, Inc. Unit - Class A common stock","2021-12-23 11:30:00-05:00",11.59000015258789,11.640000343322754,11.523500442504885,11.529199600219728,11.529199600219728,314565
"GGPI","Gores Guggenheim, Inc. Unit - Class A common stock","2021-12-23 12:30:00-05:00",11.529999732971191,11.600000381469728,11.521200180053713,11.568900108337402,11.568900108337402,196808
"GGPI","Gores Guggenheim, Inc. Unit - Class A common stock","2021-12-23 13:30:00-05:00",11.56999969482422,11.68000030517578,11.539999961853027,11.59000015258789,11.59000015258789,307355
"GGPI","Gores Guggenheim, Inc. Unit - Class A common stock","2021-12-23 14:30:00-05:00",11.579999923706056,11.619999885559082,11.5600004196167,11.59000015258789,11.59000015258789,147098
"GGPI","Gores Guggenheim, Inc. Unit - Class A common stock","2021-12-23 15:30:00-05:00",11.586000442504885,11.615699768066406,11.539999961853027,11.545000076293944,11.545000076293944,178917
"GGPI","Gores Guggenheim, Inc. Unit - Class A common stock","2021-12-23 16:00:00-05:00",11.55,11.64,11.54,11.55,11.55,0
"GGPI","Gores Guggenheim, Inc. Unit - Class A common stock","2021-12-23 17:00:00-05:00",11.6,11.6,11.51,11.57,11.57,0
"GGPI","Gores Guggenheim, Inc. Unit - Class A common stock","2021-12-23 18:00:00-05:00",11.57,11.61,11.51,11.61,11.61,0
"GGPI","Gores Guggenheim, Inc. Unit - Class A common stock","2021-12-27 04:00:00-05:00",11.58,11.76,11.5,11.69,11.69,0
"GGPI","Gores Guggenheim, Inc. Unit - Class A common stock","2021-12-27 05:00:00-05:00",11.69,11.76,11.68,11.73,11.73,0
"GGPI","Gores Guggenheim, Inc. Unit - Class A common stock","2021-12-27 06:00:00-05:00",11.73,11.73,11.61,11.72,11.72,0
"GGPI","Gores Guggenheim, Inc. Unit - Class A common stock","2021-12-27 07:00:00-05:00",11.72,11.73,11.63,11.66,11.66,0
"GGPI","Gores Guggenheim, Inc. Unit - Class A common stock","2021-12-27 08:00:00-05:00",11.66,11.72,11.66,11.69,11.69,0
"GGPI","Gores Guggenheim, Inc. Unit - Class A common stock","2021-12-27 09:00:00-05:00",11.68,11.69,11.65,11.67,11.67,0
"GGPI","Gores Guggenheim, Inc. Unit - Class A common stock","2021-12-27 09:30:00-05:00",11.649999618530272,11.65999984741211,11.420000076293944,11.579999923706056,11.579999923706056,539526
"GGPI","Gores Guggenheim, Inc. Unit - Class A common stock","2021-12-27 10:30:00-05:00",11.581500053405762,11.599900245666504,11.399999618530272,11.43000030517578,11.43000030517578,387798
"GGPI","Gores Guggenheim, Inc. Unit - Class A common stock","2021-12-27 11:30:00-05:00",11.439900398254396,11.619999885559082,11.369999885559082,11.40060043334961,11.40060043334961,382817
"GGPI","Gores Guggenheim, Inc. Unit - Class A common stock","2021-12-27 12:30:00-05:00",11.40999984741211,11.5,11.395000457763672,11.488200187683104,11.488200187683104,278572
"GGPI","Gores Guggenheim, Inc. Unit - Class A common stock","2021-12-27 13:30:00-05:00",11.489999771118164,11.5,11.44540023803711,11.475000381469728,11.475000381469728,104621
"GGPI","Gores Guggenheim, Inc. Unit - Class A common stock","2021-12-27 14:30:00-05:00",11.470000267028809,11.5,11.420000076293944,11.459199905395508,11.459199905395508,251000
"GGPI","Gores Guggenheim, Inc. Unit - Class A common stock","2021-12-27 15:30:00-05:00",11.449999809265137,11.5,11.420000076293944,11.451000213623049,11.451000213623049,123687
"GGPI","Gores Guggenheim, Inc. Unit - Class A common stock","2021-12-27 16:00:00-05:00",11.46,11.53,11.43,11.51,11.51,0
"GGPI","Gores Guggenheim, Inc. Unit - Class A common stock","2021-12-27 17:00:00-05:00",11.51,11.54,11.46,11.54,11.54,0
"GGPI","Gores Guggenheim, Inc. Unit - Class A common stock","2021-12-27 18:00:00-05:00",11.5,11.53,11.46,11.46,11.46,0
"GGPI","Gores Guggenheim, Inc. Unit - Class A common stock","2021-12-28 04:00:00-05:00",11.47,11.54,11.42,11.47,11.47,0
"GGPI","Gores Guggenheim, Inc. Unit - Class A common stock","2021-12-28 05:00:00-05:00",11.5,11.54,11.48,11.48,11.48,0
"GGPI","Gores Guggenheim, Inc. Unit - Class A common stock","2021-12-28 06:00:00-05:00",11.52,11.55,11.48,11.48,11.48,0
"GGPI","Gores Guggenheim, Inc. Unit - Class A common stock","2021-12-28 07:00:00-05:00",11.48,11.5,11.45,11.47,11.47,0
"GGPI","Gores Guggenheim, Inc. Unit - Class A common stock","2021-12-28 08:00:00-05:00",11.48,11.53,11.45,11.51,11.51,0
"GGPI","Gores Guggenheim, Inc. Unit - Class A common stock","2021-12-28 09:00:00-05:00",11.51,11.51,11.43,11.49,11.49,0
"GGPI","Gores Guggenheim, Inc. Unit - Class A common stock","2021-12-28 09:30:00-05:00",11.5,11.559900283813477,11.392399787902832,11.5,11.5,570468
"GGPI","Gores Guggenheim, Inc. Unit - Class A common stock","2021-12-28 10:30:00-05:00",11.5,11.558799743652344,11.489999771118164,11.503999710083008,11.503999710083008,414278
"GGPI","Gores Guggenheim, Inc. Unit - Class A common stock","2021-12-28 11:30:00-05:00",11.505000114440918,11.53439998626709,11.489999771118164,11.508500099182127,11.508500099182127,404915
"GGPI","Gores Guggenheim, Inc. Unit - Class A common stock","2021-12-28 12:30:00-05:00",11.501099586486816,11.530099868774414,11.479999542236328,11.505000114440918,11.505000114440918,238434
"GGPI","Gores Guggenheim, Inc. Unit - Class A common stock","2021-12-28 13:30:00-05:00",11.500100135803224,11.520000457763672,11.449999809265137,11.470000267028809,11.470000267028809,148783
"GGPI","Gores Guggenheim, Inc. Unit - Class A common stock","2021-12-28 14:30:00-05:00",11.475000381469728,11.475000381469728,11.380000114440918,11.393400192260742,11.393400192260742,255722
"GGPI","Gores Guggenheim, Inc. Unit - Class A common stock","2021-12-28 15:30:00-05:00",11.409899711608888,11.470000267028809,11.390000343322754,11.4399995803833,11.4399995803833,107451
"GGPI","Gores Guggenheim, Inc. Unit - Class A common stock","2021-12-28 16:00:00-05:00",11.43,11.44,11.39,11.44,11.44,0
"GGPI","Gores Guggenheim, Inc. Unit - Class A common stock","2021-12-28 17:00:00-05:00",11.41,11.44,11.4,11.43,11.43,0
"GGPI","Gores Guggenheim, Inc. Unit - Class A common stock","2021-12-28 18:00:00-05:00",11.44,11.44,11.39,11.4,11.4,0
"GGPI","Gores Guggenheim, Inc. Unit - Class A common stock","2021-12-29 04:00:00-05:00",11.65,11.65,11.44,11.46,11.46,0
"GGPI","Gores Guggenheim, Inc. Unit - Class A common stock","2021-12-29 05:00:00-05:00",11.5,11.5,11.4,11.45,11.45,0
"GGPI","Gores Guggenheim, Inc. Unit - Class A common stock","2021-12-29 06:00:00-05:00",11.45,11.46,11.44,11.44,11.44,0
"GGPI","Gores Guggenheim, Inc. Unit - Class A common stock","2021-12-29 07:00:00-05:00",11.44,11.44,11.4,11.43,11.43,0
"GGPI","Gores Guggenheim, Inc. Unit - Class A common stock","2021-12-29 08:00:00-05:00",11.43,11.44,11.4,11.41,11.41,0
"GGPI","Gores Guggenheim, Inc. Unit - Class A common stock","2021-12-29 09:00:00-05:00",11.41,11.42,11.38,11.41,11.41,0
"GGPI","Gores Guggenheim, Inc. Unit - Class A common stock","2021-12-29 09:30:00-05:00",11.390000343322754,11.470000267028809,11.020000457763672,11.149999618530272,11.149999618530272,1029976
"GGPI","Gores Guggenheim, Inc. Unit - Class A common stock","2021-12-29 10:30:00-05:00",11.154999732971191,11.300000190734863,11.100000381469728,11.15999984741211,11.15999984741211,432481
"GGPI","Gores Guggenheim, Inc. Unit - Class A common stock","2021-12-29 11:30:00-05:00",11.159099578857422,11.229999542236328,11.140000343322754,11.16759967803955,11.16759967803955,181409
"GGPI","Gores Guggenheim, Inc. Unit - Class A common stock","2021-12-29 12:30:00-05:00",11.164999961853027,11.226400375366213,11.142000198364258,11.220000267028809,11.220000267028809,199789
"GGPI","Gores Guggenheim, Inc. Unit - Class A common stock","2021-12-29 13:30:00-05:00",11.212200164794922,11.239999771118164,11.079999923706056,11.10849952697754,11.10849952697754,286682
"GGPI","Gores Guggenheim, Inc. Unit - Class A common stock","2021-12-29 14:30:00-05:00",11.109700202941896,11.130000114440918,11.050000190734863,11.050000190734863,11.050000190734863,387067
"GGPI","Gores Guggenheim, Inc. Unit - Class A common stock","2021-12-29 15:30:00-05:00",11.0600004196167,11.100000381469728,11.04010009765625,11.0600004196167,11.0600004196167,276838
"GGPI","Gores Guggenheim, Inc. Unit - Class A common stock","2021-12-29 16:00:00-05:00",11.06,11.11,11.05,11.07,11.07,0
"GGPI","Gores Guggenheim, Inc. Unit - Class A common stock","2021-12-29 17:00:00-05:00",11.08,11.1,11.05,11.08,11.08,0
"GGPI","Gores Guggenheim, Inc. Unit - Class A common stock","2021-12-29 18:00:00-05:00",11.08,11.1,11.01,11.04,11.04,0
"GGPI","Gores Guggenheim, Inc. Unit - Class A common stock","2021-12-30 04:00:00-05:00",11.14,11.14,11.05,11.11,11.11,0
"GGPI","Gores Guggenheim, Inc. Unit - Class A common stock","2021-12-30 05:00:00-05:00",11.11,11.11,11.04,11.05,11.05,0
"GGPI","Gores Guggenheim, Inc. Unit - Class A common stock","2021-12-30 06:00:00-05:00",11.09,11.09,11.04,11.07,11.07,0
"GGPI","Gores Guggenheim, Inc. Unit - Class A common stock","2021-12-30 07:00:00-05:00",11.07,11.1,11.05,11.07,11.07,0
"GGPI","Gores Guggenheim, Inc. Unit - Class A common stock","2021-12-30 08:00:00-05:00",11.07,11.09,11.06,11.07,11.07,0
"GGPI","Gores Guggenheim, Inc. Unit - Class A common stock","2021-12-30 09:00:00-05:00",11.07,11.09,11.05,11.05,11.05,0
"GGPI","Gores Guggenheim, Inc. Unit - Class A common stock","2021-12-30 09:30:00-05:00",11.09000015258789,11.43000030517578,11.076199531555176,11.380999565124512,11.380999565124512,833485
"GGPI","Gores Guggenheim, Inc. Unit - Class A common stock","2021-12-30 10:30:00-05:00",11.395000457763672,11.5600004196167,11.350000381469728,11.390000343322754,11.390000343322754,426906
"GGPI","Gores Guggenheim, Inc. Unit - Class A common stock","2021-12-30 11:30:00-05:00",11.399999618530272,11.43000030517578,11.350000381469728,11.399999618530272,11.399999618530272,260091
"GGPI","Gores Guggenheim, Inc. Unit - Class A common stock","2021-12-30 12:30:00-05:00",11.38010025024414,11.649999618530272,11.37679958343506,11.479399681091309,11.479399681091309,349113
"GGPI","Gores Guggenheim, Inc. Unit - Class A common stock","2021-12-30 13:30:00-05:00",11.468899726867676,11.51990032196045,11.399999618530272,11.460000038146973,11.460000038146973,197339
"GGPI","Gores Guggenheim, Inc. Unit - Class A common stock","2021-12-30 14:30:00-05:00",11.460000038146973,11.529999732971191,11.40999984741211,11.440400123596191,11.440400123596191,183810
"GGPI","Gores Guggenheim, Inc. Unit - Class A common stock","2021-12-30 15:30:00-05:00",11.44499969482422,11.449999809265137,11.34000015258789,11.34000015258789,11.34000015258789,149953
"GGPI","Gores Guggenheim, Inc. Unit - Class A common stock","2021-12-30 16:00:00-05:00",11.34,11.4,11.34,11.37,11.37,0
"GGPI","Gores Guggenheim, Inc. Unit - Class A common stock","2021-12-30 17:00:00-05:00",11.37,11.39,11.33,11.33,11.33,0
