"ticker","name","date","open","high","low","close","adjusted close","volume"
"PROG","Progenity, Inc. - Common Stock","2021-01-04 07:00:00-05:00",5.45,5.45,5.45,5.45,5.45,0
"PROG","Progenity, Inc. - Common Stock","2021-01-04 08:00:00-05:00",5.4,5.7,5.4,5.55,5.55,0
"PROG","Progenity, Inc. - Common Stock","2021-01-04 09:30:00-05:00",5.572299957275391,5.630799770355225,5.407100200653076,5.5,5.5,133501
"PROG","Progenity, Inc. - Common Stock","2021-01-04 10:30:00-05:00",5.513299942016602,5.550000190734863,5.159999847412109,5.215099811553955,5.215099811553955,116645
"PROG","Progenity, Inc. - Common Stock","2021-01-04 11:30:00-05:00",5.239999771118164,5.239999771118164,4.760000228881836,4.965000152587891,4.965000152587891,247983
"PROG","Progenity, Inc. - Common Stock","2021-01-04 12:30:00-05:00",4.95989990234375,5.03000020980835,4.860000133514404,5.019999980926514,5.019999980926514,68679
"PROG","Progenity, Inc. - Common Stock","2021-01-04 13:30:00-05:00",5.019999980926514,5.070000171661377,4.980000019073486,5.070000171661377,5.070000171661377,68312
"PROG","Progenity, Inc. - Common Stock","2021-01-04 14:30:00-05:00",5.070000171661377,5.190000057220459,5.0,5.099999904632568,5.099999904632568,48886
"PROG","Progenity, Inc. - Common Stock","2021-01-04 15:30:00-05:00",5.110000133514404,5.199999809265137,5.105000019073486,5.199999809265137,5.199999809265137,57600
"PROG","Progenity, Inc. - Common Stock","2021-01-04 16:00:00-05:00",5.22,5.22,5.22,5.22,5.22,0
"PROG","Progenity, Inc. - Common Stock","2021-01-04 17:00:00-05:00",5.16,5.25,5.1,5.25,5.25,0
"PROG","Progenity, Inc. - Common Stock","2021-01-05 04:00:00-05:00",5.3,5.3,5.3,5.3,5.3,0
"PROG","Progenity, Inc. - Common Stock","2021-01-05 08:00:00-05:00",5.3,5.3,5.3,5.3,5.3,0
"PROG","Progenity, Inc. - Common Stock","2021-01-05 09:30:00-05:00",5.286300182342529,5.329999923706055,5.039899826049805,5.099999904632568,5.099999904632568,114199
"PROG","Progenity, Inc. - Common Stock","2021-01-05 10:30:00-05:00",5.121200084686279,5.159999847412109,5.050000190734863,5.079999923706055,5.079999923706055,60346
"PROG","Progenity, Inc. - Common Stock","2021-01-05 11:30:00-05:00",5.070099830627441,5.800000190734863,5.070099830627441,5.63700008392334,5.63700008392334,503607
"PROG","Progenity, Inc. - Common Stock","2021-01-05 12:30:00-05:00",5.623499870300293,6.224999904632568,5.599999904632568,5.889999866485596,5.889999866485596,795039
"PROG","Progenity, Inc. - Common Stock","2021-01-05 13:30:00-05:00",5.875,5.960000038146973,5.699999809265137,5.960000038146973,5.960000038146973,205331
"PROG","Progenity, Inc. - Common Stock","2021-01-05 14:30:00-05:00",5.960000038146973,6.099999904632568,5.869999885559082,5.929999828338623,5.929999828338623,208369
"PROG","Progenity, Inc. - Common Stock","2021-01-05 15:30:00-05:00",5.949999809265137,6.03000020980835,5.949999809265137,5.985000133514404,5.985000133514404,119204
"PROG","Progenity, Inc. - Common Stock","2021-01-05 16:00:00-05:00",5.99,6.01,5.88,5.88,5.88,0
"PROG","Progenity, Inc. - Common Stock","2021-01-05 17:00:00-05:00",5.93,5.93,5.85,5.85,5.85,0
"PROG","Progenity, Inc. - Common Stock","2021-01-05 18:00:00-05:00",5.95,5.95,5.9,5.9,5.9,0
"PROG","Progenity, Inc. - Common Stock","2021-01-06 07:00:00-05:00",6.07,6.07,6.07,6.07,6.07,0
"PROG","Progenity, Inc. - Common Stock","2021-01-06 08:00:00-05:00",6.08,6.08,6.08,6.08,6.08,0
"PROG","Progenity, Inc. - Common Stock","2021-01-06 09:00:00-05:00",6.1,6.14,5.74,6.14,6.14,0
"PROG","Progenity, Inc. - Common Stock","2021-01-06 09:30:00-05:00",6.190000057220459,6.34499979019165,6.0,6.085000038146973,6.085000038146973,229673
"PROG","Progenity, Inc. - Common Stock","2021-01-06 10:30:00-05:00",6.070000171661377,6.150000095367432,5.869999885559082,5.914999961853027,5.914999961853027,141221
"PROG","Progenity, Inc. - Common Stock","2021-01-06 11:30:00-05:00",5.9105000495910645,6.0,5.880000114440918,5.954999923706055,5.954999923706055,112564
"PROG","Progenity, Inc. - Common Stock","2021-01-06 12:30:00-05:00",5.929999828338623,6.010000228881836,5.929999828338623,5.980000019073486,5.980000019073486,49882
"PROG","Progenity, Inc. - Common Stock","2021-01-06 13:30:00-05:00",6.0,6.0,5.679999828338623,5.71999979019165,5.71999979019165,85311
"PROG","Progenity, Inc. - Common Stock","2021-01-06 14:30:00-05:00",5.71999979019165,5.78000020980835,5.610000133514404,5.739999771118164,5.739999771118164,122780
"PROG","Progenity, Inc. - Common Stock","2021-01-06 15:30:00-05:00",5.705999851226807,5.880000114440918,5.670000076293945,5.880000114440918,5.880000114440918,130544
"PROG","Progenity, Inc. - Common Stock","2021-01-06 16:00:00-05:00",5.84,5.9,5.84,5.9,5.9,0
"PROG","Progenity, Inc. - Common Stock","2021-01-06 17:00:00-05:00",5.92,5.9699,5.92,5.96,5.96,0
"PROG","Progenity, Inc. - Common Stock","2021-01-07 08:00:00-05:00",6.21,6.21,6.21,6.21,6.21,0
"PROG","Progenity, Inc. - Common Stock","2021-01-07 09:00:00-05:00",6.1,6.1,6.0302,6.04,6.04,0
"PROG","Progenity, Inc. - Common Stock","2021-01-07 09:30:00-05:00",6.099999904632568,6.28000020980835,5.980000019073486,6.21999979019165,6.21999979019165,160910
"PROG","Progenity, Inc. - Common Stock","2021-01-07 10:30:00-05:00",6.21999979019165,6.46999979019165,6.010000228881836,6.010000228881836,6.010000228881836,200167
"PROG","Progenity, Inc. - Common Stock","2021-01-07 11:30:00-05:00",6.050000190734863,6.130000114440918,5.980000019073486,6.130000114440918,6.130000114440918,89025
"PROG","Progenity, Inc. - Common Stock","2021-01-07 12:30:00-05:00",6.159999847412109,6.28000020980835,6.050000190734863,6.050000190734863,6.050000190734863,66011
"PROG","Progenity, Inc. - Common Stock","2021-01-07 13:30:00-05:00",6.050000190734863,6.239999771118164,6.0,6.015100002288818,6.015100002288818,110745
"PROG","Progenity, Inc. - Common Stock","2021-01-07 14:30:00-05:00",6.025000095367432,6.150000095367432,6.010000228881836,6.099999904632568,6.099999904632568,62436
"PROG","Progenity, Inc. - Common Stock","2021-01-07 15:30:00-05:00",6.060100078582764,6.130000114440918,6.010000228881836,6.099999904632568,6.099999904632568,50905
"PROG","Progenity, Inc. - Common Stock","2021-01-07 16:00:00-05:00",6.1,6.1,6.1,6.1,6.1,0
"PROG","Progenity, Inc. - Common Stock","2021-01-07 17:00:00-05:00",6.11,6.11,6.11,6.11,6.11,0
"PROG","Progenity, Inc. - Common Stock","2021-01-07 18:00:00-05:00",6.03,6.03,6.03,6.03,6.03,0
"PROG","Progenity, Inc. - Common Stock","2021-01-08 09:30:00-05:00",6.050000190734863,6.170000076293945,5.960000038146973,5.96999979019165,5.96999979019165,82710
"PROG","Progenity, Inc. - Common Stock","2021-01-08 10:30:00-05:00",5.940000057220459,6.130000114440918,5.855000019073486,6.050000190734863,6.050000190734863,57039
"PROG","Progenity, Inc. - Common Stock","2021-01-08 11:30:00-05:00",6.050000190734863,6.070000171661377,5.954999923706055,6.019999980926514,6.019999980926514,23990
"PROG","Progenity, Inc. - Common Stock","2021-01-08 12:30:00-05:00",6.03000020980835,6.139999866485596,6.0,6.099999904632568,6.099999904632568,28095
"PROG","Progenity, Inc. - Common Stock","2021-01-08 13:30:00-05:00",6.118000030517578,6.139999866485596,5.96999979019165,6.099999904632568,6.099999904632568,47401
"PROG","Progenity, Inc. - Common Stock","2021-01-08 14:30:00-05:00",6.099999904632568,6.349999904632568,6.099999904632568,6.340000152587891,6.340000152587891,77808
"PROG","Progenity, Inc. - Common Stock","2021-01-08 15:30:00-05:00",6.340000152587891,6.380000114440918,6.230000019073486,6.309999942779541,6.309999942779541,53503
"PROG","Progenity, Inc. - Common Stock","2021-01-08 16:00:00-05:00",6.28,6.28,6.28,6.28,6.28,0
"PROG","Progenity, Inc. - Common Stock","2021-01-08 17:00:00-05:00",6.28,6.3,6.28,6.3,6.3,0
"PROG","Progenity, Inc. - Common Stock","2021-01-11 07:00:00-05:00",6.2,6.27,6.2,6.2,6.2,0
"PROG","Progenity, Inc. - Common Stock","2021-01-11 08:00:00-05:00",6.19,6.19,6.18,6.18,6.18,0
"PROG","Progenity, Inc. - Common Stock","2021-01-11 09:00:00-05:00",6.15,6.15,6.12,6.12,6.12,0
"PROG","Progenity, Inc. - Common Stock","2021-01-11 09:30:00-05:00",6.199999809265137,6.409999847412109,6.199999809265137,6.381499767303467,6.381499767303467,73765
"PROG","Progenity, Inc. - Common Stock","2021-01-11 10:30:00-05:00",6.349999904632568,6.699999809265137,6.349999904632568,6.659999847412109,6.659999847412109,136098
"PROG","Progenity, Inc. - Common Stock","2021-01-11 11:30:00-05:00",6.629700183868408,6.739999771118164,6.610000133514404,6.630000114440918,6.630000114440918,51682
"PROG","Progenity, Inc. - Common Stock","2021-01-11 12:30:00-05:00",6.6234002113342285,6.650000095367432,6.480000019073486,6.569900035858154,6.569900035858154,32629
"PROG","Progenity, Inc. - Common Stock","2021-01-11 13:30:00-05:00",6.550000190734863,6.639999866485596,6.5,6.5,6.5,26944
"PROG","Progenity, Inc. - Common Stock","2021-01-11 14:30:00-05:00",6.519999980926514,6.599999904632568,6.300000190734863,6.334400177001953,6.334400177001953,39202
"PROG","Progenity, Inc. - Common Stock","2021-01-11 15:30:00-05:00",6.320000171661377,6.340000152587891,6.25,6.289999961853027,6.289999961853027,51011
"PROG","Progenity, Inc. - Common Stock","2021-01-11 16:00:00-05:00",6.28,6.28,6.21,6.25,6.25,0
"PROG","Progenity, Inc. - Common Stock","2021-01-11 17:00:00-05:00",6.45,6.45,6.45,6.45,6.45,0
"PROG","Progenity, Inc. - Common Stock","2021-01-12 08:00:00-05:00",6.35,6.35,6.35,6.35,6.35,0
"PROG","Progenity, Inc. - Common Stock","2021-01-12 09:00:00-05:00",6.26,6.26,6.25,6.26,6.26,0
"PROG","Progenity, Inc. - Common Stock","2021-01-12 09:30:00-05:00",6.329999923706055,6.351600170135498,6.03000020980835,6.12690019607544,6.12690019607544,85450
"PROG","Progenity, Inc. - Common Stock","2021-01-12 10:30:00-05:00",6.199999809265137,6.199999809265137,5.900000095367432,6.0,6.0,103554
"PROG","Progenity, Inc. - Common Stock","2021-01-12 11:30:00-05:00",6.010000228881836,6.070000171661377,5.96999979019165,6.070000171661377,6.070000171661377,74372
"PROG","Progenity, Inc. - Common Stock","2021-01-12 12:30:00-05:00",6.070000171661377,6.070000171661377,5.960000038146973,6.0,6.0,53822
"PROG","Progenity, Inc. - Common Stock","2021-01-12 13:30:00-05:00",6.0,6.099999904632568,5.960100173950195,6.085000038146973,6.085000038146973,57244
"PROG","Progenity, Inc. - Common Stock","2021-01-12 14:30:00-05:00",6.085000038146973,6.099899768829346,5.960000038146973,6.0,6.0,77513
"PROG","Progenity, Inc. - Common Stock","2021-01-12 15:30:00-05:00",6.03000020980835,6.050000190734863,5.985000133514404,6.019999980926514,6.019999980926514,66862
"PROG","Progenity, Inc. - Common Stock","2021-01-12 16:00:00-05:00",6.04,6.04,6.0,6.0,6.0,0
"PROG","Progenity, Inc. - Common Stock","2021-01-12 17:00:00-05:00",6.0,6.0,5.9999,6.0,6.0,0
"PROG","Progenity, Inc. - Common Stock","2021-01-12 18:00:00-05:00",6.0,6.0,6.0,6.0,6.0,0
"PROG","Progenity, Inc. - Common Stock","2021-01-13 09:30:00-05:00",6.010000228881836,6.099999904632568,5.800000190734863,5.809999942779541,5.809999942779541,99566
"PROG","Progenity, Inc. - Common Stock","2021-01-13 10:30:00-05:00",5.800000190734863,5.909999847412109,5.630000114440918,5.690000057220459,5.690000057220459,126746
"PROG","Progenity, Inc. - Common Stock","2021-01-13 11:30:00-05:00",5.690000057220459,5.820000171661377,5.659999847412109,5.776899814605713,5.776899814605713,78074
"PROG","Progenity, Inc. - Common Stock","2021-01-13 12:30:00-05:00",5.786399841308594,5.800000190734863,5.71999979019165,5.800000190734863,5.800000190734863,58183
"PROG","Progenity, Inc. - Common Stock","2021-01-13 13:30:00-05:00",5.795000076293945,5.809999942779541,5.71999979019165,5.750100135803223,5.750100135803223,35633
"PROG","Progenity, Inc. - Common Stock","2021-01-13 14:30:00-05:00",5.760000228881836,5.809999942779541,5.730100154876709,5.800000190734863,5.800000190734863,38442
"PROG","Progenity, Inc. - Common Stock","2021-01-13 15:30:00-05:00",5.799200057983398,5.800000190734863,5.739999771118164,5.75,5.75,41906
"PROG","Progenity, Inc. - Common Stock","2021-01-13 16:00:00-05:00",5.76,5.98,5.65,5.9299,5.9299,0
"PROG","Progenity, Inc. - Common Stock","2021-01-13 17:00:00-05:00",5.86,5.89,5.85,5.89,5.89,0
"PROG","Progenity, Inc. - Common Stock","2021-01-13 18:00:00-05:00",5.9,5.9,5.8501,5.8501,5.8501,0
"PROG","Progenity, Inc. - Common Stock","2021-01-14 08:00:00-05:00",5.9899,5.99,5.9899,5.99,5.99,0
"PROG","Progenity, Inc. - Common Stock","2021-01-14 09:00:00-05:00",5.99,5.99,5.99,5.99,5.99,0
"PROG","Progenity, Inc. - Common Stock","2021-01-14 09:30:00-05:00",5.960000038146973,5.982999801635742,5.510000228881836,5.519999980926514,5.519999980926514,151519
"PROG","Progenity, Inc. - Common Stock","2021-01-14 10:30:00-05:00",5.519999980926514,5.599999904632568,5.320000171661377,5.409999847412109,5.409999847412109,319101
"PROG","Progenity, Inc. - Common Stock","2021-01-14 11:30:00-05:00",5.420000076293945,5.5,5.400000095367432,5.449999809265137,5.449999809265137,84193
"PROG","Progenity, Inc. - Common Stock","2021-01-14 12:30:00-05:00",5.434000015258789,5.53000020980835,5.429999828338623,5.489999771118164,5.489999771118164,43085
"PROG","Progenity, Inc. - Common Stock","2021-01-14 13:30:00-05:00",5.460000038146973,5.498700141906738,5.420000076293945,5.425000190734863,5.425000190734863,55884
"PROG","Progenity, Inc. - Common Stock","2021-01-14 14:30:00-05:00",5.409999847412109,5.449999809265137,5.349999904632568,5.4105000495910645,5.4105000495910645,96114
"PROG","Progenity, Inc. - Common Stock","2021-01-14 15:30:00-05:00",5.385000228881836,5.5,5.385000228881836,5.409999847412109,5.409999847412109,80729
"PROG","Progenity, Inc. - Common Stock","2021-01-14 16:00:00-05:00",5.4,5.4799,5.4,5.47,5.47,0
"PROG","Progenity, Inc. - Common Stock","2021-01-14 17:00:00-05:00",5.42,5.48,5.42,5.48,5.48,0
"PROG","Progenity, Inc. - Common Stock","2021-01-14 18:00:00-05:00",5.45,5.45,5.45,5.45,5.45,0
"PROG","Progenity, Inc. - Common Stock","2021-01-15 08:00:00-05:00",5.54,5.54,5.54,5.54,5.54,0
"PROG","Progenity, Inc. - Common Stock","2021-01-15 09:00:00-05:00",5.5,5.5,5.5,5.5,5.5,0
"PROG","Progenity, Inc. - Common Stock","2021-01-15 09:30:00-05:00",5.429999828338623,5.599999904632568,5.219900131225586,5.269999980926514,5.269999980926514,119920
"PROG","Progenity, Inc. - Common Stock","2021-01-15 10:30:00-05:00",5.25,5.42519998550415,5.25,5.300000190734863,5.300000190734863,87288
"PROG","Progenity, Inc. - Common Stock","2021-01-15 11:30:00-05:00",5.309999942779541,5.619999885559082,5.309999942779541,5.566199779510498,5.566199779510498,90982
"PROG","Progenity, Inc. - Common Stock","2021-01-15 12:30:00-05:00",5.579999923706055,5.699999809265137,5.550000190734863,5.650100231170654,5.650100231170654,51573
"PROG","Progenity, Inc. - Common Stock","2021-01-15 13:30:00-05:00",5.675000190734863,5.675000190734863,5.400000095367432,5.429999828338623,5.429999828338623,80551
"PROG","Progenity, Inc. - Common Stock","2021-01-15 14:30:00-05:00",5.429999828338623,5.53000020980835,5.420000076293945,5.489999771118164,5.489999771118164,51421
"PROG","Progenity, Inc. - Common Stock","2021-01-15 15:30:00-05:00",5.477700233459473,5.510000228881836,5.420000076293945,5.420000076293945,5.420000076293945,27239
"PROG","Progenity, Inc. - Common Stock","2021-01-15 16:00:00-05:00",5.42,5.42,5.3998,5.4,5.4,0
"PROG","Progenity, Inc. - Common Stock","2021-01-15 17:00:00-05:00",5.46,5.46,5.44,5.46,5.46,0
"PROG","Progenity, Inc. - Common Stock","2021-01-15 18:00:00-05:00",5.4,5.41,5.4,5.41,5.41,0
"PROG","Progenity, Inc. - Common Stock","2021-01-19 08:00:00-05:00",5.4,5.4,5.32,5.32,5.32,0
"PROG","Progenity, Inc. - Common Stock","2021-01-19 09:30:00-05:00",5.519999980926514,5.699999809265137,5.51800012588501,5.690000057220459,5.690000057220459,98674
"PROG","Progenity, Inc. - Common Stock","2021-01-19 10:30:00-05:00",5.690000057220459,5.920000076293945,5.683300018310547,5.869999885559082,5.869999885559082,108377
"PROG","Progenity, Inc. - Common Stock","2021-01-19 11:30:00-05:00",5.869999885559082,6.28000020980835,5.751999855041504,6.25,6.25,220297
"PROG","Progenity, Inc. - Common Stock","2021-01-19 12:30:00-05:00",6.210000038146973,6.349999904632568,6.110099792480469,6.340000152587891,6.340000152587891,159892
"PROG","Progenity, Inc. - Common Stock","2021-01-19 13:30:00-05:00",6.340000152587891,6.349999904632568,6.059999942779541,6.179999828338623,6.179999828338623,95129
"PROG","Progenity, Inc. - Common Stock","2021-01-19 14:30:00-05:00",6.210000038146973,6.349999904632568,6.119999885559082,6.309000015258789,6.309000015258789,73215
"PROG","Progenity, Inc. - Common Stock","2021-01-19 15:30:00-05:00",6.295300006866455,6.349999904632568,6.260000228881836,6.289999961853027,6.289999961853027,139146
"PROG","Progenity, Inc. - Common Stock","2021-01-19 16:00:00-05:00",6.32,6.35,6.3,6.3,6.3,0
"PROG","Progenity, Inc. - Common Stock","2021-01-19 17:00:00-05:00",6.3,6.33,6.3,6.3107,6.3107,0
"PROG","Progenity, Inc. - Common Stock","2021-01-19 18:00:00-05:00",6.35,6.35,6.34,6.34,6.34,0
"PROG","Progenity, Inc. - Common Stock","2021-01-20 07:00:00-05:00",6.4,6.4,6.4,6.4,6.4,0
"PROG","Progenity, Inc. - Common Stock","2021-01-20 08:00:00-05:00",6.4,6.4,6.3999,6.4,6.4,0
"PROG","Progenity, Inc. - Common Stock","2021-01-20 09:00:00-05:00",6.3999,6.4,6.35,6.38,6.38,0
"PROG","Progenity, Inc. - Common Stock","2021-01-20 09:30:00-05:00",6.360000133514404,6.78000020980835,6.110000133514404,6.110000133514404,6.110000133514404,255289
"PROG","Progenity, Inc. - Common Stock","2021-01-20 10:30:00-05:00",6.110000133514404,6.409999847412109,6.050000190734863,6.183000087738037,6.183000087738037,97818
"PROG","Progenity, Inc. - Common Stock","2021-01-20 11:30:00-05:00",6.130000114440918,6.324999809265137,6.099999904632568,6.25,6.25,42393
"PROG","Progenity, Inc. - Common Stock","2021-01-20 12:30:00-05:00",6.21999979019165,6.28000020980835,6.170000076293945,6.21999979019165,6.21999979019165,12783
"PROG","Progenity, Inc. - Common Stock","2021-01-20 13:30:00-05:00",6.280799865722656,6.289999961853027,6.110000133514404,6.110000133514404,6.110000133514404,37808
"PROG","Progenity, Inc. - Common Stock","2021-01-20 14:30:00-05:00",6.119999885559082,6.199999809265137,6.059999942779541,6.059999942779541,6.059999942779541,36159
"PROG","Progenity, Inc. - Common Stock","2021-01-20 15:30:00-05:00",6.070000171661377,6.150000095367432,6.050000190734863,6.079999923706055,6.079999923706055,49292
"PROG","Progenity, Inc. - Common Stock","2021-01-20 16:00:00-05:00",6.07,6.11,6.04,6.11,6.11,0
"PROG","Progenity, Inc. - Common Stock","2021-01-20 17:00:00-05:00",6.27,6.27,6.27,6.27,6.27,0
"PROG","Progenity, Inc. - Common Stock","2021-01-20 18:00:00-05:00",6.28,6.28,6.27,6.27,6.27,0
"PROG","Progenity, Inc. - Common Stock","2021-01-21 04:00:00-05:00",6.2,6.2,6.2,6.2,6.2,0
"PROG","Progenity, Inc. - Common Stock","2021-01-21 07:00:00-05:00",6.2,6.2,6.2,6.2,6.2,0
"PROG","Progenity, Inc. - Common Stock","2021-01-21 08:00:00-05:00",6.3,6.3,6.3,6.3,6.3,0
"PROG","Progenity, Inc. - Common Stock","2021-01-21 09:30:00-05:00",6.25,6.302700042724609,5.96999979019165,6.25,6.25,85353
"PROG","Progenity, Inc. - Common Stock","2021-01-21 10:30:00-05:00",6.21999979019165,6.3343000411987305,6.150000095367432,6.286499977111816,6.286499977111816,105975
"PROG","Progenity, Inc. - Common Stock","2021-01-21 11:30:00-05:00",6.28000020980835,6.300000190734863,6.099999904632568,6.190000057220459,6.190000057220459,47168
"PROG","Progenity, Inc. - Common Stock","2021-01-21 12:30:00-05:00",6.179999828338623,6.300000190734863,6.139999866485596,6.260000228881836,6.260000228881836,55869
"PROG","Progenity, Inc. - Common Stock","2021-01-21 13:30:00-05:00",6.281000137329102,6.281000137329102,6.150000095367432,6.230000019073486,6.230000019073486,49371
"PROG","Progenity, Inc. - Common Stock","2021-01-21 14:30:00-05:00",6.21999979019165,6.269999980926514,6.110000133514404,6.119999885559082,6.119999885559082,49079
"PROG","Progenity, Inc. - Common Stock","2021-01-21 15:30:00-05:00",6.114999771118164,6.215000152587891,6.114999771118164,6.199999809265137,6.199999809265137,51633
"PROG","Progenity, Inc. - Common Stock","2021-01-21 16:00:00-05:00",6.22,6.25,6.2,6.25,6.25,0
"PROG","Progenity, Inc. - Common Stock","2021-01-21 17:00:00-05:00",6.25,6.25,6.2,6.22,6.22,0
"PROG","Progenity, Inc. - Common Stock","2021-01-21 18:00:00-05:00",6.22,6.22,6.22,6.22,6.22,0
"PROG","Progenity, Inc. - Common Stock","2021-01-22 05:00:00-05:00",6.01,6.01,6.01,6.01,6.01,0
"PROG","Progenity, Inc. - Common Stock","2021-01-22 08:00:00-05:00",6.22,6.22,6.0,6.0,6.0,0
"PROG","Progenity, Inc. - Common Stock","2021-01-22 09:00:00-05:00",6.0064,6.24,6.0,6.24,6.24,0
"PROG","Progenity, Inc. - Common Stock","2021-01-22 09:30:00-05:00",6.079999923706055,6.179999828338623,5.985000133514404,6.149899959564209,6.149899959564209,70851
"PROG","Progenity, Inc. - Common Stock","2021-01-22 10:30:00-05:00",6.150000095367432,6.179999828338623,6.050000190734863,6.090000152587891,6.090000152587891,22793
"PROG","Progenity, Inc. - Common Stock","2021-01-22 11:30:00-05:00",6.090000152587891,6.090000152587891,5.949999809265137,6.010000228881836,6.010000228881836,54958
"PROG","Progenity, Inc. - Common Stock","2021-01-22 12:30:00-05:00",6.050000190734863,6.070000171661377,5.960000038146973,6.025000095367432,6.025000095367432,15905
"PROG","Progenity, Inc. - Common Stock","2021-01-22 13:30:00-05:00",6.030300140380859,6.039999961853027,5.989999771118164,6.039999961853027,6.039999961853027,16140
"PROG","Progenity, Inc. - Common Stock","2021-01-22 14:30:00-05:00",6.059999942779541,6.170000076293945,6.03000020980835,6.135000228881836,6.135000228881836,54740
"PROG","Progenity, Inc. - Common Stock","2021-01-22 15:30:00-05:00",6.150000095367432,6.260000228881836,6.135000228881836,6.199999809265137,6.199999809265137,184023
"PROG","Progenity, Inc. - Common Stock","2021-01-22 16:00:00-05:00",6.2,6.33,6.2,6.33,6.33,0
"PROG","Progenity, Inc. - Common Stock","2021-01-22 17:00:00-05:00",6.25,6.2645,6.25,6.2645,6.2645,0
"PROG","Progenity, Inc. - Common Stock","2021-01-22 18:00:00-05:00",6.27,6.27,6.27,6.27,6.27,0
"PROG","Progenity, Inc. - Common Stock","2021-01-25 04:00:00-05:00",6.5,6.53,6.45,6.53,6.53,0
"PROG","Progenity, Inc. - Common Stock","2021-01-25 05:00:00-05:00",6.6,6.6,6.6,6.6,6.6,0
"PROG","Progenity, Inc. - Common Stock","2021-01-25 06:00:00-05:00",6.6,6.7,6.5,6.7,6.7,0
"PROG","Progenity, Inc. - Common Stock","2021-01-25 07:00:00-05:00",6.7,6.7,6.25,6.25,6.25,0
"PROG","Progenity, Inc. - Common Stock","2021-01-25 08:00:00-05:00",6.4996,6.4996,6.25,6.25,6.25,0
"PROG","Progenity, Inc. - Common Stock","2021-01-25 09:00:00-05:00",6.42,6.42,6.2,6.35,6.35,0
"PROG","Progenity, Inc. - Common Stock","2021-01-25 09:30:00-05:00",6.340000152587891,6.480000019073486,6.320000171661377,6.460000038146973,6.460000038146973,128681
"PROG","Progenity, Inc. - Common Stock","2021-01-25 10:30:00-05:00",6.429999828338623,6.460000038146973,6.099999904632568,6.295000076293945,6.295000076293945,96767
"PROG","Progenity, Inc. - Common Stock","2021-01-25 11:30:00-05:00",6.297999858856201,6.449999809265137,6.29040002822876,6.35890007019043,6.35890007019043,78984
"PROG","Progenity, Inc. - Common Stock","2021-01-25 12:30:00-05:00",6.400000095367432,6.429999828338623,6.329999923706055,6.429999828338623,6.429999828338623,56391
"PROG","Progenity, Inc. - Common Stock","2021-01-25 13:30:00-05:00",6.379099845886231,6.400000095367432,6.340000152587891,6.3927001953125,6.3927001953125,14412
"PROG","Progenity, Inc. - Common Stock","2021-01-25 14:30:00-05:00",6.375,6.440000057220459,6.349999904632568,6.389999866485596,6.389999866485596,54502
"PROG","Progenity, Inc. - Common Stock","2021-01-25 15:30:00-05:00",6.356400012969971,6.400000095367432,6.349999904632568,6.369999885559082,6.369999885559082,43423
"PROG","Progenity, Inc. - Common Stock","2021-01-25 16:00:00-05:00",6.38,6.4,6.38,6.4,6.4,0
"PROG","Progenity, Inc. - Common Stock","2021-01-25 17:00:00-05:00",6.4,6.4,6.39,6.39,6.39,0
"PROG","Progenity, Inc. - Common Stock","2021-01-25 18:00:00-05:00",6.4,6.4,6.4,6.4,6.4,0
"PROG","Progenity, Inc. - Common Stock","2021-01-26 07:00:00-05:00",6.42,6.42,6.38,6.38,6.38,0
"PROG","Progenity, Inc. - Common Stock","2021-01-26 08:00:00-05:00",6.48,6.48,6.48,6.48,6.48,0
"PROG","Progenity, Inc. - Common Stock","2021-01-26 09:00:00-05:00",6.48,6.48,6.38,6.4792,6.4792,0
"PROG","Progenity, Inc. - Common Stock","2021-01-26 09:30:00-05:00",6.409999847412109,6.460000038146973,6.21999979019165,6.2906999588012695,6.2906999588012695,123382
"PROG","Progenity, Inc. - Common Stock","2021-01-26 10:30:00-05:00",6.255000114440918,6.369999885559082,6.21999979019165,6.340000152587891,6.340000152587891,22613
"PROG","Progenity, Inc. - Common Stock","2021-01-26 11:30:00-05:00",6.340000152587891,7.449999809265137,6.320000171661377,7.320000171661377,7.320000171661377,980832
"PROG","Progenity, Inc. - Common Stock","2021-01-26 12:30:00-05:00",7.349999904632568,7.469799995422363,7.159999847412109,7.210000038146973,7.210000038146973,204380
"PROG","Progenity, Inc. - Common Stock","2021-01-26 13:30:00-05:00",7.21999979019165,7.21999979019165,7.019999980926514,7.130000114440918,7.130000114440918,159502
"PROG","Progenity, Inc. - Common Stock","2021-01-26 14:30:00-05:00",7.150000095367432,7.349999904632568,7.070000171661377,7.320000171661377,7.320000171661377,139602
"PROG","Progenity, Inc. - Common Stock","2021-01-26 15:30:00-05:00",7.269999980926514,7.309999942779541,7.239999771118164,7.239999771118164,7.239999771118164,121749
"PROG","Progenity, Inc. - Common Stock","2021-01-26 16:00:00-05:00",7.27,7.33,7.27,7.281,7.281,0
"PROG","Progenity, Inc. - Common Stock","2021-01-26 17:00:00-05:00",7.2801,7.3,7.28,7.3,7.3,0
"PROG","Progenity, Inc. - Common Stock","2021-01-26 18:00:00-05:00",7.29,7.33,7.28,7.33,7.33,0
"PROG","Progenity, Inc. - Common Stock","2021-01-27 04:00:00-05:00",7.28,7.28,7.28,7.28,7.28,0
"PROG","Progenity, Inc. - Common Stock","2021-01-27 05:00:00-05:00",7.32,7.32,7.32,7.32,7.32,0
"PROG","Progenity, Inc. - Common Stock","2021-01-27 07:00:00-05:00",7.3,7.3,7.3,7.3,7.3,0
"PROG","Progenity, Inc. - Common Stock","2021-01-27 08:00:00-05:00",7.28,7.51,7.04,7.05,7.05,0
"PROG","Progenity, Inc. - Common Stock","2021-01-27 09:00:00-05:00",7.27,7.4,7.1,7.21,7.21,0
"PROG","Progenity, Inc. - Common Stock","2021-01-27 09:30:00-05:00",7.210000038146973,7.800000190734863,7.150000095367432,7.53000020980835,7.53000020980835,331028
"PROG","Progenity, Inc. - Common Stock","2021-01-27 10:30:00-05:00",7.560800075531006,7.860000133514404,7.380000114440918,7.746600151062012,7.746600151062012,137718
"PROG","Progenity, Inc. - Common Stock","2021-01-27 11:30:00-05:00",7.71999979019165,7.849999904632568,7.519999980926514,7.590000152587891,7.590000152587891,90086
"PROG","Progenity, Inc. - Common Stock","2021-01-27 12:30:00-05:00",7.735000133514404,7.735000133514404,7.449999809265137,7.449999809265137,7.449999809265137,45148
"PROG","Progenity, Inc. - Common Stock","2021-01-27 13:30:00-05:00",7.468900203704834,7.599999904632568,7.467800140380859,7.583000183105469,7.583000183105469,18320
"PROG","Progenity, Inc. - Common Stock","2021-01-27 14:30:00-05:00",7.56190013885498,7.56190013885498,7.150000095367432,7.28000020980835,7.28000020980835,78302
"PROG","Progenity, Inc. - Common Stock","2021-01-27 15:30:00-05:00",7.28000020980835,7.440000057220459,7.150000095367432,7.309999942779541,7.309999942779541,93155
"PROG","Progenity, Inc. - Common Stock","2021-01-27 16:00:00-05:00",7.26,7.35,7.2,7.21,7.21,0
"PROG","Progenity, Inc. - Common Stock","2021-01-27 17:00:00-05:00",7.2598,7.26,7.21,7.21,7.21,0
"PROG","Progenity, Inc. - Common Stock","2021-01-27 18:00:00-05:00",7.25,7.26,7.2,7.26,7.26,0
"PROG","Progenity, Inc. - Common Stock","2021-01-28 07:00:00-05:00",7.1,7.13,7.1,7.11,7.11,0
"PROG","Progenity, Inc. - Common Stock","2021-01-28 08:00:00-05:00",7.24,7.26,7.1101,7.26,7.26,0
"PROG","Progenity, Inc. - Common Stock","2021-01-28 09:00:00-05:00",7.2602,7.37,7.26,7.29,7.29,0
"PROG","Progenity, Inc. - Common Stock","2021-01-28 09:30:00-05:00",7.260000228881836,7.309999942779541,7.010000228881836,7.045000076293945,7.045000076293945,77550
"PROG","Progenity, Inc. - Common Stock","2021-01-28 10:30:00-05:00",7.073699951171875,7.073699951171875,6.599999904632568,6.610000133514404,6.610000133514404,126802
"PROG","Progenity, Inc. - Common Stock","2021-01-28 11:30:00-05:00",6.599999904632568,6.75,6.420000076293945,6.689899921417236,6.689899921417236,147702
"PROG","Progenity, Inc. - Common Stock","2021-01-28 12:30:00-05:00",6.664000034332275,6.800000190734863,6.539999961853027,6.625,6.625,73169
"PROG","Progenity, Inc. - Common Stock","2021-01-28 13:30:00-05:00",6.630000114440918,7.099999904632568,6.616300106048584,7.046999931335449,7.046999931335449,92414
"PROG","Progenity, Inc. - Common Stock","2021-01-28 14:30:00-05:00",7.046000003814697,7.369999885559082,7.020100116729736,7.28000020980835,7.28000020980835,84633
"PROG","Progenity, Inc. - Common Stock","2021-01-28 15:30:00-05:00",7.269999980926514,7.440000057220459,7.2600998878479,7.300000190734863,7.300000190734863,96956
"PROG","Progenity, Inc. - Common Stock","2021-01-28 16:00:00-05:00",7.31,7.31,7.31,7.31,7.31,0
"PROG","Progenity, Inc. - Common Stock","2021-01-28 17:00:00-05:00",7.3,7.32,7.15,7.15,7.15,0
"PROG","Progenity, Inc. - Common Stock","2021-01-29 04:00:00-05:00",7.31,7.31,7.31,7.31,7.31,0
"PROG","Progenity, Inc. - Common Stock","2021-01-29 07:00:00-05:00",7.3,7.31,7.01,7.2,7.2,0
"PROG","Progenity, Inc. - Common Stock","2021-01-29 08:00:00-05:00",7.2,7.31,7.2,7.31,7.31,0
"PROG","Progenity, Inc. - Common Stock","2021-01-29 09:00:00-05:00",7.21,7.21,7.2,7.21,7.21,0
"PROG","Progenity, Inc. - Common Stock","2021-01-29 09:30:00-05:00",7.21999979019165,7.260000228881836,7.070000171661377,7.195000171661377,7.195000171661377,62578
"PROG","Progenity, Inc. - Common Stock","2021-01-29 10:30:00-05:00",7.170100212097168,7.25,7.050000190734863,7.097700119018555,7.097700119018555,30238
"PROG","Progenity, Inc. - Common Stock","2021-01-29 11:30:00-05:00",7.079999923706055,7.179999828338623,7.054999828338623,7.139999866485596,7.139999866485596,14287
"PROG","Progenity, Inc. - Common Stock","2021-01-29 12:30:00-05:00",7.130000114440918,7.150000095367432,6.75,6.947999954223633,6.947999954223633,83419
"PROG","Progenity, Inc. - Common Stock","2021-01-29 13:30:00-05:00",6.940000057220459,6.991399765014648,6.851099967956543,6.929900169372559,6.929900169372559,30007
"PROG","Progenity, Inc. - Common Stock","2021-01-29 14:30:00-05:00",6.880000114440918,6.949999809265137,6.860000133514404,6.949999809265137,6.949999809265137,12200
"PROG","Progenity, Inc. - Common Stock","2021-01-29 15:30:00-05:00",6.96999979019165,6.96999979019165,6.860000133514404,6.860000133514404,6.860000133514404,29548
"PROG","Progenity, Inc. - Common Stock","2021-01-29 16:00:00-05:00",6.88,6.88,6.86,6.86,6.86,0
"PROG","Progenity, Inc. - Common Stock","2021-01-29 17:00:00-05:00",6.88,6.88,6.88,6.88,6.88,0
"PROG","Progenity, Inc. - Common Stock","2021-02-01 04:00:00-05:00",6.9,6.9,6.87,6.87,6.87,0
"PROG","Progenity, Inc. - Common Stock","2021-02-01 07:00:00-05:00",6.88,7.01,6.88,7.01,7.01,0
"PROG","Progenity, Inc. - Common Stock","2021-02-01 09:00:00-05:00",7.01,7.01,6.9,6.9001,6.9001,0
"PROG","Progenity, Inc. - Common Stock","2021-02-01 09:30:00-05:00",6.860000133514404,7.090000152587891,6.850100040435791,7.010000228881836,7.010000228881836,42948
"PROG","Progenity, Inc. - Common Stock","2021-02-01 10:30:00-05:00",7.019999980926514,7.089900016784668,6.900000095367432,7.010000228881836,7.010000228881836,42123
"PROG","Progenity, Inc. - Common Stock","2021-02-01 11:30:00-05:00",7.070000171661377,7.198999881744385,7.019999980926514,7.144100189208984,7.144100189208984,39405
"PROG","Progenity, Inc. - Common Stock","2021-02-01 12:30:00-05:00",7.139999866485596,7.199999809265137,7.019999980926514,7.139900207519531,7.139900207519531,19445
"PROG","Progenity, Inc. - Common Stock","2021-02-01 13:30:00-05:00",7.110000133514404,7.21999979019165,7.090000152587891,7.130499839782715,7.130499839782715,27437
"PROG","Progenity, Inc. - Common Stock","2021-02-01 14:30:00-05:00",7.152500152587891,7.179999828338623,7.070000171661377,7.070099830627441,7.070099830627441,17716
"PROG","Progenity, Inc. - Common Stock","2021-02-01 15:30:00-05:00",7.070000171661377,7.099999904632568,6.989999771118164,7.090000152587891,7.090000152587891,22598
"PROG","Progenity, Inc. - Common Stock","2021-02-01 16:00:00-05:00",7.0,7.1399,7.0,7.0,7.0,0
"PROG","Progenity, Inc. - Common Stock","2021-02-01 17:00:00-05:00",7.05,7.1499,7.05,7.06,7.06,0
"PROG","Progenity, Inc. - Common Stock","2021-02-01 18:00:00-05:00",7.15,7.15,7.0,7.0,7.0,0
"PROG","Progenity, Inc. - Common Stock","2021-02-02 07:00:00-05:00",6.97,7.15,6.97,7.15,7.15,0
"PROG","Progenity, Inc. - Common Stock","2021-02-02 08:00:00-05:00",7.15,7.15,7.014,7.014,7.014,0
"PROG","Progenity, Inc. - Common Stock","2021-02-02 09:00:00-05:00",7.1,7.1,7.0,7.1,7.1,0
"PROG","Progenity, Inc. - Common Stock","2021-02-02 09:30:00-05:00",7.050000190734863,7.25,6.829999923706055,6.876100063323975,6.876100063323975,65224
"PROG","Progenity, Inc. - Common Stock","2021-02-02 10:30:00-05:00",6.809999942779541,7.0,6.75,7.0,7.0,62210
"PROG","Progenity, Inc. - Common Stock","2021-02-02 11:30:00-05:00",6.945000171661377,6.960000038146973,6.860000133514404,6.929999828338623,6.929999828338623,13063
"PROG","Progenity, Inc. - Common Stock","2021-02-02 12:30:00-05:00",6.90500020980835,7.0,6.90500020980835,7.0,7.0,9510
"PROG","Progenity, Inc. - Common Stock","2021-02-02 13:30:00-05:00",6.980000019073486,7.079999923706055,6.920000076293945,7.079999923706055,7.079999923706055,19775
"PROG","Progenity, Inc. - Common Stock","2021-02-02 14:30:00-05:00",7.070000171661377,7.079999923706055,6.96999979019165,7.070000171661377,7.070000171661377,18521
"PROG","Progenity, Inc. - Common Stock","2021-02-02 15:30:00-05:00",7.045000076293945,7.119999885559082,7.000100135803223,7.079999923706055,7.079999923706055,49677
"PROG","Progenity, Inc. - Common Stock","2021-02-02 16:00:00-05:00",7.08,7.08,7.02,7.02,7.02,0
"PROG","Progenity, Inc. - Common Stock","2021-02-02 17:00:00-05:00",7.04,7.08,7.04,7.08,7.08,0
"PROG","Progenity, Inc. - Common Stock","2021-02-02 18:00:00-05:00",7.02,7.07,7.02,7.07,7.07,0
"PROG","Progenity, Inc. - Common Stock","2021-02-03 06:00:00-05:00",7.0,7.0,7.0,7.0,7.0,0
"PROG","Progenity, Inc. - Common Stock","2021-02-03 07:00:00-05:00",7.0,7.0,7.0,7.0,7.0,0
"PROG","Progenity, Inc. - Common Stock","2021-02-03 08:00:00-05:00",7.03,7.03,7.03,7.03,7.03,0
"PROG","Progenity, Inc. - Common Stock","2021-02-03 09:00:00-05:00",7.09,7.21,7.08,7.09,7.09,0
"PROG","Progenity, Inc. - Common Stock","2021-02-03 09:30:00-05:00",7.099999904632568,7.164599895477295,7.03000020980835,7.030099868774414,7.030099868774414,19373
"PROG","Progenity, Inc. - Common Stock","2021-02-03 10:30:00-05:00",7.03000020980835,7.050000190734863,6.880000114440918,6.880000114440918,6.880000114440918,46339
"PROG","Progenity, Inc. - Common Stock","2021-02-03 11:30:00-05:00",6.889999866485596,6.889999866485596,6.630000114440918,6.769999980926514,6.769999980926514,181969
"PROG","Progenity, Inc. - Common Stock","2021-02-03 12:30:00-05:00",6.800000190734863,6.800000190734863,6.510000228881836,6.610000133514404,6.610000133514404,138332
"PROG","Progenity, Inc. - Common Stock","2021-02-03 13:30:00-05:00",6.570000171661377,6.659999847412109,6.53000020980835,6.599999904632568,6.599999904632568,79936
"PROG","Progenity, Inc. - Common Stock","2021-02-03 14:30:00-05:00",6.630000114440918,6.730000019073486,6.449999809265137,6.46999979019165,6.46999979019165,97998
"PROG","Progenity, Inc. - Common Stock","2021-02-03 15:30:00-05:00",6.480000019073486,6.505000114440918,6.300000190734863,6.400000095367432,6.400000095367432,190462
"PROG","Progenity, Inc. - Common Stock","2021-02-03 16:00:00-05:00",6.4,6.59,6.4,6.59,6.59,0
"PROG","Progenity, Inc. - Common Stock","2021-02-03 17:00:00-05:00",6.59,6.6,6.55,6.55,6.55,0
"PROG","Progenity, Inc. - Common Stock","2021-02-03 18:00:00-05:00",6.5101,6.6,6.5,6.59,6.59,0
"PROG","Progenity, Inc. - Common Stock","2021-02-04 07:00:00-05:00",6.5,6.5,6.5,6.5,6.5,0
"PROG","Progenity, Inc. - Common Stock","2021-02-04 08:00:00-05:00",6.5,6.69,6.5,6.62,6.62,0
"PROG","Progenity, Inc. - Common Stock","2021-02-04 09:00:00-05:00",6.59,6.59,6.52,6.57,6.57,0
"PROG","Progenity, Inc. - Common Stock","2021-02-04 09:30:00-05:00",6.550000190734863,6.678400039672852,6.349999904632568,6.369999885559082,6.369999885559082,131607
"PROG","Progenity, Inc. - Common Stock","2021-02-04 10:30:00-05:00",6.360000133514404,6.469900131225586,6.349999904632568,6.469900131225586,6.469900131225586,72471
"PROG","Progenity, Inc. - Common Stock","2021-02-04 11:30:00-05:00",6.452199935913086,6.529900074005127,6.449999809265137,6.529900074005127,6.529900074005127,16664
"PROG","Progenity, Inc. - Common Stock","2021-02-04 12:30:00-05:00",6.500500202178955,6.546000003814697,6.46999979019165,6.480000019073486,6.480000019073486,16751
"PROG","Progenity, Inc. - Common Stock","2021-02-04 13:30:00-05:00",6.489799976348877,6.489799976348877,6.389999866485596,6.407800197601318,6.407800197601318,26012
"PROG","Progenity, Inc. - Common Stock","2021-02-04 14:30:00-05:00",6.389999866485596,6.449999809265137,6.21999979019165,6.340000152587891,6.340000152587891,88947
"PROG","Progenity, Inc. - Common Stock","2021-02-04 15:30:00-05:00",6.329999923706055,6.329999923706055,6.230000019073486,6.25,6.25,47826
"PROG","Progenity, Inc. - Common Stock","2021-02-04 16:00:00-05:00",6.25,6.39,6.25,6.26,6.26,0
"PROG","Progenity, Inc. - Common Stock","2021-02-04 17:00:00-05:00",6.44,6.45,6.3,6.44,6.44,0
"PROG","Progenity, Inc. - Common Stock","2021-02-04 18:00:00-05:00",6.44,6.44,6.44,6.44,6.44,0
"PROG","Progenity, Inc. - Common Stock","2021-02-05 07:00:00-05:00",6.32,6.32,6.28,6.3,6.3,0
"PROG","Progenity, Inc. - Common Stock","2021-02-05 08:00:00-05:00",6.26,6.3,6.25,6.3,6.3,0
"PROG","Progenity, Inc. - Common Stock","2021-02-05 09:00:00-05:00",6.3,6.55,6.29,6.35,6.35,0
"PROG","Progenity, Inc. - Common Stock","2021-02-05 09:30:00-05:00",6.349999904632568,6.438600063323975,6.010000228881836,6.224999904632568,6.224999904632568,121555
"PROG","Progenity, Inc. - Common Stock","2021-02-05 10:30:00-05:00",6.199999809265137,6.296999931335449,6.150000095367432,6.199999809265137,6.199999809265137,43627
"PROG","Progenity, Inc. - Common Stock","2021-02-05 11:30:00-05:00",6.184999942779541,6.25,6.119999885559082,6.190100193023682,6.190100193023682,107702
"PROG","Progenity, Inc. - Common Stock","2021-02-05 12:30:00-05:00",6.197299957275391,6.300000190734863,6.130000114440918,6.300000190734863,6.300000190734863,72123
"PROG","Progenity, Inc. - Common Stock","2021-02-05 13:30:00-05:00",6.29040002822876,6.32420015335083,6.170000076293945,6.269999980926514,6.269999980926514,39257
"PROG","Progenity, Inc. - Common Stock","2021-02-05 14:30:00-05:00",6.269999980926514,6.269999980926514,6.173699855804443,6.224999904632568,6.224999904632568,40407
"PROG","Progenity, Inc. - Common Stock","2021-02-05 15:30:00-05:00",6.224999904632568,6.25,6.179999828338623,6.210000038146973,6.210000038146973,45560
"PROG","Progenity, Inc. - Common Stock","2021-02-05 16:00:00-05:00",6.21,6.27,6.2,6.27,6.27,0
"PROG","Progenity, Inc. - Common Stock","2021-02-05 17:00:00-05:00",6.25,6.25,6.25,6.25,6.25,0
"PROG","Progenity, Inc. - Common Stock","2021-02-05 18:00:00-05:00",6.27,6.39,6.27,6.39,6.39,0
"PROG","Progenity, Inc. - Common Stock","2021-02-08 04:00:00-05:00",6.2,6.2,6.2,6.2,6.2,0
"PROG","Progenity, Inc. - Common Stock","2021-02-08 06:00:00-05:00",6.19,6.19,5.91,5.96,5.96,0
"PROG","Progenity, Inc. - Common Stock","2021-02-08 07:00:00-05:00",6.04,6.12,6.04,6.04,6.04,0
"PROG","Progenity, Inc. - Common Stock","2021-02-08 08:00:00-05:00",6.04,6.1,6.01,6.1,6.1,0
"PROG","Progenity, Inc. - Common Stock","2021-02-08 09:00:00-05:00",6.05,6.16,6.01,6.05,6.05,0
"PROG","Progenity, Inc. - Common Stock","2021-02-08 09:30:00-05:00",6.010000228881836,6.130000114440918,5.760000228881836,5.880000114440918,5.880000114440918,525886
"PROG","Progenity, Inc. - Common Stock","2021-02-08 10:30:00-05:00",5.889800071716309,5.889999866485596,5.650000095367432,5.699999809265137,5.699999809265137,313322
"PROG","Progenity, Inc. - Common Stock","2021-02-08 11:30:00-05:00",5.686699867248535,5.818999767303467,5.650000095367432,5.74970006942749,5.74970006942749,158541
"PROG","Progenity, Inc. - Common Stock","2021-02-08 12:30:00-05:00",5.74970006942749,5.860000133514404,5.710000038146973,5.809999942779541,5.809999942779541,101428
"PROG","Progenity, Inc. - Common Stock","2021-02-08 13:30:00-05:00",5.819900035858154,5.929999828338623,5.789999961853027,5.859899997711182,5.859899997711182,119531
"PROG","Progenity, Inc. - Common Stock","2021-02-08 14:30:00-05:00",5.859600067138672,5.949999809265137,5.769999980926514,5.855000019073486,5.855000019073486,107870
"PROG","Progenity, Inc. - Common Stock","2021-02-08 15:30:00-05:00",5.835299968719482,5.880000114440918,5.690400123596191,5.769999980926514,5.769999980926514,115972
"PROG","Progenity, Inc. - Common Stock","2021-02-08 16:00:00-05:00",5.79,5.82,5.75,5.79,5.79,0
"PROG","Progenity, Inc. - Common Stock","2021-02-08 17:00:00-05:00",5.8,5.83,5.79,5.8,5.8,0
"PROG","Progenity, Inc. - Common Stock","2021-02-08 18:00:00-05:00",5.81,5.82,5.8,5.82,5.82,0
"PROG","Progenity, Inc. - Common Stock","2021-02-09 04:00:00-05:00",5.79,5.79,5.79,5.79,5.79,0
"PROG","Progenity, Inc. - Common Stock","2021-02-09 07:00:00-05:00",5.84,5.84,5.82,5.84,5.84,0
"PROG","Progenity, Inc. - Common Stock","2021-02-09 08:00:00-05:00",5.97,6.0,5.84,5.84,5.84,0
"PROG","Progenity, Inc. - Common Stock","2021-02-09 09:00:00-05:00",5.85,5.9,5.801,5.85,5.85,0
"PROG","Progenity, Inc. - Common Stock","2021-02-09 09:30:00-05:00",5.849999904632568,5.929999828338623,5.699999809265137,5.699999809265137,5.699999809265137,160067
"PROG","Progenity, Inc. - Common Stock","2021-02-09 10:30:00-05:00",5.699999809265137,5.769999980926514,5.610000133514404,5.679999828338623,5.679999828338623,114929
"PROG","Progenity, Inc. - Common Stock","2021-02-09 11:30:00-05:00",5.695000171661377,5.760000228881836,5.579999923706055,5.679999828338623,5.679999828338623,106405
"PROG","Progenity, Inc. - Common Stock","2021-02-09 12:30:00-05:00",5.704999923706055,5.920000076293945,5.690100193023682,5.859899997711182,5.859899997711182,76529
"PROG","Progenity, Inc. - Common Stock","2021-02-09 13:30:00-05:00",5.849999904632568,6.0,5.840000152587891,6.0,6.0,65718
"PROG","Progenity, Inc. - Common Stock","2021-02-09 14:30:00-05:00",5.96999979019165,6.159999847412109,5.96999979019165,6.110000133514404,6.110000133514404,135402
"PROG","Progenity, Inc. - Common Stock","2021-02-09 15:30:00-05:00",6.130000114440918,6.230000019073486,6.050000190734863,6.099999904632568,6.099999904632568,107972
"PROG","Progenity, Inc. - Common Stock","2021-02-09 16:00:00-05:00",6.12,6.18,6.12,6.18,6.18,0
"PROG","Progenity, Inc. - Common Stock","2021-02-09 17:00:00-05:00",6.14,6.18,6.13,6.15,6.15,0
"PROG","Progenity, Inc. - Common Stock","2021-02-09 18:00:00-05:00",6.2,6.25,6.13,6.13,6.13,0
"PROG","Progenity, Inc. - Common Stock","2021-02-10 04:00:00-05:00",6.13,6.13,6.13,6.13,6.13,0
"PROG","Progenity, Inc. - Common Stock","2021-02-10 05:00:00-05:00",6.1,6.14,6.1,6.14,6.14,0
"PROG","Progenity, Inc. - Common Stock","2021-02-10 07:00:00-05:00",6.14,6.22,6.14,6.22,6.22,0
"PROG","Progenity, Inc. - Common Stock","2021-02-10 08:00:00-05:00",6.2299,6.23,6.1382,6.22,6.22,0
"PROG","Progenity, Inc. - Common Stock","2021-02-10 09:00:00-05:00",6.12,6.23,6.12,6.23,6.23,0
"PROG","Progenity, Inc. - Common Stock","2021-02-10 09:30:00-05:00",6.25,6.332300186157227,5.869999885559082,5.911600112915039,5.911600112915039,147348
"PROG","Progenity, Inc. - Common Stock","2021-02-10 10:30:00-05:00",5.99399995803833,6.059999942779541,5.800000190734863,5.96999979019165,5.96999979019165,110485
"PROG","Progenity, Inc. - Common Stock","2021-02-10 11:30:00-05:00",5.965000152587891,6.139999866485596,5.900000095367432,6.099999904632568,6.099999904632568,45422
"PROG","Progenity, Inc. - Common Stock","2021-02-10 12:30:00-05:00",6.085000038146973,6.230000019073486,6.085000038146973,6.159999847412109,6.159999847412109,45440
"PROG","Progenity, Inc. - Common Stock","2021-02-10 13:30:00-05:00",6.100599765777588,6.119999885559082,5.940000057220459,5.989999771118164,5.989999771118164,24937
"PROG","Progenity, Inc. - Common Stock","2021-02-10 14:30:00-05:00",5.989999771118164,6.079999923706055,5.960000038146973,6.059700012207031,6.059700012207031,31322
"PROG","Progenity, Inc. - Common Stock","2021-02-10 15:30:00-05:00",6.03000020980835,6.090000152587891,5.949999809265137,5.989999771118164,5.989999771118164,38922
"PROG","Progenity, Inc. - Common Stock","2021-02-10 16:00:00-05:00",5.98,6.09,5.98,5.98,5.98,0
"PROG","Progenity, Inc. - Common Stock","2021-02-10 17:00:00-05:00",6.1,6.1,6.1,6.1,6.1,0
"PROG","Progenity, Inc. - Common Stock","2021-02-10 18:00:00-05:00",5.99,6.04,5.99,6.04,6.04,0
"PROG","Progenity, Inc. - Common Stock","2021-02-11 06:00:00-05:00",5.98,5.98,5.98,5.98,5.98,0
"PROG","Progenity, Inc. - Common Stock","2021-02-11 07:00:00-05:00",6.0,6.0,6.0,6.0,6.0,0
"PROG","Progenity, Inc. - Common Stock","2021-02-11 08:00:00-05:00",5.95,6.01,5.95,5.98,5.98,0
"PROG","Progenity, Inc. - Common Stock","2021-02-11 09:00:00-05:00",6.0,6.08,6.0,6.08,6.08,0
"PROG","Progenity, Inc. - Common Stock","2021-02-11 09:30:00-05:00",6.03000020980835,6.14900016784668,5.829999923706055,5.845200061798096,5.845200061798096,80500
"PROG","Progenity, Inc. - Common Stock","2021-02-11 10:30:00-05:00",5.809999942779541,5.900000095367432,5.789999961853027,5.840000152587891,5.840000152587891,51918
"PROG","Progenity, Inc. - Common Stock","2021-02-11 11:30:00-05:00",5.814199924468994,5.849999904632568,5.639999866485596,5.639999866485596,5.639999866485596,78352
"PROG","Progenity, Inc. - Common Stock","2021-02-11 12:30:00-05:00",5.670000076293945,5.789999961853027,5.650000095367432,5.769999980926514,5.769999980926514,46413
"PROG","Progenity, Inc. - Common Stock","2021-02-11 13:30:00-05:00",5.769999980926514,5.840000152587891,5.650000095367432,5.650000095367432,5.650000095367432,49816
"PROG","Progenity, Inc. - Common Stock","2021-02-11 14:30:00-05:00",5.670000076293945,5.710000038146973,5.579999923706055,5.649899959564209,5.649899959564209,76694
"PROG","Progenity, Inc. - Common Stock","2021-02-11 15:30:00-05:00",5.610000133514404,5.650000095367432,5.580100059509277,5.650000095367432,5.650000095367432,46250
"PROG","Progenity, Inc. - Common Stock","2021-02-11 16:00:00-05:00",5.62,5.73,5.62,5.68,5.68,0
"PROG","Progenity, Inc. - Common Stock","2021-02-11 17:00:00-05:00",5.68,5.68,5.6799,5.68,5.68,0
"PROG","Progenity, Inc. - Common Stock","2021-02-11 18:00:00-05:00",5.68,5.69,5.68,5.69,5.69,0
"PROG","Progenity, Inc. - Common Stock","2021-02-12 06:00:00-05:00",5.99,5.99,5.99,5.99,5.99,0
"PROG","Progenity, Inc. - Common Stock","2021-02-12 07:00:00-05:00",5.66,6.01,5.66,5.7,5.7,0
"PROG","Progenity, Inc. - Common Stock","2021-02-12 08:00:00-05:00",5.7,5.8,5.7,5.8,5.8,0
"PROG","Progenity, Inc. - Common Stock","2021-02-12 09:00:00-05:00",5.7999,5.8,5.75,5.77,5.77,0
"PROG","Progenity, Inc. - Common Stock","2021-02-12 09:30:00-05:00",5.769999980926514,5.800000190734863,5.630000114440918,5.7399001121521,5.7399001121521,48588
"PROG","Progenity, Inc. - Common Stock","2021-02-12 10:30:00-05:00",5.695000171661377,5.869999885559082,5.650000095367432,5.849899768829346,5.849899768829346,48359
"PROG","Progenity, Inc. - Common Stock","2021-02-12 11:30:00-05:00",5.840000152587891,5.840000152587891,5.71999979019165,5.829999923706055,5.829999923706055,19917
"PROG","Progenity, Inc. - Common Stock","2021-02-12 12:30:00-05:00",5.809999942779541,5.860000133514404,5.730000019073486,5.730000019073486,5.730000019073486,21637
"PROG","Progenity, Inc. - Common Stock","2021-02-12 13:30:00-05:00",5.730100154876709,5.730100154876709,5.559999942779541,5.619999885559082,5.619999885559082,75860
"PROG","Progenity, Inc. - Common Stock","2021-02-12 14:30:00-05:00",5.679999828338623,5.68940019607544,5.553899765014648,5.610000133514404,5.610000133514404,48784
"PROG","Progenity, Inc. - Common Stock","2021-02-12 15:30:00-05:00",5.599999904632568,5.690000057220459,5.519999980926514,5.579999923706055,5.579999923706055,102788
"PROG","Progenity, Inc. - Common Stock","2021-02-12 16:00:00-05:00",5.6,5.64,5.6,5.638,5.638,0
"PROG","Progenity, Inc. - Common Stock","2021-02-12 17:00:00-05:00",5.64,5.66,5.63,5.65,5.65,0
"PROG","Progenity, Inc. - Common Stock","2021-02-12 18:00:00-05:00",5.7,5.7,5.7,5.7,5.7,0
"PROG","Progenity, Inc. - Common Stock","2021-02-16 04:00:00-05:00",5.6,5.7,5.6,5.7,5.7,0
"PROG","Progenity, Inc. - Common Stock","2021-02-16 07:00:00-05:00",5.63,5.7,5.63,5.7,5.7,0
"PROG","Progenity, Inc. - Common Stock","2021-02-16 08:00:00-05:00",5.72,5.84,5.7,5.84,5.84,0
"PROG","Progenity, Inc. - Common Stock","2021-02-16 09:00:00-05:00",5.83,5.83,5.6,5.71,5.71,0
"PROG","Progenity, Inc. - Common Stock","2021-02-16 09:30:00-05:00",5.650000095367432,5.729899883270264,5.539999961853027,5.679999828338623,5.679999828338623,102090
"PROG","Progenity, Inc. - Common Stock","2021-02-16 10:30:00-05:00",5.690000057220459,5.78000020980835,5.650000095367432,5.687099933624268,5.687099933624268,44069
"PROG","Progenity, Inc. - Common Stock","2021-02-16 11:30:00-05:00",5.679999828338623,5.730000019073486,5.570000171661377,5.657400131225586,5.657400131225586,43105
"PROG","Progenity, Inc. - Common Stock","2021-02-16 12:30:00-05:00",5.690000057220459,5.789999961853027,5.599999904632568,5.760000228881836,5.760000228881836,30317
"PROG","Progenity, Inc. - Common Stock","2021-02-16 13:30:00-05:00",5.735000133514404,5.769999980926514,5.650000095367432,5.739999771118164,5.739999771118164,47076
"PROG","Progenity, Inc. - Common Stock","2021-02-16 14:30:00-05:00",5.769999980926514,5.78000020980835,5.610000133514404,5.670000076293945,5.670000076293945,28133
"PROG","Progenity, Inc. - Common Stock","2021-02-16 15:30:00-05:00",5.670000076293945,5.710000038146973,5.630000114440918,5.639999866485596,5.639999866485596,38508
"PROG","Progenity, Inc. - Common Stock","2021-02-16 16:00:00-05:00",5.66,5.74,5.62,5.65,5.65,0
"PROG","Progenity, Inc. - Common Stock","2021-02-16 17:00:00-05:00",5.77,5.79,5.65,5.65,5.65,0
"PROG","Progenity, Inc. - Common Stock","2021-02-16 18:00:00-05:00",5.6,5.6,5.6,5.6,5.6,0
"PROG","Progenity, Inc. - Common Stock","2021-02-17 07:00:00-05:00",5.66,5.66,5.66,5.66,5.66,0
"PROG","Progenity, Inc. - Common Stock","2021-02-17 08:00:00-05:00",5.75,5.89,5.75,5.81,5.81,0
"PROG","Progenity, Inc. - Common Stock","2021-02-17 09:00:00-05:00",5.7,5.8,5.66,5.69,5.69,0
"PROG","Progenity, Inc. - Common Stock","2021-02-17 09:30:00-05:00",5.670000076293945,5.845200061798096,5.659999847412109,5.730000019073486,5.730000019073486,88391
"PROG","Progenity, Inc. - Common Stock","2021-02-17 10:30:00-05:00",5.7399001121521,5.75,5.610000133514404,5.650000095367432,5.650000095367432,33572
"PROG","Progenity, Inc. - Common Stock","2021-02-17 11:30:00-05:00",5.650000095367432,5.690000057220459,5.599999904632568,5.639999866485596,5.639999866485596,33414
"PROG","Progenity, Inc. - Common Stock","2021-02-17 12:30:00-05:00",5.650000095367432,5.809999942779541,5.650000095367432,5.739299774169922,5.739299774169922,22810
"PROG","Progenity, Inc. - Common Stock","2021-02-17 13:30:00-05:00",5.800000190734863,5.820000171661377,5.699999809265137,5.699999809265137,5.699999809265137,30769
"PROG","Progenity, Inc. - Common Stock","2021-02-17 14:30:00-05:00",5.699999809265137,5.829999923706055,5.699999809265137,5.75,5.75,103075
"PROG","Progenity, Inc. - Common Stock","2021-02-17 15:30:00-05:00",5.75,5.789899826049805,5.659999847412109,5.690000057220459,5.690000057220459,29357
"PROG","Progenity, Inc. - Common Stock","2021-02-17 16:00:00-05:00",5.7,5.75,5.7,5.7,5.7,0
"PROG","Progenity, Inc. - Common Stock","2021-02-17 17:00:00-05:00",5.69,5.6901,5.69,5.69,5.69,0
"PROG","Progenity, Inc. - Common Stock","2021-02-17 18:00:00-05:00",5.65,5.7,5.61,5.7,5.7,0
"PROG","Progenity, Inc. - Common Stock","2021-02-18 06:00:00-05:00",5.7,5.7,5.7,5.7,5.7,0
"PROG","Progenity, Inc. - Common Stock","2021-02-18 07:00:00-05:00",5.78,5.78,5.7,5.7,5.7,0
"PROG","Progenity, Inc. - Common Stock","2021-02-18 08:00:00-05:00",5.7,5.77,5.6,5.65,5.65,0
"PROG","Progenity, Inc. - Common Stock","2021-02-18 09:00:00-05:00",5.65,5.67,5.65,5.66,5.66,0
"PROG","Progenity, Inc. - Common Stock","2021-02-18 09:30:00-05:00",5.690000057220459,5.760000228881836,5.520100116729736,5.53000020980835,5.53000020980835,80104
"PROG","Progenity, Inc. - Common Stock","2021-02-18 10:30:00-05:00",5.53000020980835,5.639999866485596,5.5,5.599999904632568,5.599999904632568,50768
"PROG","Progenity, Inc. - Common Stock","2021-02-18 11:30:00-05:00",5.599999904632568,5.619999885559082,5.550099849700928,5.579999923706055,5.579999923706055,11560
"PROG","Progenity, Inc. - Common Stock","2021-02-18 12:30:00-05:00",5.590000152587891,5.670000076293945,5.534999847412109,5.650000095367432,5.650000095367432,33113
"PROG","Progenity, Inc. - Common Stock","2021-02-18 13:30:00-05:00",5.65500020980835,5.670000076293945,5.460000038146973,5.5,5.5,81547
"PROG","Progenity, Inc. - Common Stock","2021-02-18 14:30:00-05:00",5.505000114440918,5.519999980926514,5.329999923706055,5.440000057220459,5.440000057220459,68242
"PROG","Progenity, Inc. - Common Stock","2021-02-18 15:30:00-05:00",5.454999923706055,5.469900131225586,5.320000171661377,5.349999904632568,5.349999904632568,51281
"PROG","Progenity, Inc. - Common Stock","2021-02-18 16:00:00-05:00",5.34,5.4,5.34,5.4,5.4,0
"PROG","Progenity, Inc. - Common Stock","2021-02-18 17:00:00-05:00",5.34,5.34,5.34,5.34,5.34,0
"PROG","Progenity, Inc. - Common Stock","2021-02-18 18:00:00-05:00",5.39,5.39,5.39,5.39,5.39,0
"PROG","Progenity, Inc. - Common Stock","2021-02-19 07:00:00-05:00",5.49,5.49,5.49,5.49,5.49,0
"PROG","Progenity, Inc. - Common Stock","2021-02-19 08:00:00-05:00",5.5,5.5,5.34,5.34,5.34,0
"PROG","Progenity, Inc. - Common Stock","2021-02-19 09:00:00-05:00",5.45,5.45,5.3621,5.3621,5.3621,0
"PROG","Progenity, Inc. - Common Stock","2021-02-19 09:30:00-05:00",5.380000114440918,5.5,5.360000133514404,5.480000019073486,5.480000019073486,61801
"PROG","Progenity, Inc. - Common Stock","2021-02-19 10:30:00-05:00",5.510000228881836,5.749899864196777,5.489999771118164,5.650700092315674,5.650700092315674,45798
"PROG","Progenity, Inc. - Common Stock","2021-02-19 11:30:00-05:00",5.650000095367432,5.71999979019165,5.590000152587891,5.614999771118164,5.614999771118164,37352
"PROG","Progenity, Inc. - Common Stock","2021-02-19 12:30:00-05:00",5.623000144958496,5.730000019073486,5.590000152587891,5.639999866485596,5.639999866485596,23353
"PROG","Progenity, Inc. - Common Stock","2021-02-19 13:30:00-05:00",5.670000076293945,5.75,5.619999885559082,5.658299922943115,5.658299922943115,42665
"PROG","Progenity, Inc. - Common Stock","2021-02-19 14:30:00-05:00",5.599999904632568,5.64300012588501,5.53000020980835,5.599999904632568,5.599999904632568,28862
"PROG","Progenity, Inc. - Common Stock","2021-02-19 15:30:00-05:00",5.599999904632568,5.619999885559082,5.519999980926514,5.570000171661377,5.570000171661377,27843
"PROG","Progenity, Inc. - Common Stock","2021-02-19 16:00:00-05:00",5.59,5.59,5.59,5.59,5.59,8931
"PROG","Progenity, Inc. - Common Stock","2021-02-19 17:00:00-05:00",5.59,5.59,5.59,5.59,5.59,0
"PROG","Progenity, Inc. - Common Stock","2021-02-19 18:00:00-05:00",5.65,5.65,5.65,5.65,5.65,0
"PROG","Progenity, Inc. - Common Stock","2021-02-22 07:00:00-05:00",5.65,5.65,5.65,5.65,5.65,0
"PROG","Progenity, Inc. - Common Stock","2021-02-22 08:00:00-05:00",5.65,5.76,5.65,5.7499,5.7499,0
"PROG","Progenity, Inc. - Common Stock","2021-02-22 09:30:00-05:00",5.599999904632568,5.880000114440918,5.5,5.679999828338623,5.679999828338623,119516
"PROG","Progenity, Inc. - Common Stock","2021-02-22 10:30:00-05:00",5.726600170135498,5.829999923706055,5.670000076293945,5.793900012969971,5.793900012969971,63963
"PROG","Progenity, Inc. - Common Stock","2021-02-22 11:30:00-05:00",5.769999980926514,6.09499979019165,5.769999980926514,6.050000190734863,6.050000190734863,151581
"PROG","Progenity, Inc. - Common Stock","2021-02-22 12:30:00-05:00",6.054999828338623,6.179999828338623,5.96999979019165,6.099999904632568,6.099999904632568,64932
"PROG","Progenity, Inc. - Common Stock","2021-02-22 13:30:00-05:00",6.105000019073486,6.150000095367432,6.0,6.019999980926514,6.019999980926514,39240
"PROG","Progenity, Inc. - Common Stock","2021-02-22 14:30:00-05:00",6.03000020980835,6.099999904632568,5.940000057220459,6.000400066375732,6.000400066375732,60799
"PROG","Progenity, Inc. - Common Stock","2021-02-22 15:30:00-05:00",6.03000020980835,6.070000171661377,5.960000038146973,6.059999942779541,6.059999942779541,71795
"PROG","Progenity, Inc. - Common Stock","2021-02-22 16:00:00-05:00",6.05,6.14,6.05,6.12,6.12,0
"PROG","Progenity, Inc. - Common Stock","2021-02-22 17:00:00-05:00",6.13,6.14,6.12,6.13,6.13,0
"PROG","Progenity, Inc. - Common Stock","2021-02-22 18:00:00-05:00",6.13,6.13,6.06,6.06,6.06,0
"PROG","Progenity, Inc. - Common Stock","2021-02-23 04:00:00-05:00",6.13,6.13,6.13,6.13,6.13,0
"PROG","Progenity, Inc. - Common Stock","2021-02-23 05:00:00-05:00",6.11,6.11,6.11,6.11,6.11,0
"PROG","Progenity, Inc. - Common Stock","2021-02-23 06:00:00-05:00",6.1,6.13,6.0,6.0,6.0,0
"PROG","Progenity, Inc. - Common Stock","2021-02-23 07:00:00-05:00",6.05,6.05,6.0,6.0,6.0,0
"PROG","Progenity, Inc. - Common Stock","2021-02-23 08:00:00-05:00",5.98,6.05,5.8,5.8001,5.8001,0
"PROG","Progenity, Inc. - Common Stock","2021-02-23 09:00:00-05:00",5.8,6.0,5.8,5.8,5.8,0
"PROG","Progenity, Inc. - Common Stock","2021-02-23 09:30:00-05:00",5.820000171661377,5.820000171661377,5.25,5.480000019073486,5.480000019073486,230076
"PROG","Progenity, Inc. - Common Stock","2021-02-23 10:30:00-05:00",5.465000152587891,5.650000095367432,5.465000152587891,5.553999900817871,5.553999900817871,58739
"PROG","Progenity, Inc. - Common Stock","2021-02-23 11:30:00-05:00",5.559899806976318,5.599999904632568,5.5,5.519999980926514,5.519999980926514,29521
"PROG","Progenity, Inc. - Common Stock","2021-02-23 12:30:00-05:00",5.534999847412109,5.534999847412109,5.385000228881836,5.440000057220459,5.440000057220459,53095
"PROG","Progenity, Inc. - Common Stock","2021-02-23 13:30:00-05:00",5.439899921417236,5.489999771118164,5.350100040435791,5.480000019073486,5.480000019073486,44669
"PROG","Progenity, Inc. - Common Stock","2021-02-23 14:30:00-05:00",5.460000038146973,5.599999904632568,5.440000057220459,5.559999942779541,5.559999942779541,44465
"PROG","Progenity, Inc. - Common Stock","2021-02-23 15:30:00-05:00",5.559999942779541,5.559999942779541,5.5,5.53000020980835,5.53000020980835,87933
"PROG","Progenity, Inc. - Common Stock","2021-02-23 16:00:00-05:00",5.56,5.56,5.56,5.56,5.56,0
"PROG","Progenity, Inc. - Common Stock","2021-02-23 17:00:00-05:00",5.59,5.61,5.56,5.56,5.56,0
"PROG","Progenity, Inc. - Common Stock","2021-02-23 18:00:00-05:00",5.61,5.61,5.61,5.61,5.61,0
"PROG","Progenity, Inc. - Common Stock","2021-02-24 05:00:00-05:00",5.62,5.62,5.62,5.62,5.62,0
"PROG","Progenity, Inc. - Common Stock","2021-02-24 06:00:00-05:00",5.55,5.55,5.53,5.53,5.53,0
"PROG","Progenity, Inc. - Common Stock","2021-02-24 07:00:00-05:00",5.53,5.62,5.53,5.62,5.62,0
"PROG","Progenity, Inc. - Common Stock","2021-02-24 08:00:00-05:00",5.64,5.79,5.64,5.78,5.78,0
"PROG","Progenity, Inc. - Common Stock","2021-02-24 09:00:00-05:00",5.75,5.77,5.65,5.65,5.65,0
"PROG","Progenity, Inc. - Common Stock","2021-02-24 09:30:00-05:00",5.75,5.75,5.519999980926514,5.550000190734863,5.550000190734863,42328
"PROG","Progenity, Inc. - Common Stock","2021-02-24 10:30:00-05:00",5.570000171661377,5.839000225067139,5.555200099945068,5.820000171661377,5.820000171661377,33832
"PROG","Progenity, Inc. - Common Stock","2021-02-24 11:30:00-05:00",5.820000171661377,5.849999904632568,5.820000171661377,5.849999904632568,5.849999904632568,43838
"PROG","Progenity, Inc. - Common Stock","2021-02-24 12:30:00-05:00",5.849999904632568,5.849999904632568,5.78000020980835,5.79010009765625,5.79010009765625,19595
"PROG","Progenity, Inc. - Common Stock","2021-02-24 13:30:00-05:00",5.829999923706055,5.980000019073486,5.809999942779541,5.954999923706055,5.954999923706055,56402
"PROG","Progenity, Inc. - Common Stock","2021-02-24 14:30:00-05:00",5.954999923706055,5.989999771118164,5.820000171661377,5.840000152587891,5.840000152587891,38662
"PROG","Progenity, Inc. - Common Stock","2021-02-24 15:30:00-05:00",5.829999923706055,5.889999866485596,5.829999923706055,5.829999923706055,5.829999923706055,37656
"PROG","Progenity, Inc. - Common Stock","2021-02-24 16:00:00-05:00",5.87,5.87,5.87,5.87,5.87,0
"PROG","Progenity, Inc. - Common Stock","2021-02-24 17:00:00-05:00",5.9,5.96,5.87,5.87,5.87,0
"PROG","Progenity, Inc. - Common Stock","2021-02-24 18:00:00-05:00",5.87,5.87,5.87,5.87,5.87,0
"PROG","Progenity, Inc. - Common Stock","2021-02-25 07:00:00-05:00",5.86,5.86,5.86,5.86,5.86,0
"PROG","Progenity, Inc. - Common Stock","2021-02-25 08:00:00-05:00",5.96,5.96,5.8,5.92,5.92,0
"PROG","Progenity, Inc. - Common Stock","2021-02-25 09:00:00-05:00",5.89,5.89,5.8,5.87,5.87,0
"PROG","Progenity, Inc. - Common Stock","2021-02-25 09:30:00-05:00",5.889999866485596,5.909999847412109,5.690000057220459,5.800000190734863,5.800000190734863,66261
"PROG","Progenity, Inc. - Common Stock","2021-02-25 10:30:00-05:00",5.760000228881836,5.779900074005127,5.66540002822876,5.699999809265137,5.699999809265137,14325
"PROG","Progenity, Inc. - Common Stock","2021-02-25 11:30:00-05:00",5.699900150299072,5.699900150299072,5.449999809265137,5.449999809265137,5.449999809265137,126383
"PROG","Progenity, Inc. - Common Stock","2021-02-25 12:30:00-05:00",5.449999809265137,5.550000190734863,5.320000171661377,5.517499923706055,5.517499923706055,48619
"PROG","Progenity, Inc. - Common Stock","2021-02-25 13:30:00-05:00",5.510000228881836,5.510000228881836,5.389999866485596,5.480800151824951,5.480800151824951,46623
"PROG","Progenity, Inc. - Common Stock","2021-02-25 14:30:00-05:00",5.489999771118164,5.5,5.320000171661377,5.324999809265137,5.324999809265137,42851
"PROG","Progenity, Inc. - Common Stock","2021-02-25 15:30:00-05:00",5.329999923706055,5.639999866485596,5.269999980926514,5.570000171661377,5.570000171661377,140402
"PROG","Progenity, Inc. - Common Stock","2021-02-25 16:00:00-05:00",5.57,5.57,5.46,5.46,5.46,0
"PROG","Progenity, Inc. - Common Stock","2021-02-25 17:00:00-05:00",5.49,5.49,5.48,5.48,5.48,0
"PROG","Progenity, Inc. - Common Stock","2021-02-25 18:00:00-05:00",5.46,5.46,5.4,5.4,5.4,0
"PROG","Progenity, Inc. - Common Stock","2021-02-26 06:00:00-05:00",5.33,5.33,5.33,5.33,5.33,0
"PROG","Progenity, Inc. - Common Stock","2021-02-26 07:00:00-05:00",5.41,5.5,5.37,5.4,5.4,0
"PROG","Progenity, Inc. - Common Stock","2021-02-26 08:00:00-05:00",5.33,5.4,5.33,5.36,5.36,0
"PROG","Progenity, Inc. - Common Stock","2021-02-26 09:30:00-05:00",5.409999847412109,5.610000133514404,5.400000095367432,5.400000095367432,5.400000095367432,108236
"PROG","Progenity, Inc. - Common Stock","2021-02-26 10:30:00-05:00",5.40500020980835,5.510000228881836,5.40500020980835,5.474999904632568,5.474999904632568,28958
"PROG","Progenity, Inc. - Common Stock","2021-02-26 11:30:00-05:00",5.489999771118164,5.510000228881836,5.409999847412109,5.410099983215332,5.410099983215332,37361
"PROG","Progenity, Inc. - Common Stock","2021-02-26 12:30:00-05:00",5.412700176239014,5.510000228881836,5.412700176239014,5.5,5.5,44261
"PROG","Progenity, Inc. - Common Stock","2021-02-26 13:30:00-05:00",5.5,5.5,5.400000095367432,5.420000076293945,5.420000076293945,37141
"PROG","Progenity, Inc. - Common Stock","2021-02-26 14:30:00-05:00",5.420000076293945,5.559999942779541,5.420000076293945,5.5,5.5,25376
"PROG","Progenity, Inc. - Common Stock","2021-02-26 15:30:00-05:00",5.53000020980835,5.610000133514404,5.46999979019165,5.46999979019165,5.46999979019165,34218
"PROG","Progenity, Inc. - Common Stock","2021-02-26 16:00:00-05:00",5.47,5.7,5.33,5.7,5.7,0
"PROG","Progenity, Inc. - Common Stock","2021-02-26 18:00:00-05:00",5.65,5.65,5.45,5.45,5.45,0
"PROG","Progenity, Inc. - Common Stock","2021-03-01 07:00:00-05:00",5.47,5.6,5.47,5.6,5.6,0
"PROG","Progenity, Inc. - Common Stock","2021-03-01 08:00:00-05:00",5.6,5.6,5.51,5.51,5.51,0
"PROG","Progenity, Inc. - Common Stock","2021-03-01 09:00:00-05:00",5.74,5.74,5.51,5.51,5.51,0
"PROG","Progenity, Inc. - Common Stock","2021-03-01 09:30:00-05:00",5.460000038146973,5.695000171661377,5.460000038146973,5.690000057220459,5.690000057220459,82864
"PROG","Progenity, Inc. - Common Stock","2021-03-01 10:30:00-05:00",5.690000057220459,5.75,5.599999904632568,5.75,5.75,34650
"PROG","Progenity, Inc. - Common Stock","2021-03-01 11:30:00-05:00",5.7677998542785645,5.800000190734863,5.670000076293945,5.694399833679199,5.694399833679199,41095
"PROG","Progenity, Inc. - Common Stock","2021-03-01 12:30:00-05:00",5.71999979019165,5.724599838256836,5.579999923706055,5.591000080108643,5.591000080108643,24220
"PROG","Progenity, Inc. - Common Stock","2021-03-01 13:30:00-05:00",5.610000133514404,5.639900207519531,5.510000228881836,5.510000228881836,5.510000228881836,41703
"PROG","Progenity, Inc. - Common Stock","2021-03-01 14:30:00-05:00",5.530200004577637,5.550000190734863,5.5,5.5,5.5,53567
"PROG","Progenity, Inc. - Common Stock","2021-03-01 15:30:00-05:00",5.5,5.550000190734863,5.480000019073486,5.489999771118164,5.489999771118164,32323
"PROG","Progenity, Inc. - Common Stock","2021-03-01 16:00:00-05:00",5.49,5.65,5.49,5.51,5.51,0
"PROG","Progenity, Inc. - Common Stock","2021-03-01 17:00:00-05:00",5.57,5.6,5.57,5.6,5.6,0
"PROG","Progenity, Inc. - Common Stock","2021-03-02 08:00:00-05:00",5.49,5.49,5.49,5.49,5.49,0
"PROG","Progenity, Inc. - Common Stock","2021-03-02 09:30:00-05:00",5.559999942779541,5.579899787902832,5.480000019073486,5.550000190734863,5.550000190734863,30571
"PROG","Progenity, Inc. - Common Stock","2021-03-02 10:30:00-05:00",5.530099868774414,5.619999885559082,5.51639986038208,5.550000190734863,5.550000190734863,37816
"PROG","Progenity, Inc. - Common Stock","2021-03-02 11:30:00-05:00",5.559999942779541,5.610000133514404,5.519999980926514,5.610000133514404,5.610000133514404,27323
"PROG","Progenity, Inc. - Common Stock","2021-03-02 12:30:00-05:00",5.599999904632568,5.639999866485596,5.559999942779541,5.590000152587891,5.590000152587891,27713
"PROG","Progenity, Inc. - Common Stock","2021-03-02 13:30:00-05:00",5.565000057220459,5.565000057220459,5.380000114440918,5.409999847412109,5.409999847412109,60713
"PROG","Progenity, Inc. - Common Stock","2021-03-02 14:30:00-05:00",5.409999847412109,5.449999809265137,5.389999866485596,5.420000076293945,5.420000076293945,18018
"PROG","Progenity, Inc. - Common Stock","2021-03-02 15:30:00-05:00",5.40500020980835,5.420000076293945,5.329999923706055,5.369999885559082,5.369999885559082,54443
"PROG","Progenity, Inc. - Common Stock","2021-03-02 16:00:00-05:00",5.34,5.48,5.34,5.48,5.48,0
"PROG","Progenity, Inc. - Common Stock","2021-03-03 07:00:00-05:00",5.4,5.4,5.4,5.4,5.4,0
"PROG","Progenity, Inc. - Common Stock","2021-03-03 08:00:00-05:00",5.4,5.4,5.4,5.4,5.4,0
"PROG","Progenity, Inc. - Common Stock","2021-03-03 09:00:00-05:00",5.4,5.4,5.4,5.4,5.4,0
"PROG","Progenity, Inc. - Common Stock","2021-03-03 09:30:00-05:00",5.409999847412109,5.409999847412109,4.730000019073486,4.869999885559082,4.869999885559082,363447
"PROG","Progenity, Inc. - Common Stock","2021-03-03 10:30:00-05:00",4.860000133514404,4.959499835968018,4.810100078582764,4.949900150299072,4.949900150299072,140276
"PROG","Progenity, Inc. - Common Stock","2021-03-03 11:30:00-05:00",4.949999809265137,4.989999771118164,4.940100193023682,4.945000171661377,4.945000171661377,56002
"PROG","Progenity, Inc. - Common Stock","2021-03-03 12:30:00-05:00",4.941100120544434,5.036200046539307,4.940000057220459,5.03000020980835,5.03000020980835,62415
"PROG","Progenity, Inc. - Common Stock","2021-03-03 13:30:00-05:00",5.025000095367432,5.025000095367432,4.769999980926514,4.771900177001953,4.771900177001953,155262
"PROG","Progenity, Inc. - Common Stock","2021-03-03 14:30:00-05:00",4.771900177001953,4.849999904632568,4.760000228881836,4.764999866485596,4.764999866485596,74174
"PROG","Progenity, Inc. - Common Stock","2021-03-03 15:30:00-05:00",4.764999866485596,4.789999961853027,4.760000228881836,4.779900074005127,4.779900074005127,91387
"PROG","Progenity, Inc. - Common Stock","2021-03-03 16:00:00-05:00",4.77,4.9,4.75,4.77,4.77,0
"PROG","Progenity, Inc. - Common Stock","2021-03-03 17:00:00-05:00",4.8,4.8,4.8,4.8,4.8,0
"PROG","Progenity, Inc. - Common Stock","2021-03-03 18:00:00-05:00",4.8,4.8,4.8,4.8,4.8,0
"PROG","Progenity, Inc. - Common Stock","2021-03-04 04:00:00-05:00",4.77,4.77,4.62,4.62,4.62,0
"PROG","Progenity, Inc. - Common Stock","2021-03-04 07:00:00-05:00",4.75,4.75,4.65,4.65,4.65,0
"PROG","Progenity, Inc. - Common Stock","2021-03-04 08:00:00-05:00",4.65,4.77,4.51,4.65,4.65,0
"PROG","Progenity, Inc. - Common Stock","2021-03-04 09:00:00-05:00",4.6,4.84,4.6,4.77,4.77,0
"PROG","Progenity, Inc. - Common Stock","2021-03-04 09:30:00-05:00",4.800000190734863,4.939899921417236,4.360000133514404,4.409999847412109,4.409999847412109,215171
"PROG","Progenity, Inc. - Common Stock","2021-03-04 10:30:00-05:00",4.400100231170654,4.559999942779541,4.400100231170654,4.400100231170654,4.400100231170654,61946
"PROG","Progenity, Inc. - Common Stock","2021-03-04 11:30:00-05:00",4.449999809265137,4.449999809265137,4.110000133514404,4.150000095367432,4.150000095367432,109665
"PROG","Progenity, Inc. - Common Stock","2021-03-04 12:30:00-05:00",4.156499862670898,4.21999979019165,4.0,4.025000095367432,4.025000095367432,97569
"PROG","Progenity, Inc. - Common Stock","2021-03-04 13:30:00-05:00",4.03000020980835,4.045000076293945,3.910000085830689,3.9800000190734863,3.9800000190734863,102315
"PROG","Progenity, Inc. - Common Stock","2021-03-04 14:30:00-05:00",3.973099946975708,4.149899959564209,3.95009994506836,4.034999847412109,4.034999847412109,130840
"PROG","Progenity, Inc. - Common Stock","2021-03-04 15:30:00-05:00",4.034999847412109,4.064000129699707,4.010000228881836,4.039999961853027,4.039999961853027,63598
"PROG","Progenity, Inc. - Common Stock","2021-03-04 16:00:00-05:00",4.05,4.2,4.0122,4.15,4.15,0
"PROG","Progenity, Inc. - Common Stock","2021-03-04 17:00:00-05:00",4.02,4.02,4.02,4.02,4.02,0
"PROG","Progenity, Inc. - Common Stock","2021-03-04 18:00:00-05:00",4.25,4.25,4.02,4.02,4.02,0
"PROG","Progenity, Inc. - Common Stock","2021-03-05 08:00:00-05:00",4.1,4.1,4.1,4.1,4.1,0
"PROG","Progenity, Inc. - Common Stock","2021-03-05 09:00:00-05:00",4.29,4.29,4.28,4.28,4.28,0
"PROG","Progenity, Inc. - Common Stock","2021-03-05 09:30:00-05:00",4.099999904632568,4.135000228881836,3.75,3.75,3.75,109013
"PROG","Progenity, Inc. - Common Stock","2021-03-05 10:30:00-05:00",3.751699924468994,3.849999904632568,3.5999999046325684,3.609999895095825,3.609999895095825,163775
"PROG","Progenity, Inc. - Common Stock","2021-03-05 11:30:00-05:00",3.617300033569336,3.8989999294281006,3.617300033569336,3.8989999294281006,3.8989999294281006,46283
"PROG","Progenity, Inc. - Common Stock","2021-03-05 12:30:00-05:00",3.869999885559082,3.990000009536743,3.859999895095825,3.974900007247925,3.974900007247925,52932
"PROG","Progenity, Inc. - Common Stock","2021-03-05 13:30:00-05:00",3.9700000286102295,4.019999980926514,3.908900022506714,3.950000047683716,3.950000047683716,62614
"PROG","Progenity, Inc. - Common Stock","2021-03-05 14:30:00-05:00",3.9700000286102295,4.0,3.886399984359741,3.924999952316284,3.924999952316284,41010
"PROG","Progenity, Inc. - Common Stock","2021-03-05 15:30:00-05:00",3.938999891281128,4.019999980926514,3.930000066757202,4.010000228881836,4.010000228881836,46590
"PROG","Progenity, Inc. - Common Stock","2021-03-05 16:00:00-05:00",3.99,4.06,3.99,4.06,4.06,0
"PROG","Progenity, Inc. - Common Stock","2021-03-05 17:00:00-05:00",4.06,4.09,4.06,4.09,4.09,0
"PROG","Progenity, Inc. - Common Stock","2021-03-08 07:00:00-05:00",4.0,4.0,4.0,4.0,4.0,0
"PROG","Progenity, Inc. - Common Stock","2021-03-08 08:00:00-05:00",4.1,4.1,4.04,4.05,4.05,0
"PROG","Progenity, Inc. - Common Stock","2021-03-08 09:00:00-05:00",4.05,4.1,4.02,4.1,4.1,0
"PROG","Progenity, Inc. - Common Stock","2021-03-08 09:30:00-05:00",4.059999942779541,4.139999866485596,3.950000047683716,4.061100006103516,4.061100006103516,52042
"PROG","Progenity, Inc. - Common Stock","2021-03-08 10:30:00-05:00",4.039999961853027,4.179999828338623,4.039999961853027,4.07889986038208,4.07889986038208,64130
"PROG","Progenity, Inc. - Common Stock","2021-03-08 11:30:00-05:00",4.074999809265137,4.074999809265137,3.960099935531616,4.048099994659424,4.048099994659424,43250
"PROG","Progenity, Inc. - Common Stock","2021-03-08 12:30:00-05:00",4.039999961853027,4.059999942779541,4.019999980926514,4.034999847412109,4.034999847412109,10424
"PROG","Progenity, Inc. - Common Stock","2021-03-08 13:30:00-05:00",4.03000020980835,4.03000020980835,3.920000076293945,3.984999895095825,3.984999895095825,39854
"PROG","Progenity, Inc. - Common Stock","2021-03-08 14:30:00-05:00",4.005000114440918,4.005000114440918,3.950000047683716,3.974999904632568,3.974999904632568,8399
"PROG","Progenity, Inc. - Common Stock","2021-03-08 15:30:00-05:00",3.990000009536743,3.990000009536743,3.920000076293945,3.930000066757202,3.930000066757202,15227
"PROG","Progenity, Inc. - Common Stock","2021-03-08 16:00:00-05:00",3.91,3.91,3.91,3.91,3.91,0
"PROG","Progenity, Inc. - Common Stock","2021-03-08 17:00:00-05:00",3.91,3.91,3.91,3.91,3.91,0
"PROG","Progenity, Inc. - Common Stock","2021-03-08 18:00:00-05:00",3.91,3.91,3.9,3.9,3.9,0
"PROG","Progenity, Inc. - Common Stock","2021-03-09 04:00:00-05:00",3.88,3.88,3.88,3.88,3.88,0
"PROG","Progenity, Inc. - Common Stock","2021-03-09 07:00:00-05:00",3.89,3.89,3.89,3.89,3.89,0
"PROG","Progenity, Inc. - Common Stock","2021-03-09 08:00:00-05:00",4.0,4.06,3.8899,4.06,4.06,0
"PROG","Progenity, Inc. - Common Stock","2021-03-09 09:00:00-05:00",3.96,3.96,3.95,3.95,3.95,0
"PROG","Progenity, Inc. - Common Stock","2021-03-09 09:30:00-05:00",3.9700000286102295,4.179999828338623,3.950000047683716,4.039999961853027,4.039999961853027,124241
"PROG","Progenity, Inc. - Common Stock","2021-03-09 10:30:00-05:00",4.039999961853027,4.150000095367432,4.03000020980835,4.110000133514404,4.110000133514404,41349
"PROG","Progenity, Inc. - Common Stock","2021-03-09 11:30:00-05:00",4.110000133514404,4.269999980926514,4.090000152587891,4.210100173950195,4.210100173950195,47484
"PROG","Progenity, Inc. - Common Stock","2021-03-09 12:30:00-05:00",4.239999771118164,4.260000228881836,4.119999885559082,4.150000095367432,4.150000095367432,74804
"PROG","Progenity, Inc. - Common Stock","2021-03-09 13:30:00-05:00",4.150000095367432,4.199999809265137,4.139999866485596,4.179999828338623,4.179999828338623,16319
"PROG","Progenity, Inc. - Common Stock","2021-03-09 14:30:00-05:00",4.179999828338623,4.25,4.172200202941895,4.21999979019165,4.21999979019165,23430
"PROG","Progenity, Inc. - Common Stock","2021-03-09 15:30:00-05:00",4.199999809265137,4.210000038146973,4.170000076293945,4.210000038146973,4.210000038146973,19803
"PROG","Progenity, Inc. - Common Stock","2021-03-09 16:00:00-05:00",4.2,4.25,4.2,4.2,4.2,0
"PROG","Progenity, Inc. - Common Stock","2021-03-09 17:00:00-05:00",4.25,4.25,4.2,4.2,4.2,0
"PROG","Progenity, Inc. - Common Stock","2021-03-09 18:00:00-05:00",4.2,4.2,4.2,4.2,4.2,0
"PROG","Progenity, Inc. - Common Stock","2021-03-10 07:00:00-05:00",4.23,4.23,4.23,4.23,4.23,0
"PROG","Progenity, Inc. - Common Stock","2021-03-10 08:00:00-05:00",4.22,4.22,4.2,4.2,4.2,0
"PROG","Progenity, Inc. - Common Stock","2021-03-10 09:00:00-05:00",4.2099,4.38,4.2,4.3,4.3,0
"PROG","Progenity, Inc. - Common Stock","2021-03-10 09:30:00-05:00",4.260000228881836,4.460000038146973,4.260000228881836,4.309999942779541,4.309999942779541,132453
"PROG","Progenity, Inc. - Common Stock","2021-03-10 10:30:00-05:00",4.302700042724609,4.329999923706055,4.210000038146973,4.320000171661377,4.320000171661377,42031
"PROG","Progenity, Inc. - Common Stock","2021-03-10 11:30:00-05:00",4.324999809265137,4.360000133514404,4.230000019073486,4.255000114440918,4.255000114440918,21983
"PROG","Progenity, Inc. - Common Stock","2021-03-10 12:30:00-05:00",4.25,4.28000020980835,4.159999847412109,4.179999828338623,4.179999828338623,31871
"PROG","Progenity, Inc. - Common Stock","2021-03-10 13:30:00-05:00",4.190000057220459,4.25,4.110000133514404,4.230000019073486,4.230000019073486,37257
"PROG","Progenity, Inc. - Common Stock","2021-03-10 14:30:00-05:00",4.230000019073486,4.299900054931641,4.21999979019165,4.21999979019165,4.21999979019165,35490
"PROG","Progenity, Inc. - Common Stock","2021-03-10 15:30:00-05:00",4.244999885559082,4.269999980926514,4.119999885559082,4.179999828338623,4.179999828338623,94070
"PROG","Progenity, Inc. - Common Stock","2021-03-10 16:00:00-05:00",4.15,4.23,4.15,4.15,4.15,0
"PROG","Progenity, Inc. - Common Stock","2021-03-10 17:00:00-05:00",4.2,4.2,4.2,4.2,4.2,0
"PROG","Progenity, Inc. - Common Stock","2021-03-11 06:00:00-05:00",4.16,4.16,4.16,4.16,4.16,0
"PROG","Progenity, Inc. - Common Stock","2021-03-11 09:00:00-05:00",4.3,4.3,4.2,4.2,4.2,0
"PROG","Progenity, Inc. - Common Stock","2021-03-11 09:30:00-05:00",4.25,4.3470001220703125,4.159999847412109,4.190000057220459,4.190000057220459,130448
"PROG","Progenity, Inc. - Common Stock","2021-03-11 10:30:00-05:00",4.199999809265137,4.34499979019165,4.170000076293945,4.170000076293945,4.170000076293945,33919
"PROG","Progenity, Inc. - Common Stock","2021-03-11 11:30:00-05:00",4.195499897003174,4.355000019073486,4.179999828338623,4.329999923706055,4.329999923706055,32050
"PROG","Progenity, Inc. - Common Stock","2021-03-11 12:30:00-05:00",4.349999904632568,4.420000076293945,4.349999904632568,4.381400108337402,4.381400108337402,35421
"PROG","Progenity, Inc. - Common Stock","2021-03-11 13:30:00-05:00",4.400000095367432,4.449999809265137,4.384900093078613,4.449999809265137,4.449999809265137,18330
"PROG","Progenity, Inc. - Common Stock","2021-03-11 14:30:00-05:00",4.429999828338623,4.480000019073486,4.420000076293945,4.440000057220459,4.440000057220459,27461
"PROG","Progenity, Inc. - Common Stock","2021-03-11 15:30:00-05:00",4.440000057220459,4.46999979019165,4.380000114440918,4.409999847412109,4.409999847412109,65840
"PROG","Progenity, Inc. - Common Stock","2021-03-11 16:00:00-05:00",4.41,4.5,4.41,4.5,4.5,0
"PROG","Progenity, Inc. - Common Stock","2021-03-11 17:00:00-05:00",4.5,4.5,4.42,4.45,4.45,0
"PROG","Progenity, Inc. - Common Stock","2021-03-11 18:00:00-05:00",4.45,4.51,4.45,4.51,4.51,0
"PROG","Progenity, Inc. - Common Stock","2021-03-12 08:00:00-05:00",4.41,4.41,4.41,4.41,4.41,0
"PROG","Progenity, Inc. - Common Stock","2021-03-12 09:00:00-05:00",4.41,4.42,4.41,4.41,4.41,0
"PROG","Progenity, Inc. - Common Stock","2021-03-12 09:30:00-05:00",4.300000190734863,4.409999847412109,4.300000190734863,4.324999809265137,4.324999809265137,71853
"PROG","Progenity, Inc. - Common Stock","2021-03-12 10:30:00-05:00",4.340000152587891,4.630000114440918,4.314199924468994,4.599999904632568,4.599999904632568,56511
"PROG","Progenity, Inc. - Common Stock","2021-03-12 11:30:00-05:00",4.599599838256836,4.599599838256836,4.489999771118164,4.590000152587891,4.590000152587891,55920
"PROG","Progenity, Inc. - Common Stock","2021-03-12 12:30:00-05:00",4.599999904632568,4.690000057220459,4.570000171661377,4.670599937438965,4.670599937438965,27968
"PROG","Progenity, Inc. - Common Stock","2021-03-12 13:30:00-05:00",4.690000057220459,4.710000038146973,4.639999866485596,4.650000095367432,4.650000095367432,40599
"PROG","Progenity, Inc. - Common Stock","2021-03-12 14:30:00-05:00",4.690000057220459,4.789999961853027,4.650000095367432,4.789999961853027,4.789999961853027,23970
"PROG","Progenity, Inc. - Common Stock","2021-03-12 15:30:00-05:00",4.789999961853027,4.869999885559082,4.769999980926514,4.840000152587891,4.840000152587891,60743
"PROG","Progenity, Inc. - Common Stock","2021-03-12 16:00:00-05:00",4.84,4.84,4.84,4.84,4.84,0
"PROG","Progenity, Inc. - Common Stock","2021-03-12 18:00:00-05:00",4.9,4.9,4.9,4.9,4.9,0
"PROG","Progenity, Inc. - Common Stock","2021-03-15 07:00:00-04:00",5.06,5.06,5.05,5.06,5.06,0
"PROG","Progenity, Inc. - Common Stock","2021-03-15 08:00:00-04:00",5.06,5.06,4.98,5.0,5.0,0
"PROG","Progenity, Inc. - Common Stock","2021-03-15 09:00:00-04:00",4.84,5.0,4.84,5.0,5.0,0
"PROG","Progenity, Inc. - Common Stock","2021-03-15 09:30:00-04:00",4.863500118255615,5.050000190734863,4.789999961853027,5.0157999992370605,5.0157999992370605,104407
"PROG","Progenity, Inc. - Common Stock","2021-03-15 10:30:00-04:00",5.050000190734863,5.109899997711182,4.889999866485596,4.894999980926514,4.894999980926514,50262
"PROG","Progenity, Inc. - Common Stock","2021-03-15 11:30:00-04:00",4.889999866485596,4.992899894714356,4.840099811553955,4.992899894714356,4.992899894714356,35057
"PROG","Progenity, Inc. - Common Stock","2021-03-15 12:30:00-04:00",4.974999904632568,5.050000190734863,4.974999904632568,5.032400131225586,5.032400131225586,26136
"PROG","Progenity, Inc. - Common Stock","2021-03-15 13:30:00-04:00",5.03000020980835,5.110000133514404,4.800000190734863,4.800000190734863,4.800000190734863,105218
"PROG","Progenity, Inc. - Common Stock","2021-03-15 14:30:00-04:00",4.809999942779541,4.809999942779541,4.650000095367432,4.710000038146973,4.710000038146973,43907
"PROG","Progenity, Inc. - Common Stock","2021-03-15 15:30:00-04:00",4.71999979019165,4.730000019073486,4.664999961853027,4.710000038146973,4.710000038146973,65036
"PROG","Progenity, Inc. - Common Stock","2021-03-15 16:00:00-04:00",4.73,4.73,4.7199,4.7199,4.7199,0
"PROG","Progenity, Inc. - Common Stock","2021-03-15 17:00:00-04:00",4.68,4.72,4.65,4.65,4.65,0
"PROG","Progenity, Inc. - Common Stock","2021-03-15 18:00:00-04:00",4.72,4.72,4.72,4.72,4.72,0
"PROG","Progenity, Inc. - Common Stock","2021-03-15 19:00:00-04:00",4.67,4.72,4.64,4.72,4.72,0
"PROG","Progenity, Inc. - Common Stock","2021-03-16 07:00:00-04:00",4.56,4.56,4.56,4.56,4.56,0
"PROG","Progenity, Inc. - Common Stock","2021-03-16 08:00:00-04:00",4.72,4.75,4.7199,4.73,4.73,0
"PROG","Progenity, Inc. - Common Stock","2021-03-16 09:30:00-04:00",4.75,4.867499828338623,4.570000171661377,4.699999809265137,4.699999809265137,59748
"PROG","Progenity, Inc. - Common Stock","2021-03-16 10:30:00-04:00",4.699999809265137,4.849999904632568,4.639999866485596,4.739999771118164,4.739999771118164,53494
"PROG","Progenity, Inc. - Common Stock","2021-03-16 11:30:00-04:00",4.744999885559082,4.744999885559082,4.559999942779541,4.559999942779541,4.559999942779541,47665
"PROG","Progenity, Inc. - Common Stock","2021-03-16 12:30:00-04:00",4.590000152587891,4.78000020980835,4.582699775695801,4.739999771118164,4.739999771118164,24342
"PROG","Progenity, Inc. - Common Stock","2021-03-16 13:30:00-04:00",4.71999979019165,4.78000020980835,4.679999828338623,4.701000213623047,4.701000213623047,15948
"PROG","Progenity, Inc. - Common Stock","2021-03-16 14:30:00-04:00",4.700099945068359,4.860000133514404,4.659999847412109,4.860000133514404,4.860000133514404,27128
"PROG","Progenity, Inc. - Common Stock","2021-03-16 15:30:00-04:00",4.860000133514404,4.900000095367432,4.760000228881836,4.900000095367432,4.900000095367432,66900
"PROG","Progenity, Inc. - Common Stock","2021-03-16 16:00:00-04:00",4.86,5.0,4.86,5.0,5.0,0
"PROG","Progenity, Inc. - Common Stock","2021-03-16 17:00:00-04:00",4.87,4.87,4.87,4.87,4.87,0
"PROG","Progenity, Inc. - Common Stock","2021-03-16 19:00:00-04:00",4.99,4.99,4.99,4.99,4.99,0
"PROG","Progenity, Inc. - Common Stock","2021-03-17 08:00:00-04:00",4.7,4.7,4.7,4.7,4.7,0
"PROG","Progenity, Inc. - Common Stock","2021-03-17 09:00:00-04:00",4.6,4.6,4.56,4.56,4.56,0
"PROG","Progenity, Inc. - Common Stock","2021-03-17 09:30:00-04:00",4.710000038146973,4.900000095367432,4.684800148010254,4.840000152587891,4.840000152587891,40422
"PROG","Progenity, Inc. - Common Stock","2021-03-17 10:30:00-04:00",4.829999923706055,4.849999904632568,4.710000038146973,4.829999923706055,4.829999923706055,15640
"PROG","Progenity, Inc. - Common Stock","2021-03-17 11:30:00-04:00",4.820000171661377,4.860000133514404,4.739999771118164,4.849899768829346,4.849899768829346,59090
"PROG","Progenity, Inc. - Common Stock","2021-03-17 12:30:00-04:00",4.849899768829346,4.849999904632568,4.690000057220459,4.849999904632568,4.849999904632568,20090
"PROG","Progenity, Inc. - Common Stock","2021-03-17 13:30:00-04:00",4.849999904632568,4.949999809265137,4.820000171661377,4.836100101470947,4.836100101470947,17871
"PROG","Progenity, Inc. - Common Stock","2021-03-17 14:30:00-04:00",4.849999904632568,4.929999828338623,4.849999904632568,4.900000095367432,4.900000095367432,18928
"PROG","Progenity, Inc. - Common Stock","2021-03-17 15:30:00-04:00",4.900000095367432,5.0,4.860000133514404,4.980000019073486,4.980000019073486,66183
"PROG","Progenity, Inc. - Common Stock","2021-03-17 16:00:00-04:00",4.98,4.98,4.98,4.98,4.98,0
"PROG","Progenity, Inc. - Common Stock","2021-03-17 17:00:00-04:00",4.91,4.91,4.91,4.91,4.91,0
"PROG","Progenity, Inc. - Common Stock","2021-03-17 18:00:00-04:00",4.96,5.03,4.96,5.03,5.03,0
"PROG","Progenity, Inc. - Common Stock","2021-03-17 19:00:00-04:00",4.91,4.91,4.91,4.91,4.91,0
"PROG","Progenity, Inc. - Common Stock","2021-03-18 08:00:00-04:00",4.98,4.98,4.95,4.95,4.95,0
"PROG","Progenity, Inc. - Common Stock","2021-03-18 09:00:00-04:00",4.97,4.9799,4.95,4.95,4.95,0
"PROG","Progenity, Inc. - Common Stock","2021-03-18 09:30:00-04:00",4.940000057220459,4.979899883270264,4.760000228881836,4.824999809265137,4.824999809265137,42015
"PROG","Progenity, Inc. - Common Stock","2021-03-18 10:30:00-04:00",4.824999809265137,4.869999885559082,4.760000228881836,4.789999961853027,4.789999961853027,36605
"PROG","Progenity, Inc. - Common Stock","2021-03-18 11:30:00-04:00",4.800000190734863,4.849999904632568,4.769999980926514,4.824999809265137,4.824999809265137,21698
"PROG","Progenity, Inc. - Common Stock","2021-03-18 12:30:00-04:00",4.829999923706055,4.829999923706055,4.679999828338623,4.724999904632568,4.724999904632568,32452
"PROG","Progenity, Inc. - Common Stock","2021-03-18 13:30:00-04:00",4.731599807739258,4.769999980926514,4.46619987487793,4.510000228881836,4.510000228881836,146634
"PROG","Progenity, Inc. - Common Stock","2021-03-18 14:30:00-04:00",4.519000053405762,4.519000053405762,4.380000114440918,4.46999979019165,4.46999979019165,91043
"PROG","Progenity, Inc. - Common Stock","2021-03-18 15:30:00-04:00",4.46999979019165,4.489999771118164,4.28000020980835,4.380000114440918,4.380000114440918,92535
"PROG","Progenity, Inc. - Common Stock","2021-03-18 16:00:00-04:00",4.38,4.49,4.09,4.09,4.09,0
"PROG","Progenity, Inc. - Common Stock","2021-03-18 17:00:00-04:00",4.09,4.21,4.05,4.2,4.2,0
"PROG","Progenity, Inc. - Common Stock","2021-03-18 18:00:00-04:00",4.13,4.24,4.12,4.24,4.24,0
"PROG","Progenity, Inc. - Common Stock","2021-03-18 19:00:00-04:00",4.17,4.31,4.15,4.21,4.21,0
"PROG","Progenity, Inc. - Common Stock","2021-03-19 05:00:00-04:00",4.2,4.2,4.2,4.2,4.2,0
"PROG","Progenity, Inc. - Common Stock","2021-03-19 06:00:00-04:00",4.2,4.2,4.2,4.2,4.2,0
"PROG","Progenity, Inc. - Common Stock","2021-03-19 07:00:00-04:00",4.21,4.39,4.21,4.34,4.34,0
"PROG","Progenity, Inc. - Common Stock","2021-03-19 08:00:00-04:00",4.34,4.34,4.2,4.33,4.33,0
"PROG","Progenity, Inc. - Common Stock","2021-03-19 09:00:00-04:00",4.3,4.3,4.2,4.22,4.22,0
"PROG","Progenity, Inc. - Common Stock","2021-03-19 09:30:00-04:00",4.449999809265137,4.721199989318848,4.25,4.690000057220459,4.690000057220459,162159
"PROG","Progenity, Inc. - Common Stock","2021-03-19 10:30:00-04:00",4.689899921417236,4.849999904632568,4.599999904632568,4.619999885559082,4.619999885559082,96531
"PROG","Progenity, Inc. - Common Stock","2021-03-19 11:30:00-04:00",4.659999847412109,4.840000152587891,4.659999847412109,4.78000020980835,4.78000020980835,38629
"PROG","Progenity, Inc. - Common Stock","2021-03-19 12:30:00-04:00",4.75,4.880000114440918,4.71999979019165,4.880000114440918,4.880000114440918,50210
"PROG","Progenity, Inc. - Common Stock","2021-03-19 13:30:00-04:00",4.889999866485596,4.980000019073486,4.869999885559082,4.880000114440918,4.880000114440918,53980
"PROG","Progenity, Inc. - Common Stock","2021-03-19 14:30:00-04:00",4.870100021362305,4.873300075531006,4.75,4.809999942779541,4.809999942779541,92903
"PROG","Progenity, Inc. - Common Stock","2021-03-19 15:30:00-04:00",4.817500114440918,4.960000038146973,4.809999942779541,4.81850004196167,4.81850004196167,93071
"PROG","Progenity, Inc. - Common Stock","2021-03-19 16:00:00-04:00",4.82,4.82,4.819,4.819,4.819,0
"PROG","Progenity, Inc. - Common Stock","2021-03-19 18:00:00-04:00",4.82,4.82,4.82,4.82,4.82,0
"PROG","Progenity, Inc. - Common Stock","2021-03-19 19:00:00-04:00",4.7,4.82,4.7,4.82,4.82,0
"PROG","Progenity, Inc. - Common Stock","2021-03-22 07:00:00-04:00",4.8,4.82,4.75,4.82,4.82,0
"PROG","Progenity, Inc. - Common Stock","2021-03-22 08:00:00-04:00",4.8,4.83,4.7001,4.83,4.83,0
"PROG","Progenity, Inc. - Common Stock","2021-03-22 09:30:00-04:00",4.920000076293945,4.989999771118164,4.710000038146973,4.760000228881836,4.760000228881836,46924
"PROG","Progenity, Inc. - Common Stock","2021-03-22 10:30:00-04:00",4.78000020980835,4.860000133514404,4.730899810791016,4.739999771118164,4.739999771118164,17193
"PROG","Progenity, Inc. - Common Stock","2021-03-22 11:30:00-04:00",4.764999866485596,4.789999961853027,4.690000057220459,4.710000038146973,4.710000038146973,15981
"PROG","Progenity, Inc. - Common Stock","2021-03-22 12:30:00-04:00",4.715000152587891,4.78000020980835,4.715000152587891,4.735000133514404,4.735000133514404,6942
"PROG","Progenity, Inc. - Common Stock","2021-03-22 13:30:00-04:00",4.71999979019165,4.800000190734863,4.71999979019165,4.730000019073486,4.730000019073486,15787
"PROG","Progenity, Inc. - Common Stock","2021-03-22 14:30:00-04:00",4.71999979019165,4.840000152587891,4.71999979019165,4.760000228881836,4.760000228881836,32382
"PROG","Progenity, Inc. - Common Stock","2021-03-22 15:30:00-04:00",4.75,4.889999866485596,4.746099948883057,4.889999866485596,4.889999866485596,42936
"PROG","Progenity, Inc. - Common Stock","2021-03-22 16:00:00-04:00",4.9,4.9,4.86,4.86,4.86,0
"PROG","Progenity, Inc. - Common Stock","2021-03-22 17:00:00-04:00",4.86,4.86,4.86,4.86,4.86,0
"PROG","Progenity, Inc. - Common Stock","2021-03-23 08:00:00-04:00",4.86,4.91,4.86,4.91,4.91,0
"PROG","Progenity, Inc. - Common Stock","2021-03-23 09:00:00-04:00",4.9,4.92,4.89,4.92,4.92,0
"PROG","Progenity, Inc. - Common Stock","2021-03-23 09:30:00-04:00",4.869999885559082,4.889999866485596,4.699999809265137,4.78000020980835,4.78000020980835,19030
"PROG","Progenity, Inc. - Common Stock","2021-03-23 10:30:00-04:00",4.695000171661377,4.75,4.690000057220459,4.75,4.75,4956
"PROG","Progenity, Inc. - Common Stock","2021-03-23 11:30:00-04:00",4.699999809265137,4.71999979019165,4.599999904632568,4.644999980926514,4.644999980926514,29767
"PROG","Progenity, Inc. - Common Stock","2021-03-23 12:30:00-04:00",4.610000133514404,4.659999847412109,4.610000133514404,4.656499862670898,4.656499862670898,10358
"PROG","Progenity, Inc. - Common Stock","2021-03-23 13:30:00-04:00",4.650000095367432,4.730000019073486,4.630000114440918,4.710000038146973,4.710000038146973,16730
"PROG","Progenity, Inc. - Common Stock","2021-03-23 14:30:00-04:00",4.710000038146973,4.71999979019165,4.560100078582764,4.599999904632568,4.599999904632568,36027
"PROG","Progenity, Inc. - Common Stock","2021-03-23 15:30:00-04:00",4.579999923706055,4.690000057220459,4.559999942779541,4.690000057220459,4.690000057220459,14839
"PROG","Progenity, Inc. - Common Stock","2021-03-23 16:00:00-04:00",4.68,4.68,4.68,4.68,4.68,0
"PROG","Progenity, Inc. - Common Stock","2021-03-24 08:00:00-04:00",4.68,4.68,4.68,4.68,4.68,0
"PROG","Progenity, Inc. - Common Stock","2021-03-24 09:30:00-04:00",4.75,4.75,4.340000152587891,4.394999980926514,4.394999980926514,73600
"PROG","Progenity, Inc. - Common Stock","2021-03-24 10:30:00-04:00",4.394999980926514,4.5,4.360000133514404,4.425099849700928,4.425099849700928,16141
"PROG","Progenity, Inc. - Common Stock","2021-03-24 11:30:00-04:00",4.439899921417236,4.439899921417236,4.179999828338623,4.210000038146973,4.210000038146973,62716
"PROG","Progenity, Inc. - Common Stock","2021-03-24 12:30:00-04:00",4.210000038146973,4.25,4.110000133514404,4.110099792480469,4.110099792480469,37266
"PROG","Progenity, Inc. - Common Stock","2021-03-24 13:30:00-04:00",4.140999794006348,4.190000057220459,4.099999904632568,4.179999828338623,4.179999828338623,38008
"PROG","Progenity, Inc. - Common Stock","2021-03-24 14:30:00-04:00",4.179999828338623,4.199999809265137,4.130000114440918,4.152699947357178,4.152699947357178,42053
"PROG","Progenity, Inc. - Common Stock","2021-03-24 15:30:00-04:00",4.159900188446045,4.179999828338623,4.110099792480469,4.119999885559082,4.119999885559082,46099
"PROG","Progenity, Inc. - Common Stock","2021-03-24 16:00:00-04:00",4.12,4.12,4.12,4.12,4.12,0
"PROG","Progenity, Inc. - Common Stock","2021-03-24 17:00:00-04:00",4.37,4.37,4.3,4.3,4.3,0
"PROG","Progenity, Inc. - Common Stock","2021-03-24 19:00:00-04:00",4.15,4.15,4.15,4.15,4.15,0
"PROG","Progenity, Inc. - Common Stock","2021-03-25 07:00:00-04:00",4.15,4.15,4.15,4.15,4.15,0
"PROG","Progenity, Inc. - Common Stock","2021-03-25 08:00:00-04:00",4.15,4.15,4.15,4.15,4.15,0
"PROG","Progenity, Inc. - Common Stock","2021-03-25 09:00:00-04:00",4.15,4.2,4.15,4.15,4.15,0
"PROG","Progenity, Inc. - Common Stock","2021-03-25 09:30:00-04:00",4.179999828338623,4.360000133514404,4.119999885559082,4.295000076293945,4.295000076293945,71148
"PROG","Progenity, Inc. - Common Stock","2021-03-25 10:30:00-04:00",4.29010009765625,4.300000190734863,4.039999961853027,4.105000019073486,4.105000019073486,75257
"PROG","Progenity, Inc. - Common Stock","2021-03-25 11:30:00-04:00",4.119999885559082,4.230000019073486,4.079999923706055,4.170000076293945,4.170000076293945,42271
"PROG","Progenity, Inc. - Common Stock","2021-03-25 12:30:00-04:00",4.188199996948242,4.199999809265137,4.070000171661377,4.079999923706055,4.079999923706055,31683
"PROG","Progenity, Inc. - Common Stock","2021-03-25 13:30:00-04:00",4.090000152587891,4.119999885559082,4.019999980926514,4.070000171661377,4.070000171661377,23840
"PROG","Progenity, Inc. - Common Stock","2021-03-25 14:30:00-04:00",4.084499835968018,4.191599845886231,4.065899848937988,4.139999866485596,4.139999866485596,21139
"PROG","Progenity, Inc. - Common Stock","2021-03-25 15:30:00-04:00",4.139999866485596,4.199999809265137,4.070000171661377,4.119999885559082,4.119999885559082,44110
"PROG","Progenity, Inc. - Common Stock","2021-03-25 16:00:00-04:00",4.13,4.13,4.12,4.12,4.12,0
"PROG","Progenity, Inc. - Common Stock","2021-03-25 17:00:00-04:00",4.12,4.12,4.12,4.12,4.12,0
"PROG","Progenity, Inc. - Common Stock","2021-03-25 18:00:00-04:00",4.13,4.24,4.13,4.24,4.24,0
"PROG","Progenity, Inc. - Common Stock","2021-03-26 07:00:00-04:00",4.2,4.2,4.2,4.2,4.2,0
"PROG","Progenity, Inc. - Common Stock","2021-03-26 08:00:00-04:00",4.13,4.13,4.13,4.13,4.13,0
"PROG","Progenity, Inc. - Common Stock","2021-03-26 09:00:00-04:00",4.2,4.2,4.2,4.2,4.2,0
"PROG","Progenity, Inc. - Common Stock","2021-03-26 09:30:00-04:00",4.179999828338623,4.489799976348877,4.179999828338623,4.480000019073486,4.480000019073486,62622
"PROG","Progenity, Inc. - Common Stock","2021-03-26 10:30:00-04:00",4.489999771118164,4.590000152587891,4.349999904632568,4.349999904632568,4.349999904632568,32806
"PROG","Progenity, Inc. - Common Stock","2021-03-26 11:30:00-04:00",4.400000095367432,4.5,4.349999904632568,4.385000228881836,4.385000228881836,22167
"PROG","Progenity, Inc. - Common Stock","2021-03-26 12:30:00-04:00",4.385000228881836,4.400000095367432,4.340000152587891,4.340000152587891,4.340000152587891,17198
"PROG","Progenity, Inc. - Common Stock","2021-03-26 13:30:00-04:00",4.355000019073486,4.355000019073486,4.179999828338623,4.260000228881836,4.260000228881836,58137
"PROG","Progenity, Inc. - Common Stock","2021-03-26 14:30:00-04:00",4.265600204467773,4.400000095367432,4.199999809265137,4.360000133514404,4.360000133514404,29334
"PROG","Progenity, Inc. - Common Stock","2021-03-26 15:30:00-04:00",4.364999771118164,4.429999828338623,4.28000020980835,4.429999828338623,4.429999828338623,30293
"PROG","Progenity, Inc. - Common Stock","2021-03-26 16:00:00-04:00",4.43,4.43,4.4,4.43,4.43,0
"PROG","Progenity, Inc. - Common Stock","2021-03-29 08:00:00-04:00",4.43,4.43,4.43,4.43,4.43,0
"PROG","Progenity, Inc. - Common Stock","2021-03-29 09:30:00-04:00",4.329999923706055,4.489999771118164,4.320000171661377,4.320000171661377,4.320000171661377,45510
"PROG","Progenity, Inc. - Common Stock","2021-03-29 10:30:00-04:00",4.300000190734863,4.510000228881836,4.300000190734863,4.5,4.5,40016
"PROG","Progenity, Inc. - Common Stock","2021-03-29 11:30:00-04:00",4.506999969482422,4.619999885559082,4.489999771118164,4.599999904632568,4.599999904632568,29036
"PROG","Progenity, Inc. - Common Stock","2021-03-29 12:30:00-04:00",4.599999904632568,4.728899955749512,4.592899799346924,4.657899856567383,4.657899856567383,45138
"PROG","Progenity, Inc. - Common Stock","2021-03-29 13:30:00-04:00",4.654799938201904,4.699999809265137,4.579999923706055,4.630000114440918,4.630000114440918,85645
"PROG","Progenity, Inc. - Common Stock","2021-03-29 14:30:00-04:00",4.679999828338623,4.789999961853027,4.619999885559082,4.679999828338623,4.679999828338623,46559
"PROG","Progenity, Inc. - Common Stock","2021-03-29 15:30:00-04:00",4.699999809265137,4.730000019073486,4.650000095367432,4.71999979019165,4.71999979019165,38839
"PROG","Progenity, Inc. - Common Stock","2021-03-29 16:00:00-04:00",4.7,4.73,4.68,4.68,4.68,0
"PROG","Progenity, Inc. - Common Stock","2021-03-29 17:00:00-04:00",4.43,4.68,4.43,4.68,4.68,0
"PROG","Progenity, Inc. - Common Stock","2021-03-29 18:00:00-04:00",4.68,4.7,4.68,4.7,4.7,0
"PROG","Progenity, Inc. - Common Stock","2021-03-29 19:00:00-04:00",4.7,4.7,4.7,4.7,4.7,0
"PROG","Progenity, Inc. - Common Stock","2021-03-30 08:00:00-04:00",4.68,4.72,4.68,4.69,4.69,0
"PROG","Progenity, Inc. - Common Stock","2021-03-30 09:30:00-04:00",4.590000152587891,4.639999866485596,4.409999847412109,4.480000019073486,4.480000019073486,37553
"PROG","Progenity, Inc. - Common Stock","2021-03-30 10:30:00-04:00",4.489999771118164,4.5,4.389999866485596,4.460000038146973,4.460000038146973,50994
"PROG","Progenity, Inc. - Common Stock","2021-03-30 11:30:00-04:00",4.440000057220459,4.449999809265137,4.300000190734863,4.400000095367432,4.400000095367432,60758
"PROG","Progenity, Inc. - Common Stock","2021-03-30 12:30:00-04:00",4.420000076293945,4.449999809265137,4.369999885559082,4.409999847412109,4.409999847412109,11068
"PROG","Progenity, Inc. - Common Stock","2021-03-30 13:30:00-04:00",4.409999847412109,4.46999979019165,4.389999866485596,4.429999828338623,4.429999828338623,7650
"PROG","Progenity, Inc. - Common Stock","2021-03-30 14:30:00-04:00",4.477099895477295,4.550000190734863,4.429999828338623,4.489999771118164,4.489999771118164,13739
"PROG","Progenity, Inc. - Common Stock","2021-03-30 15:30:00-04:00",4.514999866485596,4.679999828338623,4.46999979019165,4.610000133514404,4.610000133514404,71936
"PROG","Progenity, Inc. - Common Stock","2021-03-30 16:00:00-04:00",4.62,4.6201,4.62,4.6201,4.6201,0
"PROG","Progenity, Inc. - Common Stock","2021-03-30 17:00:00-04:00",4.7,4.71,4.38,4.6,4.6,0
"PROG","Progenity, Inc. - Common Stock","2021-03-31 18:00:00-04:00",4.46,4.46,4.45,4.45,4.45,0
"PROG","Progenity, Inc. - Common Stock","2021-04-01 07:00:00-04:00",4.76,4.76,4.76,4.76,4.76,0
"PROG","Progenity, Inc. - Common Stock","2021-04-01 08:00:00-04:00",4.76,4.9,4.6,4.9,4.9,0
"PROG","Progenity, Inc. - Common Stock","2021-04-01 09:00:00-04:00",4.6,4.6,4.6,4.6,4.6,0
"PROG","Progenity, Inc. - Common Stock","2021-04-01 09:30:00-04:00",4.800000190734863,4.860000133514404,4.699999809265137,4.839499950408936,4.839499950408936,15329
"PROG","Progenity, Inc. - Common Stock","2021-04-01 10:30:00-04:00",4.828000068664551,4.900000095367432,4.809999942779541,4.829999923706055,4.829999923706055,26626
"PROG","Progenity, Inc. - Common Stock","2021-04-01 11:30:00-04:00",4.84499979019165,4.96999979019165,4.84499979019165,4.949999809265137,4.949999809265137,42090
"PROG","Progenity, Inc. - Common Stock","2021-04-01 12:30:00-04:00",4.929999828338623,5.050000190734863,4.889999866485596,5.050000190734863,5.050000190734863,95901
"PROG","Progenity, Inc. - Common Stock","2021-04-01 13:30:00-04:00",5.050000190734863,5.090000152587891,4.960100173950195,4.974999904632568,4.974999904632568,18941
"PROG","Progenity, Inc. - Common Stock","2021-04-01 14:30:00-04:00",4.960000038146973,4.989999771118164,4.920000076293945,4.929999828338623,4.929999828338623,14469
"PROG","Progenity, Inc. - Common Stock","2021-04-01 15:30:00-04:00",4.929999828338623,5.0,4.920000076293945,4.920000076293945,4.920000076293945,40365
"PROG","Progenity, Inc. - Common Stock","2021-04-01 16:00:00-04:00",4.92,4.93,4.9,4.9,4.9,0
"PROG","Progenity, Inc. - Common Stock","2021-04-01 17:00:00-04:00",4.92,5.08,4.92,5.08,5.08,0
"PROG","Progenity, Inc. - Common Stock","2021-04-01 18:00:00-04:00",5.08,5.08,5.08,5.08,5.08,0
"PROG","Progenity, Inc. - Common Stock","2021-04-01 19:00:00-04:00",5.08,5.08,5.08,5.08,5.08,0
"PROG","Progenity, Inc. - Common Stock","2021-04-05 07:00:00-04:00",5.1,5.1,5.1,5.1,5.1,0
"PROG","Progenity, Inc. - Common Stock","2021-04-05 08:00:00-04:00",5.0,5.09,5.0,5.09,5.09,0
"PROG","Progenity, Inc. - Common Stock","2021-04-05 09:00:00-04:00",5.0,5.0,4.92,5.0,5.0,0
"PROG","Progenity, Inc. - Common Stock","2021-04-05 09:30:00-04:00",4.940000057220459,5.099999904632568,4.901000022888184,5.079999923706055,5.079999923706055,31644
"PROG","Progenity, Inc. - Common Stock","2021-04-05 10:30:00-04:00",5.079999923706055,5.130000114440918,4.960000038146973,5.0879998207092285,5.0879998207092285,53271
"PROG","Progenity, Inc. - Common Stock","2021-04-05 11:30:00-04:00",5.070000171661377,5.110000133514404,4.994999885559082,5.019999980926514,5.019999980926514,73843
"PROG","Progenity, Inc. - Common Stock","2021-04-05 12:30:00-04:00",5.03000020980835,5.110000133514404,5.0,5.025000095367432,5.025000095367432,75805
"PROG","Progenity, Inc. - Common Stock","2021-04-05 13:30:00-04:00",5.025000095367432,5.039999961853027,4.940000057220459,4.960000038146973,4.960000038146973,139571
"PROG","Progenity, Inc. - Common Stock","2021-04-05 14:30:00-04:00",4.940000057220459,5.03000020980835,4.940000057220459,4.989999771118164,4.989999771118164,30916
"PROG","Progenity, Inc. - Common Stock","2021-04-05 15:30:00-04:00",4.980000019073486,5.0,4.929999828338623,4.929999828338623,4.929999828338623,31043
"PROG","Progenity, Inc. - Common Stock","2021-04-05 16:00:00-04:00",4.935,4.935,4.935,4.935,4.935,8615
"PROG","Progenity, Inc. - Common Stock","2021-04-05 18:00:00-04:00",5.1,5.1,5.1,5.1,5.1,0
"PROG","Progenity, Inc. - Common Stock","2021-04-05 19:00:00-04:00",5.1,5.1,5.1,5.1,5.1,0
"PROG","Progenity, Inc. - Common Stock","2021-04-06 07:00:00-04:00",5.1,5.1,5.1,5.1,5.1,0
"PROG","Progenity, Inc. - Common Stock","2021-04-06 08:00:00-04:00",5.08,5.1,4.9,4.9,4.9,0
"PROG","Progenity, Inc. - Common Stock","2021-04-06 09:30:00-04:00",4.96999979019165,5.03000020980835,4.769999980926514,4.800000190734863,4.800000190734863,33968
"PROG","Progenity, Inc. - Common Stock","2021-04-06 10:30:00-04:00",4.800000190734863,4.880000114440918,4.71999979019165,4.749899864196777,4.749899864196777,43370
"PROG","Progenity, Inc. - Common Stock","2021-04-06 11:30:00-04:00",4.71999979019165,4.75,4.599999904632568,4.630000114440918,4.630000114440918,22041
"PROG","Progenity, Inc. - Common Stock","2021-04-06 12:30:00-04:00",4.730000019073486,4.730000019073486,4.53000020980835,4.53000020980835,4.53000020980835,29484
"PROG","Progenity, Inc. - Common Stock","2021-04-06 13:30:00-04:00",4.599999904632568,4.610000133514404,4.525000095367432,4.570000171661377,4.570000171661377,38862
"PROG","Progenity, Inc. - Common Stock","2021-04-06 14:30:00-04:00",4.550000190734863,4.570000171661377,4.440000057220459,4.510000228881836,4.510000228881836,44400
"PROG","Progenity, Inc. - Common Stock","2021-04-06 15:30:00-04:00",4.524799823760986,4.619900226593018,4.5,4.519999980926514,4.519999980926514,27145
"PROG","Progenity, Inc. - Common Stock","2021-04-06 16:00:00-04:00",4.58,4.58,4.55,4.58,4.58,0
"PROG","Progenity, Inc. - Common Stock","2021-04-06 18:00:00-04:00",4.58,4.58,4.53,4.53,4.53,0
"PROG","Progenity, Inc. - Common Stock","2021-04-06 19:00:00-04:00",4.58,4.58,4.58,4.58,4.58,0
"PROG","Progenity, Inc. - Common Stock","2021-04-07 06:00:00-04:00",4.45,4.45,4.45,4.45,4.45,0
"PROG","Progenity, Inc. - Common Stock","2021-04-07 07:00:00-04:00",4.7,4.7,4.7,4.7,4.7,0
"PROG","Progenity, Inc. - Common Stock","2021-04-07 08:00:00-04:00",4.69,4.7,4.69,4.7,4.7,0
"PROG","Progenity, Inc. - Common Stock","2021-04-07 09:30:00-04:00",4.610000133514404,4.650000095367432,4.449999809265137,4.466800212860107,4.466800212860107,41604
"PROG","Progenity, Inc. - Common Stock","2021-04-07 10:30:00-04:00",4.480000019073486,4.559999942779541,4.349999904632568,4.559999942779541,4.559999942779541,59150
"PROG","Progenity, Inc. - Common Stock","2021-04-07 11:30:00-04:00",4.46999979019165,4.480000019073486,4.349999904632568,4.389999866485596,4.389999866485596,22400
"PROG","Progenity, Inc. - Common Stock","2021-04-07 12:30:00-04:00",4.380000114440918,4.449999809265137,4.260000228881836,4.310500144958496,4.310500144958496,34312
"PROG","Progenity, Inc. - Common Stock","2021-04-07 13:30:00-04:00",4.359700202941895,4.369999885559082,4.289999961853027,4.335000038146973,4.335000038146973,10541
"PROG","Progenity, Inc. - Common Stock","2021-04-07 14:30:00-04:00",4.309999942779541,4.329999923706055,4.210000038146973,4.275000095367432,4.275000095367432,30551
"PROG","Progenity, Inc. - Common Stock","2021-04-07 15:30:00-04:00",4.260000228881836,4.309999942779541,4.215000152587891,4.239999771118164,4.239999771118164,83416
"PROG","Progenity, Inc. - Common Stock","2021-04-07 16:00:00-04:00",4.24,4.26,4.24,4.26,4.26,0
"PROG","Progenity, Inc. - Common Stock","2021-04-07 17:00:00-04:00",4.26,4.33,4.26,4.33,4.33,0
"PROG","Progenity, Inc. - Common Stock","2021-04-07 18:00:00-04:00",4.26,4.26,4.26,4.26,4.26,0
"PROG","Progenity, Inc. - Common Stock","2021-04-07 19:00:00-04:00",4.26,4.26,4.26,4.26,4.26,0
"PROG","Progenity, Inc. - Common Stock","2021-04-08 08:00:00-04:00",4.36,4.4499,4.24,4.24,4.24,0
"PROG","Progenity, Inc. - Common Stock","2021-04-08 09:30:00-04:00",4.320000171661377,4.329999923706055,4.093100070953369,4.130000114440918,4.130000114440918,57909
"PROG","Progenity, Inc. - Common Stock","2021-04-08 10:30:00-04:00",4.125,4.139999866485596,3.9700000286102295,4.059999942779541,4.059999942779541,50915
"PROG","Progenity, Inc. - Common Stock","2021-04-08 11:30:00-04:00",4.079999923706055,4.150000095367432,4.039999961853027,4.050000190734863,4.050000190734863,42465
"PROG","Progenity, Inc. - Common Stock","2021-04-08 12:30:00-04:00",4.083499908447266,4.099999904632568,3.9800000190734863,4.059999942779541,4.059999942779541,57894
"PROG","Progenity, Inc. - Common Stock","2021-04-08 13:30:00-04:00",4.050000190734863,4.099999904632568,3.990000009536743,4.079999923706055,4.079999923706055,23420
"PROG","Progenity, Inc. - Common Stock","2021-04-08 14:30:00-04:00",4.030099868774414,4.150000095367432,4.03000020980835,4.079999923706055,4.079999923706055,59036
"PROG","Progenity, Inc. - Common Stock","2021-04-08 15:30:00-04:00",4.079999923706055,4.090000152587891,4.0,4.050000190734863,4.050000190734863,35366
"PROG","Progenity, Inc. - Common Stock","2021-04-08 16:00:00-04:00",4.06,4.1,4.06,4.07,4.07,0
"PROG","Progenity, Inc. - Common Stock","2021-04-08 17:00:00-04:00",4.25,4.25,4.18,4.18,4.18,0
"PROG","Progenity, Inc. - Common Stock","2021-04-08 19:00:00-04:00",4.16,4.16,4.16,4.16,4.16,0
"PROG","Progenity, Inc. - Common Stock","2021-04-09 06:00:00-04:00",4.45,4.45,4.21,4.21,4.21,0
"PROG","Progenity, Inc. - Common Stock","2021-04-09 07:00:00-04:00",4.19,4.19,4.19,4.19,4.19,0
"PROG","Progenity, Inc. - Common Stock","2021-04-09 08:00:00-04:00",4.08,4.08,4.07,4.07,4.07,0
"PROG","Progenity, Inc. - Common Stock","2021-04-09 09:30:00-04:00",4.099999904632568,4.099999904632568,3.930000066757202,3.9600000381469727,3.9600000381469727,82594
"PROG","Progenity, Inc. - Common Stock","2021-04-09 10:30:00-04:00",3.9600000381469727,4.059999942779541,3.9600000381469727,3.9800000190734863,3.9800000190734863,18883
"PROG","Progenity, Inc. - Common Stock","2021-04-09 11:30:00-04:00",4.010000228881836,4.03000020980835,3.940000057220459,3.9700000286102295,3.9700000286102295,33646
"PROG","Progenity, Inc. - Common Stock","2021-04-09 12:30:00-04:00",3.9600000381469727,4.010000228881836,3.869999885559082,3.869999885559082,3.869999885559082,45033
"PROG","Progenity, Inc. - Common Stock","2021-04-09 13:30:00-04:00",3.880000114440918,3.950000047683716,3.849999904632568,3.910000085830689,3.910000085830689,39918
"PROG","Progenity, Inc. - Common Stock","2021-04-09 14:30:00-04:00",3.910000085830689,3.920000076293945,3.839999914169312,3.869999885559082,3.869999885559082,33591
"PROG","Progenity, Inc. - Common Stock","2021-04-09 15:30:00-04:00",3.890000104904175,3.930000066757202,3.839999914169312,3.869999885559082,3.869999885559082,72448
"PROG","Progenity, Inc. - Common Stock","2021-04-09 16:00:00-04:00",3.87,3.88,3.87,3.88,3.88,0
"PROG","Progenity, Inc. - Common Stock","2021-04-09 17:00:00-04:00",3.9218,3.9218,3.9,3.9,3.9,0
"PROG","Progenity, Inc. - Common Stock","2021-04-09 18:00:00-04:00",3.96,3.96,3.96,3.96,3.96,0
"PROG","Progenity, Inc. - Common Stock","2021-04-09 19:00:00-04:00",3.93,3.96,3.93,3.96,3.96,0
"PROG","Progenity, Inc. - Common Stock","2021-04-12 05:00:00-04:00",4.39,4.39,4.39,4.39,4.39,0
"PROG","Progenity, Inc. - Common Stock","2021-04-12 06:00:00-04:00",4.39,4.39,4.26,4.26,4.26,0
"PROG","Progenity, Inc. - Common Stock","2021-04-12 07:00:00-04:00",3.86,4.3,3.86,4.2,4.2,0
"PROG","Progenity, Inc. - Common Stock","2021-04-12 08:00:00-04:00",4.19,4.2,4.19,4.19,4.19,0
"PROG","Progenity, Inc. - Common Stock","2021-04-12 09:00:00-04:00",4.19,4.2,4.0,4.0,4.0,0
"PROG","Progenity, Inc. - Common Stock","2021-04-12 09:30:00-04:00",3.910000085830689,4.0,3.799999952316284,3.880000114440918,3.880000114440918,73495
"PROG","Progenity, Inc. - Common Stock","2021-04-12 10:30:00-04:00",3.869999885559082,3.910000085830689,3.759999990463257,3.869999885559082,3.869999885559082,38268
"PROG","Progenity, Inc. - Common Stock","2021-04-12 11:30:00-04:00",3.859999895095825,3.890000104904175,3.7899999618530273,3.839999914169312,3.839999914169312,27808
"PROG","Progenity, Inc. - Common Stock","2021-04-12 12:30:00-04:00",3.8598999977111816,3.890000104904175,3.839999914169312,3.865000009536743,3.865000009536743,21955
"PROG","Progenity, Inc. - Common Stock","2021-04-12 13:30:00-04:00",3.899899959564209,3.899899959564209,3.759999990463257,3.859999895095825,3.859999895095825,175863
"PROG","Progenity, Inc. - Common Stock","2021-04-12 14:30:00-04:00",3.849999904632568,3.849999904632568,3.75,3.759999990463257,3.759999990463257,377769
"PROG","Progenity, Inc. - Common Stock","2021-04-12 15:30:00-04:00",3.759999990463257,3.7699999809265137,3.7200000286102295,3.75,3.75,19349
"PROG","Progenity, Inc. - Common Stock","2021-04-12 16:00:00-04:00",3.75,3.75,3.75,3.75,3.75,0
"PROG","Progenity, Inc. - Common Stock","2021-04-13 04:00:00-04:00",3.75,3.75,3.75,3.75,3.75,0
"PROG","Progenity, Inc. - Common Stock","2021-04-13 06:00:00-04:00",3.75,3.75,3.7,3.7,3.7,0
"PROG","Progenity, Inc. - Common Stock","2021-04-13 08:00:00-04:00",3.75,3.75,3.75,3.75,3.75,0
"PROG","Progenity, Inc. - Common Stock","2021-04-13 09:00:00-04:00",3.75,3.8,3.75,3.8,3.8,0
"PROG","Progenity, Inc. - Common Stock","2021-04-13 09:30:00-04:00",3.740000009536743,3.75,3.609999895095825,3.680000066757202,3.680000066757202,77765
"PROG","Progenity, Inc. - Common Stock","2021-04-13 10:30:00-04:00",3.670000076293945,3.7300000190734863,3.619999885559082,3.660000085830689,3.660000085830689,19891
"PROG","Progenity, Inc. - Common Stock","2021-04-13 11:30:00-04:00",3.660000085830689,3.680000066757202,3.5999999046325684,3.660000085830689,3.660000085830689,84130
"PROG","Progenity, Inc. - Common Stock","2021-04-13 12:30:00-04:00",3.659899950027466,3.660000085830689,3.569999933242798,3.640000104904175,3.640000104904175,24162
"PROG","Progenity, Inc. - Common Stock","2021-04-13 13:30:00-04:00",3.619999885559082,3.640000104904175,3.5799999237060547,3.619999885559082,3.619999885559082,15298
"PROG","Progenity, Inc. - Common Stock","2021-04-13 14:30:00-04:00",3.5999999046325684,3.5999999046325684,3.450000047683716,3.5199999809265137,3.5199999809265137,60317
"PROG","Progenity, Inc. - Common Stock","2021-04-13 15:30:00-04:00",3.5,3.539999961853028,3.490000009536743,3.5299999713897705,3.5299999713897705,46259
"PROG","Progenity, Inc. - Common Stock","2021-04-13 16:00:00-04:00",3.52,3.52,3.5,3.5,3.5,0
"PROG","Progenity, Inc. - Common Stock","2021-04-13 17:00:00-04:00",3.52,3.52,3.52,3.52,3.52,0
"PROG","Progenity, Inc. - Common Stock","2021-04-13 18:00:00-04:00",3.52,3.52,3.52,3.52,3.52,0
"PROG","Progenity, Inc. - Common Stock","2021-04-13 19:00:00-04:00",3.53,3.53,3.53,3.53,3.53,0
"PROG","Progenity, Inc. - Common Stock","2021-04-14 07:00:00-04:00",3.52,3.52,3.52,3.52,3.52,0
"PROG","Progenity, Inc. - Common Stock","2021-04-14 09:30:00-04:00",3.549999952316284,3.7799999713897705,3.539999961853028,3.640000104904175,3.640000104904175,55825
"PROG","Progenity, Inc. - Common Stock","2021-04-14 10:30:00-04:00",3.640000104904175,3.680000066757202,3.5,3.509999990463257,3.509999990463257,67841
"PROG","Progenity, Inc. - Common Stock","2021-04-14 11:30:00-04:00",3.518699884414673,3.559999942779541,3.509999990463257,3.515000104904175,3.515000104904175,93723
"PROG","Progenity, Inc. - Common Stock","2021-04-14 12:30:00-04:00",3.509999990463257,3.5999999046325684,3.509999990463257,3.539999961853028,3.539999961853028,30355
"PROG","Progenity, Inc. - Common Stock","2021-04-14 13:30:00-04:00",3.539999961853028,3.5799999237060547,3.490000009536743,3.515000104904175,3.515000104904175,27193
"PROG","Progenity, Inc. - Common Stock","2021-04-14 14:30:00-04:00",3.509999990463257,3.589900016784668,3.4800000190734863,3.5,3.5,15341
"PROG","Progenity, Inc. - Common Stock","2021-04-14 15:30:00-04:00",3.5199999809265137,3.5288000106811523,3.450000047683716,3.5,3.5,46316
"PROG","Progenity, Inc. - Common Stock","2021-04-14 16:00:00-04:00",3.5,3.5,3.42,3.42,3.42,0
"PROG","Progenity, Inc. - Common Stock","2021-04-14 17:00:00-04:00",3.48,3.48,3.48,3.48,3.48,0
"PROG","Progenity, Inc. - Common Stock","2021-04-15 07:00:00-04:00",3.45,3.68,3.45,3.68,3.68,0
"PROG","Progenity, Inc. - Common Stock","2021-04-15 08:00:00-04:00",3.6899,3.69,3.5,3.52,3.52,0
"PROG","Progenity, Inc. - Common Stock","2021-04-15 09:30:00-04:00",3.490000009536743,3.539999961853028,3.390000104904175,3.5199999809265137,3.5199999809265137,58017
"PROG","Progenity, Inc. - Common Stock","2021-04-15 10:30:00-04:00",3.470099925994873,3.492000102996826,3.4200000762939453,3.4600000381469727,3.4600000381469727,19717
"PROG","Progenity, Inc. - Common Stock","2021-04-15 11:30:00-04:00",3.450000047683716,3.4800000190734863,3.41129994392395,3.416199922561645,3.416199922561645,20908
"PROG","Progenity, Inc. - Common Stock","2021-04-15 12:30:00-04:00",3.4100000858306885,3.424999952316284,3.3299999237060547,3.3499999046325684,3.3499999046325684,25460
"PROG","Progenity, Inc. - Common Stock","2021-04-15 13:30:00-04:00",3.3499999046325684,3.4100000858306885,3.319999933242798,3.3701000213623047,3.3701000213623047,82163
"PROG","Progenity, Inc. - Common Stock","2021-04-15 14:30:00-04:00",3.390000104904175,3.4200000762939453,3.309999942779541,3.3299999237060547,3.3299999237060547,58582
"PROG","Progenity, Inc. - Common Stock","2021-04-15 15:30:00-04:00",3.3399999141693115,3.440000057220459,3.3299999237060547,3.400000095367432,3.400000095367432,49415
"PROG","Progenity, Inc. - Common Stock","2021-04-15 16:00:00-04:00",3.41,3.41,3.41,3.41,3.41,0
"PROG","Progenity, Inc. - Common Stock","2021-04-15 17:00:00-04:00",3.41,3.41,3.41,3.41,3.41,0
"PROG","Progenity, Inc. - Common Stock","2021-04-16 08:00:00-04:00",3.41,3.45,3.41,3.45,3.45,0
"PROG","Progenity, Inc. - Common Stock","2021-04-16 09:30:00-04:00",3.450000047683716,3.5,3.319999933242798,3.4100000858306885,3.4100000858306885,49380
"PROG","Progenity, Inc. - Common Stock","2021-04-16 10:30:00-04:00",3.409899950027466,3.4200000762939453,3.289999961853028,3.3399999141693115,3.3399999141693115,39363
"PROG","Progenity, Inc. - Common Stock","2021-04-16 11:30:00-04:00",3.3499999046325684,3.359999895095825,3.25,3.289999961853028,3.289999961853028,54223
"PROG","Progenity, Inc. - Common Stock","2021-04-16 12:30:00-04:00",3.297300100326538,3.369999885559082,3.289999961853028,3.319999933242798,3.319999933242798,37482
"PROG","Progenity, Inc. - Common Stock","2021-04-16 13:30:00-04:00",3.319999933242798,3.3499999046325684,3.2699999809265137,3.285599946975708,3.285599946975708,23733
"PROG","Progenity, Inc. - Common Stock","2021-04-16 14:30:00-04:00",3.299099922180176,3.3499999046325684,3.225800037384033,3.2799999713897705,3.2799999713897705,87855
"PROG","Progenity, Inc. - Common Stock","2021-04-16 15:30:00-04:00",3.293299913406372,3.4100000858306885,3.293299913406372,3.390000104904175,3.390000104904175,55902
"PROG","Progenity, Inc. - Common Stock","2021-04-16 16:00:00-04:00",3.37,3.46,3.37,3.37,3.37,0
"PROG","Progenity, Inc. - Common Stock","2021-04-16 17:00:00-04:00",3.37,3.37,3.37,3.37,3.37,0
"PROG","Progenity, Inc. - Common Stock","2021-04-19 07:00:00-04:00",3.28,3.34,3.28,3.3,3.3,0
"PROG","Progenity, Inc. - Common Stock","2021-04-19 08:00:00-04:00",3.37,3.37,3.35,3.35,3.35,0
"PROG","Progenity, Inc. - Common Stock","2021-04-19 09:30:00-04:00",3.390000104904175,3.390000104904175,3.1910998821258545,3.249000072479248,3.249000072479248,65105
"PROG","Progenity, Inc. - Common Stock","2021-04-19 10:30:00-04:00",3.2300000190734863,3.240000009536743,3.150000095367432,3.1700000762939453,3.1700000762939453,29731
"PROG","Progenity, Inc. - Common Stock","2021-04-19 11:30:00-04:00",3.150000095367432,3.190000057220459,3.109999895095825,3.119999885559082,3.119999885559082,46338
"PROG","Progenity, Inc. - Common Stock","2021-04-19 12:30:00-04:00",3.119999885559082,3.119999885559082,3.0299999713897705,3.069999933242798,3.069999933242798,88579
"PROG","Progenity, Inc. - Common Stock","2021-04-19 13:30:00-04:00",3.050100088119507,3.199199914932251,3.050100088119507,3.1800999641418457,3.1800999641418457,32477
"PROG","Progenity, Inc. - Common Stock","2021-04-19 14:30:00-04:00",3.150000095367432,3.2100000381469727,3.130000114440918,3.2100000381469727,3.2100000381469727,28664
"PROG","Progenity, Inc. - Common Stock","2021-04-19 15:30:00-04:00",3.180000066757202,3.200000047683716,3.140000104904175,3.180000066757202,3.180000066757202,34097
"PROG","Progenity, Inc. - Common Stock","2021-04-19 16:00:00-04:00",3.18,3.26,3.18,3.26,3.26,0
"PROG","Progenity, Inc. - Common Stock","2021-04-19 17:00:00-04:00",3.18,3.18,3.18,3.18,3.18,0
"PROG","Progenity, Inc. - Common Stock","2021-04-20 07:00:00-04:00",3.18,3.3,3.18,3.3,3.3,0
"PROG","Progenity, Inc. - Common Stock","2021-04-20 08:00:00-04:00",3.18,3.18,3.18,3.18,3.18,0
"PROG","Progenity, Inc. - Common Stock","2021-04-20 09:30:00-04:00",3.119999885559082,3.259999990463257,3.0199999809265137,3.1700000762939453,3.1700000762939453,52619
"PROG","Progenity, Inc. - Common Stock","2021-04-20 10:30:00-04:00",3.164999961853028,3.1700000762939453,3.0299999713897705,3.049999952316284,3.049999952316284,46866
"PROG","Progenity, Inc. - Common Stock","2021-04-20 11:30:00-04:00",3.059999942779541,3.0801000595092773,3.049999952316284,3.059999942779541,3.059999942779541,24973
"PROG","Progenity, Inc. - Common Stock","2021-04-20 12:30:00-04:00",3.065000057220459,3.0999999046325684,3.049999952316284,3.086899995803833,3.086899995803833,33389
"PROG","Progenity, Inc. - Common Stock","2021-04-20 13:30:00-04:00",3.0641000270843506,3.0999999046325684,3.014400005340576,3.0220000743865967,3.0220000743865967,47973
"PROG","Progenity, Inc. - Common Stock","2021-04-20 14:30:00-04:00",3.0199999809265137,3.069999933242798,3.0199999809265137,3.039999961853028,3.039999961853028,21251
"PROG","Progenity, Inc. - Common Stock","2021-04-20 15:30:00-04:00",3.039999961853028,3.049999952316284,2.990000009536743,2.990000009536743,2.990000009536743,58906
"PROG","Progenity, Inc. - Common Stock","2021-04-20 16:00:00-04:00",3.01,3.01,3.01,3.01,3.01,0
"PROG","Progenity, Inc. - Common Stock","2021-04-20 17:00:00-04:00",3.01,3.09,3.01,3.09,3.09,0
"PROG","Progenity, Inc. - Common Stock","2021-04-20 19:00:00-04:00",3.01,3.01,3.01,3.01,3.01,0
"PROG","Progenity, Inc. - Common Stock","2021-04-21 06:00:00-04:00",3.2,3.2,3.01,3.01,3.01,0
"PROG","Progenity, Inc. - Common Stock","2021-04-21 08:00:00-04:00",3.01,3.01,2.97,3.0,3.0,0
"PROG","Progenity, Inc. - Common Stock","2021-04-21 09:00:00-04:00",3.01,3.01,2.99,2.99,2.99,0
"PROG","Progenity, Inc. - Common Stock","2021-04-21 09:30:00-04:00",3.009999990463257,3.0799999237060547,2.930000066757202,3.0299999713897705,3.0299999713897705,33920
"PROG","Progenity, Inc. - Common Stock","2021-04-21 10:30:00-04:00",3.055000066757202,3.0799999237060547,3.0199999809265137,3.030100107192993,3.030100107192993,38379
"PROG","Progenity, Inc. - Common Stock","2021-04-21 11:30:00-04:00",3.030100107192993,3.164999961853028,3.0299999713897705,3.0999999046325684,3.0999999046325684,86052
"PROG","Progenity, Inc. - Common Stock","2021-04-21 12:30:00-04:00",3.0999999046325684,3.134999990463257,3.0299999713897705,3.075000047683716,3.075000047683716,18788
"PROG","Progenity, Inc. - Common Stock","2021-04-21 13:30:00-04:00",3.0799999237060547,3.109999895095825,3.039999961853028,3.049999952316284,3.049999952316284,49229
"PROG","Progenity, Inc. - Common Stock","2021-04-21 14:30:00-04:00",3.0899999141693115,3.0999999046325684,3.0199999809265137,3.0299999713897705,3.0299999713897705,70432
"PROG","Progenity, Inc. - Common Stock","2021-04-21 15:30:00-04:00",3.049999952316284,3.059999942779541,2.9800000190734863,3.0,3.0,51034
"PROG","Progenity, Inc. - Common Stock","2021-04-21 16:00:00-04:00",2.99,3.02,2.99,3.02,3.02,0
"PROG","Progenity, Inc. - Common Stock","2021-04-21 17:00:00-04:00",3.02,3.02,3.01,3.02,3.02,0
"PROG","Progenity, Inc. - Common Stock","2021-04-21 18:00:00-04:00",3.02,3.02,3.02,3.02,3.02,0
"PROG","Progenity, Inc. - Common Stock","2021-04-21 19:00:00-04:00",3.03,3.1799,3.02,3.1799,3.1799,0
"PROG","Progenity, Inc. - Common Stock","2021-04-22 07:00:00-04:00",3.17,3.18,3.17,3.18,3.18,0
"PROG","Progenity, Inc. - Common Stock","2021-04-22 08:00:00-04:00",3.178,3.18,3.17,3.18,3.18,0
"PROG","Progenity, Inc. - Common Stock","2021-04-22 09:00:00-04:00",3.05,3.06,3.04,3.06,3.06,0
"PROG","Progenity, Inc. - Common Stock","2021-04-22 09:30:00-04:00",3.0999999046325684,3.180000066757202,2.9800000190734863,3.0799999237060547,3.0799999237060547,135717
"PROG","Progenity, Inc. - Common Stock","2021-04-22 10:30:00-04:00",3.0799999237060547,3.1512999534606934,3.039999961853028,3.049999952316284,3.049999952316284,65001
"PROG","Progenity, Inc. - Common Stock","2021-04-22 11:30:00-04:00",3.049999952316284,3.119999885559082,3.0299999713897705,3.069999933242798,3.069999933242798,60179
"PROG","Progenity, Inc. - Common Stock","2021-04-22 12:30:00-04:00",3.069999933242798,3.109999895095825,3.0299999713897705,3.0450000762939453,3.0450000762939453,37874
"PROG","Progenity, Inc. - Common Stock","2021-04-22 13:30:00-04:00",3.0299999713897705,3.069999933242798,3.0,3.0299999713897705,3.0299999713897705,30831
"PROG","Progenity, Inc. - Common Stock","2021-04-22 14:30:00-04:00",3.0199999809265137,3.069999933242798,3.0,3.0,3.0,12283
"PROG","Progenity, Inc. - Common Stock","2021-04-22 15:30:00-04:00",3.0199999809265137,3.0299999713897705,2.990000009536743,3.009999990463257,3.009999990463257,37323
"PROG","Progenity, Inc. - Common Stock","2021-04-22 16:00:00-04:00",3.02,3.04,3.0,3.02,3.02,0
"PROG","Progenity, Inc. - Common Stock","2021-04-22 17:00:00-04:00",3.0,3.04,3.0,3.04,3.04,0
"PROG","Progenity, Inc. - Common Stock","2021-04-22 18:00:00-04:00",3.02,4.93,2.99,2.99,2.99,0
"PROG","Progenity, Inc. - Common Stock","2021-04-22 19:00:00-04:00",3.0,3.0,3.0,3.0,3.0,0
"PROG","Progenity, Inc. - Common Stock","2021-04-23 08:00:00-04:00",3.02,3.02,3.02,3.02,3.02,0
"PROG","Progenity, Inc. - Common Stock","2021-04-23 09:00:00-04:00",3.01,3.0685,3.01,3.0685,3.0685,0
"PROG","Progenity, Inc. - Common Stock","2021-04-23 09:30:00-04:00",3.0299999713897705,3.0899999141693115,3.0,3.009999990463257,3.009999990463257,76353
"PROG","Progenity, Inc. - Common Stock","2021-04-23 10:30:00-04:00",3.049000024795532,3.059999942779541,2.9800000190734863,3.0199999809265137,3.0199999809265137,58675
"PROG","Progenity, Inc. - Common Stock","2021-04-23 11:30:00-04:00",3.0199999809265137,3.069999933242798,3.009999990463257,3.069999933242798,3.069999933242798,16967
"PROG","Progenity, Inc. - Common Stock","2021-04-23 12:30:00-04:00",3.039999961853028,3.0899999141693115,3.0,3.009999990463257,3.009999990463257,46510
"PROG","Progenity, Inc. - Common Stock","2021-04-23 13:30:00-04:00",3.015000104904175,3.059999942779541,2.990000009536743,3.0,3.0,61086
"PROG","Progenity, Inc. - Common Stock","2021-04-23 14:30:00-04:00",3.0,3.039999961853028,2.990000009536743,3.039999961853028,3.039999961853028,42279
"PROG","Progenity, Inc. - Common Stock","2021-04-23 15:30:00-04:00",3.039999961853028,3.0450000762939453,3.009999990463257,3.0199999809265137,3.0199999809265137,55949
"PROG","Progenity, Inc. - Common Stock","2021-04-23 16:00:00-04:00",3.04,3.07,3.04,3.07,3.07,0
"PROG","Progenity, Inc. - Common Stock","2021-04-23 17:00:00-04:00",3.07,3.07,3.0699,3.07,3.07,0
"PROG","Progenity, Inc. - Common Stock","2021-04-23 18:00:00-04:00",3.06,3.06,3.06,3.06,3.06,0
"PROG","Progenity, Inc. - Common Stock","2021-04-26 07:00:00-04:00",3.1,3.15,3.1,3.15,3.15,0
"PROG","Progenity, Inc. - Common Stock","2021-04-26 08:00:00-04:00",3.0135,3.0135,3.0135,3.0135,3.0135,0
"PROG","Progenity, Inc. - Common Stock","2021-04-26 09:00:00-04:00",3.04,3.06,3.04,3.06,3.06,0
"PROG","Progenity, Inc. - Common Stock","2021-04-26 09:30:00-04:00",3.059999942779541,3.119999885559082,2.990000009536743,2.990000009536743,2.990000009536743,99405
"PROG","Progenity, Inc. - Common Stock","2021-04-26 10:30:00-04:00",3.012500047683716,3.059999942779541,2.940000057220459,2.990000009536743,2.990000009536743,74691
"PROG","Progenity, Inc. - Common Stock","2021-04-26 11:30:00-04:00",2.994999885559082,3.069999933242798,2.990000009536743,3.0199999809265137,3.0199999809265137,83097
"PROG","Progenity, Inc. - Common Stock","2021-04-26 12:30:00-04:00",3.0199999809265137,3.150000095367432,3.0199999809265137,3.134999990463257,3.134999990463257,83956
"PROG","Progenity, Inc. - Common Stock","2021-04-26 13:30:00-04:00",3.1201000213623047,3.134999990463257,3.049999952316284,3.049999952316284,3.049999952316284,22025
"PROG","Progenity, Inc. - Common Stock","2021-04-26 14:30:00-04:00",3.0899999141693115,3.109999895095825,3.049999952316284,3.049999952316284,3.049999952316284,32875
"PROG","Progenity, Inc. - Common Stock","2021-04-26 15:30:00-04:00",3.049999952316284,3.1600000858306885,3.039999961853028,3.109999895095825,3.109999895095825,86991
"PROG","Progenity, Inc. - Common Stock","2021-04-26 16:00:00-04:00",3.14,3.14,3.09,3.09,3.09,0
"PROG","Progenity, Inc. - Common Stock","2021-04-26 17:00:00-04:00",3.14,3.14,3.14,3.14,3.14,0
"PROG","Progenity, Inc. - Common Stock","2021-04-26 18:00:00-04:00",3.14,3.14,3.14,3.14,3.14,0
"PROG","Progenity, Inc. - Common Stock","2021-04-26 19:00:00-04:00",3.09,3.09,3.09,3.09,3.09,0
"PROG","Progenity, Inc. - Common Stock","2021-04-27 07:00:00-04:00",3.14,3.14,3.14,3.14,3.14,0
"PROG","Progenity, Inc. - Common Stock","2021-04-27 08:00:00-04:00",3.14,3.14,3.1399,3.14,3.14,0
"PROG","Progenity, Inc. - Common Stock","2021-04-27 09:00:00-04:00",3.14,3.14,3.1,3.1,3.1,0
"PROG","Progenity, Inc. - Common Stock","2021-04-27 09:30:00-04:00",3.140000104904175,3.25,3.0999999046325684,3.1700000762939453,3.1700000762939453,129743
"PROG","Progenity, Inc. - Common Stock","2021-04-27 10:30:00-04:00",3.184999942779541,3.200000047683716,3.0999999046325684,3.130000114440918,3.130000114440918,21230
"PROG","Progenity, Inc. - Common Stock","2021-04-27 11:30:00-04:00",3.150000095367432,3.150000095367432,3.0799999237060547,3.0999999046325684,3.0999999046325684,27378
"PROG","Progenity, Inc. - Common Stock","2021-04-27 12:30:00-04:00",3.115000009536743,3.150000095367432,3.0899999141693115,3.115000009536743,3.115000009536743,22324
"PROG","Progenity, Inc. - Common Stock","2021-04-27 13:30:00-04:00",3.115000009536743,3.150000095367432,3.0899999141693115,3.130000114440918,3.130000114440918,32966
"PROG","Progenity, Inc. - Common Stock","2021-04-27 14:30:00-04:00",3.130000114440918,3.130000114440918,3.0199999809265137,3.049999952316284,3.049999952316284,52904
"PROG","Progenity, Inc. - Common Stock","2021-04-27 15:30:00-04:00",3.055000066757202,3.180000066757202,3.049999952316284,3.150000095367432,3.150000095367432,67222
"PROG","Progenity, Inc. - Common Stock","2021-04-27 16:00:00-04:00",3.15,3.2,3.15,3.2,3.2,0
"PROG","Progenity, Inc. - Common Stock","2021-04-27 17:00:00-04:00",3.188,3.188,3.188,3.188,3.188,0
"PROG","Progenity, Inc. - Common Stock","2021-04-27 19:00:00-04:00",3.15,3.15,3.15,3.15,3.15,0
"PROG","Progenity, Inc. - Common Stock","2021-04-28 09:30:00-04:00",3.1600000858306885,3.190000057220459,3.059999942779541,3.119999885559082,3.119999885559082,18110
"PROG","Progenity, Inc. - Common Stock","2021-04-28 10:30:00-04:00",3.125,3.125,3.059999942779541,3.08870005607605,3.08870005607605,15466
"PROG","Progenity, Inc. - Common Stock","2021-04-28 11:30:00-04:00",3.0799999237060547,3.119999885559082,3.059999942779541,3.059999942779541,3.059999942779541,17978
"PROG","Progenity, Inc. - Common Stock","2021-04-28 12:30:00-04:00",3.065000057220459,3.0799999237060547,3.0299999713897705,3.0773000717163086,3.0773000717163086,66413
"PROG","Progenity, Inc. - Common Stock","2021-04-28 13:30:00-04:00",3.0655999183654785,3.08899998664856,3.0,3.039999961853028,3.039999961853028,72975
"PROG","Progenity, Inc. - Common Stock","2021-04-28 14:30:00-04:00",3.049999952316284,3.0899999141693115,3.0199999809265137,3.069999933242798,3.069999933242798,45520
"PROG","Progenity, Inc. - Common Stock","2021-04-28 15:30:00-04:00",3.065000057220459,3.0799999237060547,3.009999990463257,3.0299999713897705,3.0299999713897705,34409
"PROG","Progenity, Inc. - Common Stock","2021-04-28 16:00:00-04:00",3.02,3.02,3.02,3.02,3.02,0
"PROG","Progenity, Inc. - Common Stock","2021-04-28 17:00:00-04:00",3.02,3.02,3.02,3.02,3.02,0
"PROG","Progenity, Inc. - Common Stock","2021-04-28 18:00:00-04:00",3.03,3.07,3.03,3.07,3.07,0
"PROG","Progenity, Inc. - Common Stock","2021-04-28 19:00:00-04:00",3.06,3.06,3.04,3.06,3.06,0
"PROG","Progenity, Inc. - Common Stock","2021-04-29 08:00:00-04:00",3.06,3.13,3.06,3.12,3.12,0
"PROG","Progenity, Inc. - Common Stock","2021-04-29 09:00:00-04:00",3.11,3.11,3.11,3.11,3.11,0
"PROG","Progenity, Inc. - Common Stock","2021-04-29 09:30:00-04:00",3.059999942779541,3.0999999046325684,3.0,3.0445001125335693,3.0445001125335693,66830
"PROG","Progenity, Inc. - Common Stock","2021-04-29 10:30:00-04:00",3.0199999809265137,3.069999933242798,3.009999990463257,3.058799982070923,3.058799982070923,55518
"PROG","Progenity, Inc. - Common Stock","2021-04-29 11:30:00-04:00",3.069999933242798,3.0799999237060547,3.0199999809265137,3.059999942779541,3.059999942779541,65202
"PROG","Progenity, Inc. - Common Stock","2021-04-29 12:30:00-04:00",3.0450000762939453,3.0799999237060547,3.0,3.009999990463257,3.009999990463257,99182
"PROG","Progenity, Inc. - Common Stock","2021-04-29 13:30:00-04:00",3.0299999713897705,3.059999942779541,3.0,3.0304999351501465,3.0304999351501465,47017
"PROG","Progenity, Inc. - Common Stock","2021-04-29 14:30:00-04:00",3.049999952316284,3.0699000358581543,3.0,3.0299999713897705,3.0299999713897705,33093
"PROG","Progenity, Inc. - Common Stock","2021-04-29 15:30:00-04:00",3.0,3.049999952316284,3.0,3.0199999809265137,3.0199999809265137,29622
"PROG","Progenity, Inc. - Common Stock","2021-04-29 16:00:00-04:00",3.05,3.05,3.0,3.05,3.05,0
"PROG","Progenity, Inc. - Common Stock","2021-04-29 17:00:00-04:00",3.042,3.05,3.042,3.05,3.05,0
"PROG","Progenity, Inc. - Common Stock","2021-04-30 18:00:00-04:00",3.2,3.2,3.2,3.2,3.2,0
"PROG","Progenity, Inc. - Common Stock","2021-04-30 19:00:00-04:00",3.2,3.2,3.15,3.15,3.15,0
"PROG","Progenity, Inc. - Common Stock","2021-05-03 04:00:00-04:00",3.21,3.21,3.2,3.21,3.21,0
"PROG","Progenity, Inc. - Common Stock","2021-05-03 07:00:00-04:00",3.39,3.39,3.23,3.28,3.28,0
"PROG","Progenity, Inc. - Common Stock","2021-05-03 08:00:00-04:00",3.21,3.26,3.2,3.2,3.2,0
"PROG","Progenity, Inc. - Common Stock","2021-05-03 09:00:00-04:00",3.2,3.26,3.2,3.24,3.24,0
"PROG","Progenity, Inc. - Common Stock","2021-05-03 09:30:00-04:00",3.190000057220459,3.549999952316284,3.190000057220459,3.380000114440918,3.380000114440918,375520
"PROG","Progenity, Inc. - Common Stock","2021-05-03 10:30:00-04:00",3.430000066757202,3.4800000190734863,3.3499999046325684,3.369999885559082,3.369999885559082,73667
"PROG","Progenity, Inc. - Common Stock","2021-05-03 11:30:00-04:00",3.3399999141693115,3.400000095367432,3.299999952316284,3.3499999046325684,3.3499999046325684,50109
"PROG","Progenity, Inc. - Common Stock","2021-05-03 12:30:00-04:00",3.3499999046325684,3.440000057220459,3.319999933242798,3.3763999938964844,3.3763999938964844,31935
"PROG","Progenity, Inc. - Common Stock","2021-05-03 13:30:00-04:00",3.3833999633789062,3.41729998588562,3.3499999046325684,3.380000114440918,3.380000114440918,17591
"PROG","Progenity, Inc. - Common Stock","2021-05-03 14:30:00-04:00",3.400000095367432,3.400000095367432,3.359999895095825,3.369999885559082,3.369999885559082,12121
"PROG","Progenity, Inc. - Common Stock","2021-05-03 15:30:00-04:00",3.380000114440918,3.4200000762939453,3.369999885559082,3.380000114440918,3.380000114440918,52778
"PROG","Progenity, Inc. - Common Stock","2021-05-03 16:00:00-04:00",3.38,3.38,3.38,3.38,3.38,0
"PROG","Progenity, Inc. - Common Stock","2021-05-03 17:00:00-04:00",3.38,3.38,3.36,3.36,3.36,0
"PROG","Progenity, Inc. - Common Stock","2021-05-03 19:00:00-04:00",3.36,3.36,3.35,3.35,3.35,0
"PROG","Progenity, Inc. - Common Stock","2021-05-04 05:00:00-04:00",3.38,3.38,3.38,3.38,3.38,0
"PROG","Progenity, Inc. - Common Stock","2021-05-04 08:00:00-04:00",3.3799,3.38,3.35,3.35,3.35,0
"PROG","Progenity, Inc. - Common Stock","2021-05-04 09:30:00-04:00",3.3299999237060547,3.3499999046325684,3.0281999111175537,3.119999885559082,3.119999885559082,159392
"PROG","Progenity, Inc. - Common Stock","2021-05-04 10:30:00-04:00",3.109999895095825,3.172800064086914,3.0799999237060547,3.080199956893921,3.080199956893921,38921
"PROG","Progenity, Inc. - Common Stock","2021-05-04 11:30:00-04:00",3.089900016784668,3.150000095367432,3.069999933242798,3.1398000717163086,3.1398000717163086,68828
"PROG","Progenity, Inc. - Common Stock","2021-05-04 12:30:00-04:00",3.0799999237060547,3.1098999977111816,3.069999933242798,3.079699993133545,3.079699993133545,15166
"PROG","Progenity, Inc. - Common Stock","2021-05-04 13:30:00-04:00",3.0899999141693115,3.130000114440918,3.0564000606536865,3.096299886703491,3.096299886703491,70986
"PROG","Progenity, Inc. - Common Stock","2021-05-04 14:30:00-04:00",3.0999999046325684,3.150000095367432,3.0982000827789307,3.119999885559082,3.119999885559082,14072
"PROG","Progenity, Inc. - Common Stock","2021-05-04 15:30:00-04:00",3.115000009536743,3.200000047683716,3.109999895095825,3.1338999271392822,3.1338999271392822,36830
"PROG","Progenity, Inc. - Common Stock","2021-05-04 16:00:00-04:00",3.13,3.2,3.13,3.13,3.13,0
"PROG","Progenity, Inc. - Common Stock","2021-05-04 18:00:00-04:00",3.13,3.13,3.13,3.13,3.13,0
"PROG","Progenity, Inc. - Common Stock","2021-05-05 08:00:00-04:00",3.13,3.13,3.13,3.13,3.13,0
"PROG","Progenity, Inc. - Common Stock","2021-05-05 09:30:00-04:00",3.130100011825561,3.204200029373169,3.059999942779541,3.069999933242798,3.069999933242798,87898
"PROG","Progenity, Inc. - Common Stock","2021-05-05 10:30:00-04:00",3.064199924468994,3.200000047683716,3.049999952316284,3.180000066757202,3.180000066757202,41420
"PROG","Progenity, Inc. - Common Stock","2021-05-05 11:30:00-04:00",3.1700000762939453,3.1700000762939453,3.0899999141693115,3.115000009536743,3.115000009536743,21935
"PROG","Progenity, Inc. - Common Stock","2021-05-05 12:30:00-04:00",3.115000009536743,3.130000114440918,3.069999933242798,3.130000114440918,3.130000114440918,6210
"PROG","Progenity, Inc. - Common Stock","2021-05-05 13:30:00-04:00",3.0999999046325684,3.1700000762939453,3.069999933242798,3.0999999046325684,3.0999999046325684,42896
"PROG","Progenity, Inc. - Common Stock","2021-05-05 14:30:00-04:00",3.092400074005127,3.119999885559082,3.050100088119507,3.0703999996185303,3.0703999996185303,23023
"PROG","Progenity, Inc. - Common Stock","2021-05-05 15:30:00-04:00",3.0699000358581543,3.109999895095825,3.049999952316284,3.0701000690460205,3.0701000690460205,53982
"PROG","Progenity, Inc. - Common Stock","2021-05-05 16:00:00-04:00",3.09,3.09,3.04,3.04,3.04,0
"PROG","Progenity, Inc. - Common Stock","2021-05-05 17:00:00-04:00",3.05,3.2,3.03,3.2,3.2,0
"PROG","Progenity, Inc. - Common Stock","2021-05-05 18:00:00-04:00",3.03,3.03,3.03,3.03,3.03,0
"PROG","Progenity, Inc. - Common Stock","2021-05-06 07:00:00-04:00",3.13,3.13,3.13,3.13,3.13,0
"PROG","Progenity, Inc. - Common Stock","2021-05-06 08:00:00-04:00",3.0355,3.13,3.03,3.03,3.03,0
"PROG","Progenity, Inc. - Common Stock","2021-05-06 09:30:00-04:00",3.049999952316284,3.049999952316284,2.8299999237060547,2.900000095367432,2.900000095367432,252556
"PROG","Progenity, Inc. - Common Stock","2021-05-06 10:30:00-04:00",2.884999990463257,2.899899959564209,2.759999990463257,2.880000114440918,2.880000114440918,111166
"PROG","Progenity, Inc. - Common Stock","2021-05-06 11:30:00-04:00",2.880000114440918,2.900000095367432,2.8399999141693115,2.859999895095825,2.859999895095825,30575
"PROG","Progenity, Inc. - Common Stock","2021-05-06 12:30:00-04:00",2.8499999046325684,2.890000104904175,2.75,2.796799898147583,2.796799898147583,122013
"PROG","Progenity, Inc. - Common Stock","2021-05-06 13:30:00-04:00",2.810100078582764,2.9600000381469727,2.7799999713897705,2.808000087738037,2.808000087738037,89091
"PROG","Progenity, Inc. - Common Stock","2021-05-06 14:30:00-04:00",2.799999952316284,2.8076000213623047,2.75,2.7701001167297363,2.7701001167297363,58811
"PROG","Progenity, Inc. - Common Stock","2021-05-06 15:30:00-04:00",2.789999961853028,2.8499999046325684,2.75,2.8299999237060547,2.8299999237060547,54734
"PROG","Progenity, Inc. - Common Stock","2021-05-06 16:00:00-04:00",2.86,2.86,2.85,2.86,2.86,0
"PROG","Progenity, Inc. - Common Stock","2021-05-06 17:00:00-04:00",2.75,2.86,2.75,2.86,2.86,0
"PROG","Progenity, Inc. - Common Stock","2021-05-06 18:00:00-04:00",2.86,2.86,2.8,2.86,2.86,0
"PROG","Progenity, Inc. - Common Stock","2021-05-06 19:00:00-04:00",2.86,2.86,2.86,2.86,2.86,0
"PROG","Progenity, Inc. - Common Stock","2021-05-07 08:00:00-04:00",2.85,2.9,2.85,2.9,2.9,0
"PROG","Progenity, Inc. - Common Stock","2021-05-07 09:00:00-04:00",2.9,2.9,2.86,2.86,2.86,0
"PROG","Progenity, Inc. - Common Stock","2021-05-07 09:30:00-04:00",2.869999885559082,2.930000066757202,2.809999942779541,2.880000114440918,2.880000114440918,66599
"PROG","Progenity, Inc. - Common Stock","2021-05-07 10:30:00-04:00",2.884999990463257,2.970000028610229,2.859999895095825,2.865000009536743,2.865000009536743,53636
"PROG","Progenity, Inc. - Common Stock","2021-05-07 11:30:00-04:00",2.865000009536743,2.880000114440918,2.859999895095825,2.859999895095825,2.859999895095825,16261
"PROG","Progenity, Inc. - Common Stock","2021-05-07 12:30:00-04:00",2.865000009536743,2.869999885559082,2.8299999237060547,2.8299999237060547,2.8299999237060547,16024
"PROG","Progenity, Inc. - Common Stock","2021-05-07 13:30:00-04:00",2.819999933242798,2.8499999046325684,2.759999990463257,2.799999952316284,2.799999952316284,60239
"PROG","Progenity, Inc. - Common Stock","2021-05-07 14:30:00-04:00",2.809900045394897,2.810100078582764,2.7699999809265137,2.7699999809265137,2.7699999809265137,29731
"PROG","Progenity, Inc. - Common Stock","2021-05-07 15:30:00-04:00",2.7701001167297363,2.775000095367432,2.690000057220459,2.720000028610229,2.720000028610229,136846
"PROG","Progenity, Inc. - Common Stock","2021-05-07 16:00:00-04:00",2.72,2.73,2.72,2.73,2.73,0
"PROG","Progenity, Inc. - Common Stock","2021-05-07 18:00:00-04:00",2.72,2.72,2.72,2.72,2.72,0
"PROG","Progenity, Inc. - Common Stock","2021-05-07 19:00:00-04:00",2.73,2.73,2.73,2.73,2.73,0
"PROG","Progenity, Inc. - Common Stock","2021-05-10 04:00:00-04:00",2.73,2.73,2.73,2.73,2.73,0
"PROG","Progenity, Inc. - Common Stock","2021-05-10 08:00:00-04:00",2.72,2.72,2.72,2.72,2.72,0
"PROG","Progenity, Inc. - Common Stock","2021-05-10 09:30:00-04:00",2.75,2.7699999809265137,2.4800000190734863,2.517199993133545,2.517199993133545,203746
"PROG","Progenity, Inc. - Common Stock","2021-05-10 10:30:00-04:00",2.516700029373169,2.536799907684326,2.430000066757202,2.5199999809265137,2.5199999809265137,140566
"PROG","Progenity, Inc. - Common Stock","2021-05-10 11:30:00-04:00",2.5216000080108643,2.559999942779541,2.4600000381469727,2.4800000190734863,2.4800000190734863,190008
"PROG","Progenity, Inc. - Common Stock","2021-05-10 12:30:00-04:00",2.4899001121521,2.4899001121521,2.4296998977661133,2.4549999237060547,2.4549999237060547,193294
"PROG","Progenity, Inc. - Common Stock","2021-05-10 13:30:00-04:00",2.450000047683716,2.539999961853028,2.3399999141693115,2.362499952316284,2.362499952316284,173135
"PROG","Progenity, Inc. - Common Stock","2021-05-10 14:30:00-04:00",2.3652000427246094,2.470000028610229,2.3399999141693115,2.385200023651123,2.385200023651123,122343
"PROG","Progenity, Inc. - Common Stock","2021-05-10 15:30:00-04:00",2.3864998817443848,2.390000104904175,2.3499999046325684,2.3592000007629395,2.3592000007629395,61118
"PROG","Progenity, Inc. - Common Stock","2021-05-10 16:00:00-04:00",2.35,2.4,2.35,2.4,2.4,0
"PROG","Progenity, Inc. - Common Stock","2021-05-10 17:00:00-04:00",2.4,2.4,2.35,2.4,2.4,0
"PROG","Progenity, Inc. - Common Stock","2021-05-10 18:00:00-04:00",2.4,2.4,2.35,2.35,2.35,0
"PROG","Progenity, Inc. - Common Stock","2021-05-10 19:00:00-04:00",2.35,2.35,2.35,2.35,2.35,0
"PROG","Progenity, Inc. - Common Stock","2021-05-11 07:00:00-04:00",2.35,2.35,2.35,2.35,2.35,0
"PROG","Progenity, Inc. - Common Stock","2021-05-11 08:00:00-04:00",2.35,2.53,2.2,2.29,2.29,0
"PROG","Progenity, Inc. - Common Stock","2021-05-11 09:00:00-04:00",2.23,2.35,2.2,2.26,2.26,0
"PROG","Progenity, Inc. - Common Stock","2021-05-11 09:30:00-04:00",2.3299999237060547,2.5999999046325684,2.200000047683716,2.4886999130249023,2.4886999130249023,192464
"PROG","Progenity, Inc. - Common Stock","2021-05-11 10:30:00-04:00",2.460099935531616,2.569999933242798,2.440000057220459,2.450000047683716,2.450000047683716,87616
"PROG","Progenity, Inc. - Common Stock","2021-05-11 11:30:00-04:00",2.460099935531616,2.509999990463257,2.400000095367432,2.400000095367432,2.400000095367432,48760
"PROG","Progenity, Inc. - Common Stock","2021-05-11 12:30:00-04:00",2.428800106048584,2.470000028610229,2.4100000858306885,2.4549999237060547,2.4549999237060547,35769
"PROG","Progenity, Inc. - Common Stock","2021-05-11 13:30:00-04:00",2.4549999237060547,2.490000009536743,2.450000047683716,2.4800000190734863,2.4800000190734863,14908
"PROG","Progenity, Inc. - Common Stock","2021-05-11 14:30:00-04:00",2.4800000190734863,2.539999961853028,2.4600000381469727,2.484999895095825,2.484999895095825,86902
"PROG","Progenity, Inc. - Common Stock","2021-05-11 15:30:00-04:00",2.4800000190734863,2.539999961853028,2.4549999237060547,2.509999990463257,2.509999990463257,102781
"PROG","Progenity, Inc. - Common Stock","2021-05-11 16:00:00-04:00",2.5,2.5,2.5,2.5,2.5,0
"PROG","Progenity, Inc. - Common Stock","2021-05-11 17:00:00-04:00",2.5,2.5,2.5,2.5,2.5,0
"PROG","Progenity, Inc. - Common Stock","2021-05-11 19:00:00-04:00",2.58,2.58,2.58,2.58,2.58,0
"PROG","Progenity, Inc. - Common Stock","2021-05-12 08:00:00-04:00",2.5,2.5,2.5,2.5,2.5,0
"PROG","Progenity, Inc. - Common Stock","2021-05-12 09:00:00-04:00",2.51,2.51,2.51,2.51,2.51,0
"PROG","Progenity, Inc. - Common Stock","2021-05-12 09:30:00-04:00",2.4800000190734863,2.640000104904175,2.450000047683716,2.5999999046325684,2.5999999046325684,67528
"PROG","Progenity, Inc. - Common Stock","2021-05-12 10:30:00-04:00",2.625,2.6700000762939453,2.549999952316284,2.559999942779541,2.559999942779541,131562
"PROG","Progenity, Inc. - Common Stock","2021-05-12 11:30:00-04:00",2.539999961853028,2.559999942779541,2.5299999713897705,2.559999942779541,2.559999942779541,16055
"PROG","Progenity, Inc. - Common Stock","2021-05-12 12:30:00-04:00",2.569999933242798,2.615400075912476,2.549999952316284,2.576299905776977,2.576299905776977,25499
"PROG","Progenity, Inc. - Common Stock","2021-05-12 13:30:00-04:00",2.5799999237060547,2.5999999046325684,2.5,2.569499969482422,2.569499969482422,47079
"PROG","Progenity, Inc. - Common Stock","2021-05-12 14:30:00-04:00",2.539999961853028,2.630000114440918,2.450000047683716,2.45169997215271,2.45169997215271,92954
"PROG","Progenity, Inc. - Common Stock","2021-05-12 15:30:00-04:00",2.450000047683716,2.4600000381469727,2.380000114440918,2.400000095367432,2.400000095367432,35972
"PROG","Progenity, Inc. - Common Stock","2021-05-12 16:00:00-04:00",2.39,2.39,2.39,2.39,2.39,9958
"PROG","Progenity, Inc. - Common Stock","2021-05-12 17:00:00-04:00",2.43,2.43,2.43,2.43,2.43,0
"PROG","Progenity, Inc. - Common Stock","2021-05-12 18:00:00-04:00",2.39,2.43,2.15,2.15,2.15,0
"PROG","Progenity, Inc. - Common Stock","2021-05-12 19:00:00-04:00",2.37,2.43,2.37,2.43,2.43,0
"PROG","Progenity, Inc. - Common Stock","2021-05-13 08:00:00-04:00",2.39,2.39,2.39,2.39,2.39,0
"PROG","Progenity, Inc. - Common Stock","2021-05-13 09:30:00-04:00",2.440000057220459,2.440000057220459,2.319999933242798,2.380000114440918,2.380000114440918,54922
"PROG","Progenity, Inc. - Common Stock","2021-05-13 10:30:00-04:00",2.369999885559082,2.4100000858306885,2.299999952316284,2.309999942779541,2.309999942779541,37381
"PROG","Progenity, Inc. - Common Stock","2021-05-13 11:30:00-04:00",2.299999952316284,2.3499999046325684,2.2699999809265137,2.3499999046325684,2.3499999046325684,40298
"PROG","Progenity, Inc. - Common Stock","2021-05-13 12:30:00-04:00",2.3499999046325684,2.388999938964844,2.3464999198913574,2.359999895095825,2.359999895095825,95500
"PROG","Progenity, Inc. - Common Stock","2021-05-13 13:30:00-04:00",2.360100030899048,2.369999885559082,2.299999952316284,2.309999942779541,2.309999942779541,43654
"PROG","Progenity, Inc. - Common Stock","2021-05-13 14:30:00-04:00",2.319999933242798,2.430000066757202,2.299999952316284,2.380000114440918,2.380000114440918,78893
"PROG","Progenity, Inc. - Common Stock","2021-05-13 15:30:00-04:00",2.384999990463257,2.384999990463257,2.289999961853028,2.309999942779541,2.309999942779541,107546
"PROG","Progenity, Inc. - Common Stock","2021-05-13 16:00:00-04:00",2.35,2.6,2.26,2.39,2.39,0
"PROG","Progenity, Inc. - Common Stock","2021-05-13 17:00:00-04:00",2.48,2.48,2.33,2.33,2.33,0
"PROG","Progenity, Inc. - Common Stock","2021-05-13 18:00:00-04:00",2.33,2.33,2.33,2.33,2.33,0
"PROG","Progenity, Inc. - Common Stock","2021-05-14 08:00:00-04:00",2.3501,2.6,2.3501,2.36,2.36,0
"PROG","Progenity, Inc. - Common Stock","2021-05-14 09:00:00-04:00",2.4,2.5899,2.4,2.49,2.49,0
"PROG","Progenity, Inc. - Common Stock","2021-05-14 09:30:00-04:00",2.450000047683716,2.559999942779541,2.3299999237060547,2.440000057220459,2.440000057220459,161665
"PROG","Progenity, Inc. - Common Stock","2021-05-14 10:30:00-04:00",2.380000114440918,2.5,2.380000114440918,2.4100000858306885,2.4100000858306885,37149
"PROG","Progenity, Inc. - Common Stock","2021-05-14 11:30:00-04:00",2.4049999713897705,2.4899001121521,2.380000114440918,2.4649999141693115,2.4649999141693115,39759
"PROG","Progenity, Inc. - Common Stock","2021-05-14 12:30:00-04:00",2.450000047683716,2.470000028610229,2.390000104904175,2.400000095367432,2.400000095367432,80261
"PROG","Progenity, Inc. - Common Stock","2021-05-14 13:30:00-04:00",2.430000066757202,2.430000066757202,2.3499999046325684,2.384999990463257,2.384999990463257,89449
"PROG","Progenity, Inc. - Common Stock","2021-05-14 14:30:00-04:00",2.369999885559082,2.4100000858306885,2.2799999713897705,2.2799999713897705,2.2799999713897705,144666
"PROG","Progenity, Inc. - Common Stock","2021-05-14 15:30:00-04:00",2.2799999713897705,2.369999885559082,2.2799999713897705,2.3399999141693115,2.3399999141693115,62210
"PROG","Progenity, Inc. - Common Stock","2021-05-14 16:00:00-04:00",2.36,2.37,2.36,2.3699,2.3699,0
"PROG","Progenity, Inc. - Common Stock","2021-05-14 17:00:00-04:00",2.37,2.37,2.37,2.37,2.37,0
"PROG","Progenity, Inc. - Common Stock","2021-05-17 08:00:00-04:00",2.5,2.5,2.5,2.5,2.5,0
"PROG","Progenity, Inc. - Common Stock","2021-05-17 09:30:00-04:00",2.369999885559082,2.4200000762939453,2.200000047683716,2.2699999809265137,2.2699999809265137,164584
"PROG","Progenity, Inc. - Common Stock","2021-05-17 10:30:00-04:00",2.289999961853028,2.3299999237060547,2.2174999713897705,2.3299999237060547,2.3299999237060547,74142
"PROG","Progenity, Inc. - Common Stock","2021-05-17 11:30:00-04:00",2.319999933242798,2.369999885559082,2.259999990463257,2.289999961853028,2.289999961853028,94940
"PROG","Progenity, Inc. - Common Stock","2021-05-17 12:30:00-04:00",2.2799999713897705,2.2799999713897705,2.2300000190734863,2.259999990463257,2.259999990463257,20687
"PROG","Progenity, Inc. - Common Stock","2021-05-17 13:30:00-04:00",2.25,2.2799999713897705,2.2100000381469727,2.240000009536743,2.240000009536743,85519
"PROG","Progenity, Inc. - Common Stock","2021-05-17 14:30:00-04:00",2.25,2.2799999713897705,2.200000047683716,2.2300000190734863,2.2300000190734863,36578
"PROG","Progenity, Inc. - Common Stock","2021-05-17 15:30:00-04:00",2.220000028610229,2.259999990463257,2.2100000381469727,2.259999990463257,2.259999990463257,34558
"PROG","Progenity, Inc. - Common Stock","2021-05-17 16:00:00-04:00",2.26,2.26,2.26,2.26,2.26,0
"PROG","Progenity, Inc. - Common Stock","2021-05-17 17:00:00-04:00",2.26,2.27,2.26,2.27,2.27,0
"PROG","Progenity, Inc. - Common Stock","2021-05-18 07:00:00-04:00",2.26,2.26,2.26,2.26,2.26,0
"PROG","Progenity, Inc. - Common Stock","2021-05-18 08:00:00-04:00",2.26,2.26,2.26,2.26,2.26,0
"PROG","Progenity, Inc. - Common Stock","2021-05-18 09:00:00-04:00",2.2501,2.33,2.2501,2.33,2.33,0
"PROG","Progenity, Inc. - Common Stock","2021-05-18 09:30:00-04:00",2.2699999809265137,2.2799999713897705,2.2100000381469727,2.25,2.25,108902
"PROG","Progenity, Inc. - Common Stock","2021-05-18 10:30:00-04:00",2.259999990463257,2.343800067901612,2.259999990463257,2.319999933242798,2.319999933242798,59519
"PROG","Progenity, Inc. - Common Stock","2021-05-18 11:30:00-04:00",2.319999933242798,2.319999933242798,2.240000009536743,2.259999990463257,2.259999990463257,108008
"PROG","Progenity, Inc. - Common Stock","2021-05-18 12:30:00-04:00",2.2699999809265137,2.319999933242798,2.240000009536743,2.259999990463257,2.259999990463257,94430
"PROG","Progenity, Inc. - Common Stock","2021-05-18 13:30:00-04:00",2.259999990463257,2.259999990463257,2.2300000190734863,2.25,2.25,35149
"PROG","Progenity, Inc. - Common Stock","2021-05-18 14:30:00-04:00",2.2441000938415527,2.2441000938415527,2.2100000381469727,2.220000028610229,2.220000028610229,125224
"PROG","Progenity, Inc. - Common Stock","2021-05-18 15:30:00-04:00",2.219899892807007,2.240000009536743,2.190000057220459,2.190000057220459,2.190000057220459,274901
"PROG","Progenity, Inc. - Common Stock","2021-05-18 16:00:00-04:00",2.2,2.21,2.2,2.2,2.2,0
"PROG","Progenity, Inc. - Common Stock","2021-05-18 17:00:00-04:00",2.21,2.23,2.2,2.22,2.22,0
"PROG","Progenity, Inc. - Common Stock","2021-05-18 18:00:00-04:00",2.23,2.23,2.2,2.23,2.23,0
"PROG","Progenity, Inc. - Common Stock","2021-05-18 19:00:00-04:00",2.27,2.27,2.2699,2.2699,2.2699,0
"PROG","Progenity, Inc. - Common Stock","2021-05-19 07:00:00-04:00",2.25,2.25,2.25,2.25,2.25,0
"PROG","Progenity, Inc. - Common Stock","2021-05-19 08:00:00-04:00",2.23,2.3092,2.2,2.24,2.24,0
"PROG","Progenity, Inc. - Common Stock","2021-05-19 09:00:00-04:00",2.23,2.23,2.2024,2.2024,2.2024,0
"PROG","Progenity, Inc. - Common Stock","2021-05-19 09:30:00-04:00",2.200000047683716,2.220000028610229,2.109999895095825,2.220000028610229,2.220000028610229,243820
"PROG","Progenity, Inc. - Common Stock","2021-05-19 10:30:00-04:00",2.200000047683716,2.2300000190734863,2.150000095367432,2.1898999214172363,2.1898999214172363,152500
"PROG","Progenity, Inc. - Common Stock","2021-05-19 11:30:00-04:00",2.190000057220459,2.2100000381469727,2.140000104904175,2.1700000762939453,2.1700000762939453,254189
"PROG","Progenity, Inc. - Common Stock","2021-05-19 12:30:00-04:00",2.150000095367432,2.180000066757202,2.130000114440918,2.1700000762939453,2.1700000762939453,74812
"PROG","Progenity, Inc. - Common Stock","2021-05-19 13:30:00-04:00",2.1698999404907227,2.2100000381469727,2.150000095367432,2.1700000762939453,2.1700000762939453,159315
"PROG","Progenity, Inc. - Common Stock","2021-05-19 14:30:00-04:00",2.1700000762939453,2.220000028610229,2.150000095367432,2.200000047683716,2.200000047683716,103761
"PROG","Progenity, Inc. - Common Stock","2021-05-19 15:30:00-04:00",2.200000047683716,2.25,2.150000095367432,2.2300000190734863,2.2300000190734863,231444
"PROG","Progenity, Inc. - Common Stock","2021-05-19 16:00:00-04:00",2.24,2.3,2.24,2.26,2.26,0
"PROG","Progenity, Inc. - Common Stock","2021-05-19 17:00:00-04:00",2.2699,2.27,2.25,2.25,2.25,0
"PROG","Progenity, Inc. - Common Stock","2021-05-19 18:00:00-04:00",2.29,2.29,2.25,2.25,2.25,0
"PROG","Progenity, Inc. - Common Stock","2021-05-19 19:00:00-04:00",2.25,2.77,2.25,2.43,2.43,0
"PROG","Progenity, Inc. - Common Stock","2021-05-20 05:00:00-04:00",2.34,2.34,2.34,2.34,2.34,0
"PROG","Progenity, Inc. - Common Stock","2021-05-20 07:00:00-04:00",2.34,2.41,2.33,2.41,2.41,0
"PROG","Progenity, Inc. - Common Stock","2021-05-20 08:00:00-04:00",2.4,2.41,2.33,2.38,2.38,0
"PROG","Progenity, Inc. - Common Stock","2021-05-20 09:00:00-04:00",2.35,2.39,2.27,2.33,2.33,0
"PROG","Progenity, Inc. - Common Stock","2021-05-20 09:30:00-04:00",2.299999952316284,2.4600000381469727,2.299999952316284,2.392899990081787,2.392899990081787,302304
"PROG","Progenity, Inc. - Common Stock","2021-05-20 10:30:00-04:00",2.390000104904175,2.5299999713897705,2.380000114440918,2.4649999141693115,2.4649999141693115,240534
"PROG","Progenity, Inc. - Common Stock","2021-05-20 11:30:00-04:00",2.4600000381469727,2.639899969100952,2.450000047683716,2.619999885559082,2.619999885559082,280353
"PROG","Progenity, Inc. - Common Stock","2021-05-20 12:30:00-04:00",2.5999999046325684,2.819999933242798,2.5999999046325684,2.775000095367432,2.775000095367432,529838
"PROG","Progenity, Inc. - Common Stock","2021-05-20 13:30:00-04:00",2.7839999198913574,2.789900064468384,2.4800000190734863,2.5799999237060547,2.5799999237060547,369399
"PROG","Progenity, Inc. - Common Stock","2021-05-20 14:30:00-04:00",2.5580999851226807,2.596299886703491,2.509999990463257,2.577899932861328,2.577899932861328,118169
"PROG","Progenity, Inc. - Common Stock","2021-05-20 15:30:00-04:00",2.569999933242798,2.690000057220459,2.559999942779541,2.640000104904175,2.640000104904175,125051
"PROG","Progenity, Inc. - Common Stock","2021-05-20 16:00:00-04:00",2.65,2.66,2.63,2.63,2.63,0
"PROG","Progenity, Inc. - Common Stock","2021-05-20 17:00:00-04:00",2.62,2.63,2.56,2.63,2.63,0
"PROG","Progenity, Inc. - Common Stock","2021-05-20 18:00:00-04:00",2.68,2.9,2.68,2.9,2.9,0
"PROG","Progenity, Inc. - Common Stock","2021-05-20 19:00:00-04:00",2.85,2.89,2.65,2.65,2.65,0
"PROG","Progenity, Inc. - Common Stock","2021-05-21 04:00:00-04:00",2.86,2.86,2.69,2.83,2.83,0
"PROG","Progenity, Inc. - Common Stock","2021-05-21 05:00:00-04:00",2.83,2.83,2.65,2.65,2.65,0
"PROG","Progenity, Inc. - Common Stock","2021-05-21 06:00:00-04:00",2.75,2.83,2.75,2.83,2.83,0
"PROG","Progenity, Inc. - Common Stock","2021-05-21 07:00:00-04:00",2.65,2.79,2.65,2.79,2.79,0
"PROG","Progenity, Inc. - Common Stock","2021-05-21 08:00:00-04:00",2.7899,2.79,2.65,2.75,2.75,0
"PROG","Progenity, Inc. - Common Stock","2021-05-21 09:00:00-04:00",2.75,2.79,2.66,2.79,2.79,0
"PROG","Progenity, Inc. - Common Stock","2021-05-21 09:30:00-04:00",2.700000047683716,2.7799999713897705,2.559999942779541,2.609999895095825,2.609999895095825,208597
"PROG","Progenity, Inc. - Common Stock","2021-05-21 10:30:00-04:00",2.622100114822388,2.622100114822388,2.5183000564575195,2.5183000564575195,2.5183000564575195,66165
"PROG","Progenity, Inc. - Common Stock","2021-05-21 11:30:00-04:00",2.5397000312805176,2.5499000549316406,2.5,2.539999961853028,2.539999961853028,54854
"PROG","Progenity, Inc. - Common Stock","2021-05-21 12:30:00-04:00",2.5299999713897705,2.549999952316284,2.509999990463257,2.5209999084472656,2.5209999084472656,35077
"PROG","Progenity, Inc. - Common Stock","2021-05-21 13:30:00-04:00",2.5213000774383545,2.549999952316284,2.5,2.5215001106262207,2.5215001106262207,28531
"PROG","Progenity, Inc. - Common Stock","2021-05-21 14:30:00-04:00",2.5199999809265137,2.5209999084472656,2.4100000858306885,2.4200000762939453,2.4200000762939453,179020
"PROG","Progenity, Inc. - Common Stock","2021-05-21 15:30:00-04:00",2.4200000762939453,2.4600000381469727,2.4100000858306885,2.440000057220459,2.440000057220459,52884
"PROG","Progenity, Inc. - Common Stock","2021-05-21 16:00:00-04:00",2.45,2.4899,2.4,2.45,2.45,0
"PROG","Progenity, Inc. - Common Stock","2021-05-21 17:00:00-04:00",2.41,2.49,2.41,2.49,2.49,0
"PROG","Progenity, Inc. - Common Stock","2021-05-21 18:00:00-04:00",2.5,2.5,2.5,2.5,2.5,0
"PROG","Progenity, Inc. - Common Stock","2021-05-21 19:00:00-04:00",2.5,2.5,2.5,2.5,2.5,0
"PROG","Progenity, Inc. - Common Stock","2021-05-24 04:00:00-04:00",2.47,2.47,2.47,2.47,2.47,0
"PROG","Progenity, Inc. - Common Stock","2021-05-24 05:00:00-04:00",2.54,2.54,2.54,2.54,2.54,0
"PROG","Progenity, Inc. - Common Stock","2021-05-24 06:00:00-04:00",2.54,2.55,2.54,2.55,2.55,0
"PROG","Progenity, Inc. - Common Stock","2021-05-24 08:00:00-04:00",2.529,2.55,2.5,2.55,2.55,0
"PROG","Progenity, Inc. - Common Stock","2021-05-24 09:00:00-04:00",2.57,2.57,2.5699,2.57,2.57,0
"PROG","Progenity, Inc. - Common Stock","2021-05-24 09:30:00-04:00",2.490000009536743,2.5,2.2699999809265137,2.319999933242798,2.319999933242798,193566
"PROG","Progenity, Inc. - Common Stock","2021-05-24 10:30:00-04:00",2.3299999237060547,2.3499999046325684,2.299999952316284,2.3399999141693115,2.3399999141693115,75120
"PROG","Progenity, Inc. - Common Stock","2021-05-24 11:30:00-04:00",2.3299999237060547,2.369999885559082,2.299999952316284,2.359999895095825,2.359999895095825,71102
"PROG","Progenity, Inc. - Common Stock","2021-05-24 12:30:00-04:00",2.359999895095825,2.390000104904175,2.3399999141693115,2.3499999046325684,2.3499999046325684,30014
"PROG","Progenity, Inc. - Common Stock","2021-05-24 13:30:00-04:00",2.380000114440918,2.3949999809265137,2.319999933242798,2.379899978637696,2.379899978637696,36679
"PROG","Progenity, Inc. - Common Stock","2021-05-24 14:30:00-04:00",2.380000114440918,2.470000028610229,2.3499999046325684,2.440000057220459,2.440000057220459,49568
"PROG","Progenity, Inc. - Common Stock","2021-05-24 15:30:00-04:00",2.430000066757202,2.5,2.400000095367432,2.490000009536743,2.490000009536743,57043
"PROG","Progenity, Inc. - Common Stock","2021-05-24 16:00:00-04:00",2.49,2.49,2.49,2.49,2.49,0
"PROG","Progenity, Inc. - Common Stock","2021-05-24 18:00:00-04:00",2.49,2.49,2.49,2.49,2.49,0
"PROG","Progenity, Inc. - Common Stock","2021-05-24 19:00:00-04:00",2.49,2.49,2.49,2.49,2.49,0
"PROG","Progenity, Inc. - Common Stock","2021-05-25 06:00:00-04:00",2.51,2.51,2.51,2.51,2.51,0
"PROG","Progenity, Inc. - Common Stock","2021-05-25 08:00:00-04:00",2.49,2.56,2.49,2.56,2.56,0
"PROG","Progenity, Inc. - Common Stock","2021-05-25 09:00:00-04:00",2.55,2.55,2.49,2.49,2.49,0
"PROG","Progenity, Inc. - Common Stock","2021-05-25 09:30:00-04:00",2.4800000190734863,2.559999942779541,2.430000066757202,2.493499994277954,2.493499994277954,79036
"PROG","Progenity, Inc. - Common Stock","2021-05-25 10:30:00-04:00",2.490000009536743,2.5299999713897705,2.430000066757202,2.430000066757202,2.430000066757202,62944
"PROG","Progenity, Inc. - Common Stock","2021-05-25 11:30:00-04:00",2.4200000762939453,2.444999933242798,2.400000095367432,2.4100000858306885,2.4100000858306885,25260
"PROG","Progenity, Inc. - Common Stock","2021-05-25 12:30:00-04:00",2.4100000858306885,2.440000057220459,2.4100000858306885,2.4119999408721924,2.4119999408721924,19335
"PROG","Progenity, Inc. - Common Stock","2021-05-25 13:30:00-04:00",2.4100000858306885,2.440000057220459,2.4100000858306885,2.430000066757202,2.430000066757202,8497
"PROG","Progenity, Inc. - Common Stock","2021-05-25 14:30:00-04:00",2.430000066757202,2.440000057220459,2.400000095367432,2.4100000858306885,2.4100000858306885,37995
"PROG","Progenity, Inc. - Common Stock","2021-05-25 15:30:00-04:00",2.430000066757202,2.4398999214172363,2.390000104904175,2.4200000762939453,2.4200000762939453,15333
"PROG","Progenity, Inc. - Common Stock","2021-05-25 16:00:00-04:00",2.42,2.42,2.42,2.42,2.42,0
"PROG","Progenity, Inc. - Common Stock","2021-05-26 04:00:00-04:00",2.42,2.42,2.42,2.42,2.42,0
"PROG","Progenity, Inc. - Common Stock","2021-05-26 05:00:00-04:00",2.26,2.26,2.26,2.26,2.26,0
"PROG","Progenity, Inc. - Common Stock","2021-05-26 08:00:00-04:00",2.53,2.57,2.42,2.42,2.42,0
"PROG","Progenity, Inc. - Common Stock","2021-05-26 09:00:00-04:00",2.43,2.48,2.41,2.41,2.41,0
"PROG","Progenity, Inc. - Common Stock","2021-05-26 09:30:00-04:00",2.400000095367432,2.4800000190734863,2.359999895095825,2.4800000190734863,2.4800000190734863,57074
"PROG","Progenity, Inc. - Common Stock","2021-05-26 10:30:00-04:00",2.489000082015991,2.5,2.414799928665161,2.4200000762939453,2.4200000762939453,41729
"PROG","Progenity, Inc. - Common Stock","2021-05-26 11:30:00-04:00",2.4200000762939453,2.4600000381469727,2.400000095367432,2.430000066757202,2.430000066757202,42443
"PROG","Progenity, Inc. - Common Stock","2021-05-26 12:30:00-04:00",2.430000066757202,2.470000028610229,2.369999885559082,2.430500030517578,2.430500030517578,64686
"PROG","Progenity, Inc. - Common Stock","2021-05-26 13:30:00-04:00",2.440000057220459,2.5,2.4200000762939453,2.449899911880493,2.449899911880493,89293
"PROG","Progenity, Inc. - Common Stock","2021-05-26 14:30:00-04:00",2.430000066757202,2.479899883270264,2.430000066757202,2.440000057220459,2.440000057220459,26023
"PROG","Progenity, Inc. - Common Stock","2021-05-26 15:30:00-04:00",2.440000057220459,2.490000009536743,2.440000057220459,2.4800000190734863,2.4800000190734863,21789
"PROG","Progenity, Inc. - Common Stock","2021-05-26 16:00:00-04:00",2.47,2.49,2.46,2.48,2.48,0
"PROG","Progenity, Inc. - Common Stock","2021-05-26 17:00:00-04:00",2.48,2.48,2.48,2.48,2.48,0
"PROG","Progenity, Inc. - Common Stock","2021-05-26 18:00:00-04:00",2.48,2.48,2.48,2.48,2.48,0
"PROG","Progenity, Inc. - Common Stock","2021-05-26 19:00:00-04:00",2.48,2.48,2.48,2.48,2.48,0
"PROG","Progenity, Inc. - Common Stock","2021-05-27 04:00:00-04:00",2.41,2.41,2.41,2.41,2.41,0
"PROG","Progenity, Inc. - Common Stock","2021-05-27 05:00:00-04:00",2.47,2.47,2.47,2.47,2.47,0
"PROG","Progenity, Inc. - Common Stock","2021-05-27 07:00:00-04:00",2.4,2.4,2.4,2.4,2.4,0
"PROG","Progenity, Inc. - Common Stock","2021-05-27 08:00:00-04:00",2.45,2.47,2.44,2.4401,2.4401,0
"PROG","Progenity, Inc. - Common Stock","2021-05-27 09:00:00-04:00",2.44,2.47,2.4306,2.47,2.47,0
"PROG","Progenity, Inc. - Common Stock","2021-05-27 09:30:00-04:00",2.470000028610229,2.490000009536743,2.4200000762939453,2.4368999004364014,2.4368999004364014,49192
"PROG","Progenity, Inc. - Common Stock","2021-05-27 10:30:00-04:00",2.430000066757202,2.4800000190734863,2.409600019454956,2.4600000381469727,2.4600000381469727,38847
"PROG","Progenity, Inc. - Common Stock","2021-05-27 11:30:00-04:00",2.450000047683716,2.549999952316284,2.430000066757202,2.5190000534057617,2.5190000534057617,26187
"PROG","Progenity, Inc. - Common Stock","2021-05-27 12:30:00-04:00",2.509999990463257,2.619999885559082,2.509999990463257,2.5999999046325684,2.5999999046325684,59008
"PROG","Progenity, Inc. - Common Stock","2021-05-27 13:30:00-04:00",2.595599889755249,2.595599889755249,2.5299999713897705,2.5850000381469727,2.5850000381469727,70669
"PROG","Progenity, Inc. - Common Stock","2021-05-27 14:30:00-04:00",2.5799999237060547,2.5999999046325684,2.569999933242798,2.569999933242798,2.569999933242798,30906
"PROG","Progenity, Inc. - Common Stock","2021-05-27 15:30:00-04:00",2.5799999237060547,2.6600000858306885,2.569999933242798,2.640000104904175,2.640000104904175,64046
"PROG","Progenity, Inc. - Common Stock","2021-05-27 16:00:00-04:00",2.65,2.67,2.51,2.67,2.67,0
"PROG","Progenity, Inc. - Common Stock","2021-05-27 17:00:00-04:00",2.67,2.74,2.67,2.74,2.74,0
"PROG","Progenity, Inc. - Common Stock","2021-05-27 18:00:00-04:00",2.61,2.61,2.61,2.61,2.61,0
"PROG","Progenity, Inc. - Common Stock","2021-05-27 19:00:00-04:00",2.65,2.68,2.65,2.68,2.68,0
"PROG","Progenity, Inc. - Common Stock","2021-05-28 07:00:00-04:00",2.65,2.65,2.65,2.65,2.65,0
"PROG","Progenity, Inc. - Common Stock","2021-05-28 08:00:00-04:00",2.65,2.75,2.58,2.72,2.72,0
"PROG","Progenity, Inc. - Common Stock","2021-05-28 09:30:00-04:00",2.6600000858306885,2.75,2.609999895095825,2.630000114440918,2.630000114440918,116893
"PROG","Progenity, Inc. - Common Stock","2021-05-28 10:30:00-04:00",2.630000114440918,2.639699935913086,2.569999933242798,2.5899999141693115,2.5899999141693115,45846
"PROG","Progenity, Inc. - Common Stock","2021-05-28 11:30:00-04:00",2.6135001182556152,2.6135001182556152,2.4830000400543213,2.529900074005127,2.529900074005127,29921
"PROG","Progenity, Inc. - Common Stock","2021-05-28 12:30:00-04:00",2.5199999809265137,2.5827999114990234,2.5199999809265137,2.5199999809265137,2.5199999809265137,19279
"PROG","Progenity, Inc. - Common Stock","2021-05-28 13:30:00-04:00",2.549999952316284,2.609999895095825,2.5,2.575000047683716,2.575000047683716,49713
"PROG","Progenity, Inc. - Common Stock","2021-05-28 14:30:00-04:00",2.5799999237060547,2.609999895095825,2.549999952316284,2.549999952316284,2.549999952316284,44873
"PROG","Progenity, Inc. - Common Stock","2021-05-28 15:30:00-04:00",2.549999952316284,2.5999999046325684,2.549999952316284,2.5899999141693115,2.5899999141693115,26732
"PROG","Progenity, Inc. - Common Stock","2021-05-28 16:00:00-04:00",2.59,2.59,2.52,2.52,2.52,0
"PROG","Progenity, Inc. - Common Stock","2021-05-28 17:00:00-04:00",2.67,2.75,2.67,2.75,2.75,0
"PROG","Progenity, Inc. - Common Stock","2021-05-28 18:00:00-04:00",2.74,2.86,2.74,2.81,2.81,0
"PROG","Progenity, Inc. - Common Stock","2021-05-28 19:00:00-04:00",2.81,2.86,2.61,2.67,2.67,0
"PROG","Progenity, Inc. - Common Stock","2021-06-01 04:00:00-04:00",2.44,2.59,2.43,2.59,2.59,0
"PROG","Progenity, Inc. - Common Stock","2021-06-01 05:00:00-04:00",2.59,2.59,2.59,2.59,2.59,0
"PROG","Progenity, Inc. - Common Stock","2021-06-01 07:00:00-04:00",2.59,2.89,2.59,2.75,2.75,0
"PROG","Progenity, Inc. - Common Stock","2021-06-01 08:00:00-04:00",2.65,2.73,2.65,2.65,2.65,0
"PROG","Progenity, Inc. - Common Stock","2021-06-01 09:00:00-04:00",2.65,2.7139,2.65,2.65,2.65,0
"PROG","Progenity, Inc. - Common Stock","2021-06-01 09:30:00-04:00",2.690000057220459,2.7699999809265137,2.630000114440918,2.6328999996185303,2.6328999996185303,128383
"PROG","Progenity, Inc. - Common Stock","2021-06-01 10:30:00-04:00",2.6331000328063965,2.700000047683716,2.609999895095825,2.6640000343322754,2.6640000343322754,46060
"PROG","Progenity, Inc. - Common Stock","2021-06-01 11:30:00-04:00",2.6700000762939453,2.7300000190734863,2.663599967956543,2.7100000381469727,2.7100000381469727,40346
"PROG","Progenity, Inc. - Common Stock","2021-06-01 12:30:00-04:00",2.7100000381469727,2.740000009536743,2.680000066757202,2.680000066757202,2.680000066757202,39423
"PROG","Progenity, Inc. - Common Stock","2021-06-01 13:30:00-04:00",2.680000066757202,2.740000009536743,2.6700000762939453,2.680000066757202,2.680000066757202,29834
"PROG","Progenity, Inc. - Common Stock","2021-06-01 14:30:00-04:00",2.690000057220459,2.720000028610229,2.690000057220459,2.700000047683716,2.700000047683716,14001
"PROG","Progenity, Inc. - Common Stock","2021-06-01 15:30:00-04:00",2.700000047683716,2.859999895095825,2.690000057220459,2.859999895095825,2.859999895095825,151073
"PROG","Progenity, Inc. - Common Stock","2021-06-01 16:00:00-04:00",2.86,2.86,2.7,2.72,2.72,0
"PROG","Progenity, Inc. - Common Stock","2021-06-01 17:00:00-04:00",2.72,2.7287,2.5701,2.6,2.6,0
"PROG","Progenity, Inc. - Common Stock","2021-06-01 18:00:00-04:00",2.6,2.74,2.6,2.73,2.73,0
"PROG","Progenity, Inc. - Common Stock","2021-06-01 19:00:00-04:00",2.73,2.73,2.71,2.71,2.71,0
"PROG","Progenity, Inc. - Common Stock","2021-06-02 04:00:00-04:00",2.86,2.86,2.86,2.86,2.86,0
"PROG","Progenity, Inc. - Common Stock","2021-06-02 06:00:00-04:00",2.74,2.81,2.71,2.73,2.73,0
"PROG","Progenity, Inc. - Common Stock","2021-06-02 07:00:00-04:00",2.75,2.75,2.7,2.7,2.7,0
"PROG","Progenity, Inc. - Common Stock","2021-06-02 08:00:00-04:00",2.65,2.74,2.55,2.74,2.74,0
"PROG","Progenity, Inc. - Common Stock","2021-06-02 09:00:00-04:00",2.74,2.74,2.7,2.73,2.73,0
"PROG","Progenity, Inc. - Common Stock","2021-06-02 09:30:00-04:00",2.5999999046325684,2.640000104904175,2.4200000762939453,2.469899892807007,2.469899892807007,559506
"PROG","Progenity, Inc. - Common Stock","2021-06-02 10:30:00-04:00",2.469899892807007,2.490000009536743,2.4600000381469727,2.4600000381469727,2.4600000381469727,192072
"PROG","Progenity, Inc. - Common Stock","2021-06-02 11:30:00-04:00",2.470000028610229,2.470000028610229,2.300800085067749,2.3362998962402344,2.3362998962402344,485401
"PROG","Progenity, Inc. - Common Stock","2021-06-02 12:30:00-04:00",2.3310000896453857,2.3350000381469727,2.1900999546051025,2.200000047683716,2.200000047683716,663648
"PROG","Progenity, Inc. - Common Stock","2021-06-02 13:30:00-04:00",2.200000047683716,2.2249999046325684,2.1700000762939453,2.187700033187866,2.187700033187866,498995
"PROG","Progenity, Inc. - Common Stock","2021-06-02 14:30:00-04:00",2.184999942779541,2.25,2.150000095367432,2.2049999237060547,2.2049999237060547,503478
"PROG","Progenity, Inc. - Common Stock","2021-06-02 15:30:00-04:00",2.200000047683716,2.216099977493286,2.180000066757202,2.190000057220459,2.190000057220459,411997
"PROG","Progenity, Inc. - Common Stock","2021-06-02 16:00:00-04:00",2.19,2.23,2.19,2.19,2.19,0
"PROG","Progenity, Inc. - Common Stock","2021-06-02 17:00:00-04:00",2.19,2.22,2.19,2.22,2.22,0
"PROG","Progenity, Inc. - Common Stock","2021-06-02 18:00:00-04:00",2.22,2.22,2.1999,2.22,2.22,0
"PROG","Progenity, Inc. - Common Stock","2021-06-02 19:00:00-04:00",2.22,2.29,2.22,2.25,2.25,0
"PROG","Progenity, Inc. - Common Stock","2021-06-03 04:00:00-04:00",2.25,2.25,2.21,2.25,2.25,0
"PROG","Progenity, Inc. - Common Stock","2021-06-03 05:00:00-04:00",2.25,2.25,2.24,2.25,2.25,0
"PROG","Progenity, Inc. - Common Stock","2021-06-03 06:00:00-04:00",2.2,2.24,2.18,2.19,2.19,0
"PROG","Progenity, Inc. - Common Stock","2021-06-03 07:00:00-04:00",2.19,2.25,2.15,2.19,2.19,0
"PROG","Progenity, Inc. - Common Stock","2021-06-03 08:00:00-04:00",2.2,2.25,2.18,2.21,2.21,0
"PROG","Progenity, Inc. - Common Stock","2021-06-03 09:00:00-04:00",2.2,2.21,2.15,2.16,2.16,0
"PROG","Progenity, Inc. - Common Stock","2021-06-03 09:30:00-04:00",2.190000057220459,2.190000057220459,2.140000104904175,2.1449999809265137,2.1449999809265137,624360
"PROG","Progenity, Inc. - Common Stock","2021-06-03 10:30:00-04:00",2.1449999809265137,2.150000095367432,2.0799999237060547,2.089900016784668,2.089900016784668,548553
"PROG","Progenity, Inc. - Common Stock","2021-06-03 11:30:00-04:00",2.0850000381469727,2.119999885559082,2.0799999237060547,2.109999895095825,2.109999895095825,190381
"PROG","Progenity, Inc. - Common Stock","2021-06-03 12:30:00-04:00",2.1098999977111816,2.130000114440918,2.0899999141693115,2.100100040435791,2.100100040435791,153012
"PROG","Progenity, Inc. - Common Stock","2021-06-03 13:30:00-04:00",2.101599931716919,2.109999895095825,2.0799999237060547,2.0850000381469727,2.0850000381469727,213908
"PROG","Progenity, Inc. - Common Stock","2021-06-03 14:30:00-04:00",2.0850000381469727,2.0899999141693115,2.039999961853028,2.067199945449829,2.067199945449829,421110
"PROG","Progenity, Inc. - Common Stock","2021-06-03 15:30:00-04:00",2.069499969482422,2.119999885559082,2.059999942779541,2.0899999141693115,2.0899999141693115,179081
"PROG","Progenity, Inc. - Common Stock","2021-06-03 16:00:00-04:00",2.11,2.69,2.1,2.5,2.5,0
"PROG","Progenity, Inc. - Common Stock","2021-06-03 17:00:00-04:00",2.48,2.55,2.29,2.46,2.46,0
"PROG","Progenity, Inc. - Common Stock","2021-06-03 18:00:00-04:00",2.44,2.44,2.31,2.35,2.35,0
"PROG","Progenity, Inc. - Common Stock","2021-06-03 19:00:00-04:00",2.35,2.43,2.32,2.43,2.43,0
"PROG","Progenity, Inc. - Common Stock","2021-06-04 04:00:00-04:00",2.42,2.42,2.35,2.38,2.38,0
"PROG","Progenity, Inc. - Common Stock","2021-06-04 05:00:00-04:00",2.38,2.41,2.32,2.37,2.37,0
"PROG","Progenity, Inc. - Common Stock","2021-06-04 06:00:00-04:00",2.36,2.42,2.35,2.35,2.35,0
"PROG","Progenity, Inc. - Common Stock","2021-06-04 07:00:00-04:00",2.35,2.35,2.31,2.33,2.33,0
"PROG","Progenity, Inc. - Common Stock","2021-06-04 08:00:00-04:00",2.33,2.39,2.3,2.36,2.36,0
"PROG","Progenity, Inc. - Common Stock","2021-06-04 09:00:00-04:00",2.35,2.4,2.32,2.4,2.4,0
"PROG","Progenity, Inc. - Common Stock","2021-06-04 09:30:00-04:00",2.375999927520752,2.450000047683716,2.2300000190734863,2.326200008392334,2.326200008392334,1557840
"PROG","Progenity, Inc. - Common Stock","2021-06-04 10:30:00-04:00",2.327800035476685,2.369999885559082,2.25,2.275000095367432,2.275000095367432,389319
"PROG","Progenity, Inc. - Common Stock","2021-06-04 11:30:00-04:00",2.2699999809265137,2.319999933242798,2.190000057220459,2.305000066757202,2.305000066757202,842446
"PROG","Progenity, Inc. - Common Stock","2021-06-04 12:30:00-04:00",2.305000066757202,2.3299999237060547,2.2300000190734863,2.25,2.25,419306
"PROG","Progenity, Inc. - Common Stock","2021-06-04 13:30:00-04:00",2.267800092697144,2.2799999713897705,2.2300000190734863,2.25,2.25,157721
"PROG","Progenity, Inc. - Common Stock","2021-06-04 14:30:00-04:00",2.25,2.259999990463257,2.140000104904175,2.150000095367432,2.150000095367432,925073
"PROG","Progenity, Inc. - Common Stock","2021-06-04 15:30:00-04:00",2.150000095367432,2.240000009536743,2.0899999141693115,2.200000047683716,2.200000047683716,1529636
"PROG","Progenity, Inc. - Common Stock","2021-06-04 16:00:00-04:00",2.2,2.24,2.18,2.22,2.22,0
"PROG","Progenity, Inc. - Common Stock","2021-06-04 17:00:00-04:00",2.22,2.23,2.18,2.2,2.2,0
"PROG","Progenity, Inc. - Common Stock","2021-06-04 18:00:00-04:00",2.18,2.23,2.18,2.22,2.22,0
"PROG","Progenity, Inc. - Common Stock","2021-06-04 19:00:00-04:00",2.22,2.22,2.19,2.21,2.21,0
"PROG","Progenity, Inc. - Common Stock","2021-06-07 04:00:00-04:00",2.21,2.21,2.2,2.21,2.21,0
"PROG","Progenity, Inc. - Common Stock","2021-06-07 05:00:00-04:00",2.22,2.24,2.17,2.2,2.2,0
"PROG","Progenity, Inc. - Common Stock","2021-06-07 06:00:00-04:00",2.2,2.2,2.18,2.18,2.18,0
"PROG","Progenity, Inc. - Common Stock","2021-06-07 07:00:00-04:00",2.2,2.25,2.19,2.23,2.23,0
"PROG","Progenity, Inc. - Common Stock","2021-06-07 08:00:00-04:00",2.29,2.2995,2.22,2.25,2.25,0
"PROG","Progenity, Inc. - Common Stock","2021-06-07 09:00:00-04:00",2.24,2.25,2.21,2.23,2.23,0
"PROG","Progenity, Inc. - Common Stock","2021-06-07 09:30:00-04:00",2.2100000381469727,2.289999961853028,2.200000047683716,2.259999990463257,2.259999990463257,1067229
"PROG","Progenity, Inc. - Common Stock","2021-06-07 10:30:00-04:00",2.26990008354187,2.299999952316284,2.220000028610229,2.25,2.25,534791
"PROG","Progenity, Inc. - Common Stock","2021-06-07 11:30:00-04:00",2.240000009536743,2.2799999713897705,2.2100000381469727,2.255000114440918,2.255000114440918,531098
"PROG","Progenity, Inc. - Common Stock","2021-06-07 12:30:00-04:00",2.255000114440918,2.259999990463257,2.220000028610229,2.2400999069213867,2.2400999069213867,356442
"PROG","Progenity, Inc. - Common Stock","2021-06-07 13:30:00-04:00",2.240000009536743,2.3499999046325684,2.2149999141693115,2.315000057220459,2.315000057220459,852216
"PROG","Progenity, Inc. - Common Stock","2021-06-07 14:30:00-04:00",2.315000057220459,2.3550000190734863,2.2799999713897705,2.343300104141236,2.343300104141236,429539
"PROG","Progenity, Inc. - Common Stock","2021-06-07 15:30:00-04:00",2.345000028610229,2.380000114440918,2.299999952316284,2.369999885559082,2.369999885559082,253921
"PROG","Progenity, Inc. - Common Stock","2021-06-07 16:00:00-04:00",2.37,2.37,2.32,2.35,2.35,0
"PROG","Progenity, Inc. - Common Stock","2021-06-07 17:00:00-04:00",2.34,2.36,2.33,2.36,2.36,0
"PROG","Progenity, Inc. - Common Stock","2021-06-07 18:00:00-04:00",2.36,2.37,2.35,2.35,2.35,0
"PROG","Progenity, Inc. - Common Stock","2021-06-07 19:00:00-04:00",2.36,2.37,2.35,2.37,2.37,0
"PROG","Progenity, Inc. - Common Stock","2021-06-08 04:00:00-04:00",2.37,2.4,2.37,2.4,2.4,0
"PROG","Progenity, Inc. - Common Stock","2021-06-08 05:00:00-04:00",2.4,2.4,2.37,2.4,2.4,0
"PROG","Progenity, Inc. - Common Stock","2021-06-08 06:00:00-04:00",2.4,2.4,2.4,2.4,2.4,0
"PROG","Progenity, Inc. - Common Stock","2021-06-08 07:00:00-04:00",2.4,2.42,2.35,2.37,2.37,0
"PROG","Progenity, Inc. - Common Stock","2021-06-08 08:00:00-04:00",2.37,2.4,2.35,2.39,2.39,0
"PROG","Progenity, Inc. - Common Stock","2021-06-08 09:00:00-04:00",2.39,2.4,2.35,2.39,2.39,0
"PROG","Progenity, Inc. - Common Stock","2021-06-08 09:30:00-04:00",2.369999885559082,2.4200000762939453,2.305000066757202,2.3617000579833984,2.3617000579833984,506952
"PROG","Progenity, Inc. - Common Stock","2021-06-08 10:30:00-04:00",2.367300033569336,2.380000114440918,2.2799999713897705,2.329900026321411,2.329900026321411,493046
"PROG","Progenity, Inc. - Common Stock","2021-06-08 11:30:00-04:00",2.3299999237060547,2.369999885559082,2.299999952316284,2.3559999465942383,2.3559999465942383,175096
"PROG","Progenity, Inc. - Common Stock","2021-06-08 12:30:00-04:00",2.3550000190734863,2.369999885559082,2.3299999237060547,2.365000009536743,2.365000009536743,139351
"PROG","Progenity, Inc. - Common Stock","2021-06-08 13:30:00-04:00",2.365000009536743,2.375,2.3499999046325684,2.359999895095825,2.359999895095825,114359
"PROG","Progenity, Inc. - Common Stock","2021-06-08 14:30:00-04:00",2.36080002784729,2.390000104904175,2.3399999141693115,2.3814001083374023,2.3814001083374023,287779
"PROG","Progenity, Inc. - Common Stock","2021-06-08 15:30:00-04:00",2.380000114440918,2.380000114440918,2.319999933242798,2.365000009536743,2.365000009536743,313597
"PROG","Progenity, Inc. - Common Stock","2021-06-08 16:00:00-04:00",2.36,2.38,2.35,2.35,2.35,0
"PROG","Progenity, Inc. - Common Stock","2021-06-08 17:00:00-04:00",2.35,2.39,2.32,2.37,2.37,0
"PROG","Progenity, Inc. - Common Stock","2021-06-08 18:00:00-04:00",2.39,2.39,2.36,2.38,2.38,0
"PROG","Progenity, Inc. - Common Stock","2021-06-08 19:00:00-04:00",2.38,2.38,2.34,2.37,2.37,0
"PROG","Progenity, Inc. - Common Stock","2021-06-09 04:00:00-04:00",2.35,2.44,2.26,2.44,2.44,0
"PROG","Progenity, Inc. - Common Stock","2021-06-09 05:00:00-04:00",2.29,2.49,2.29,2.44,2.44,0
"PROG","Progenity, Inc. - Common Stock","2021-06-09 06:00:00-04:00",2.44,2.49,2.41,2.49,2.49,0
"PROG","Progenity, Inc. - Common Stock","2021-06-09 07:00:00-04:00",2.43,2.47,2.4,2.45,2.45,0
"PROG","Progenity, Inc. - Common Stock","2021-06-09 08:00:00-04:00",2.45,2.52,2.42,2.43,2.43,0
"PROG","Progenity, Inc. - Common Stock","2021-06-09 09:00:00-04:00",2.44,2.47,2.43,2.45,2.45,0
"PROG","Progenity, Inc. - Common Stock","2021-06-09 09:30:00-04:00",2.4600000381469727,2.5,2.359999895095825,2.450000047683716,2.450000047683716,871493
"PROG","Progenity, Inc. - Common Stock","2021-06-09 10:30:00-04:00",2.4400999546051025,2.75,2.4400999546051025,2.629899978637696,2.629899978637696,1369795
"PROG","Progenity, Inc. - Common Stock","2021-06-09 11:30:00-04:00",2.630000114440918,2.720000028610229,2.609999895095825,2.6721999645233154,2.6721999645233154,505039
"PROG","Progenity, Inc. - Common Stock","2021-06-09 12:30:00-04:00",2.680000066757202,2.799999952316284,2.6710000038146973,2.726300001144409,2.726300001144409,712497
"PROG","Progenity, Inc. - Common Stock","2021-06-09 13:30:00-04:00",2.72790002822876,2.749799966812134,2.6600000858306885,2.749799966812134,2.749799966812134,227749
"PROG","Progenity, Inc. - Common Stock","2021-06-09 14:30:00-04:00",2.740000009536743,2.789999961853028,2.630000114440918,2.650000095367432,2.650000095367432,386338
"PROG","Progenity, Inc. - Common Stock","2021-06-09 15:30:00-04:00",2.650000095367432,2.686800003051758,2.5999999046325684,2.680000066757202,2.680000066757202,230603
"PROG","Progenity, Inc. - Common Stock","2021-06-09 16:00:00-04:00",2.68,2.7,2.6,2.66,2.66,0
"PROG","Progenity, Inc. - Common Stock","2021-06-09 17:00:00-04:00",2.61,2.77,2.61,2.7,2.7,0
"PROG","Progenity, Inc. - Common Stock","2021-06-09 18:00:00-04:00",2.69,2.72,2.65,2.69,2.69,0
"PROG","Progenity, Inc. - Common Stock","2021-06-09 19:00:00-04:00",2.72,2.75,2.65,2.75,2.75,0
"PROG","Progenity, Inc. - Common Stock","2021-06-10 04:00:00-04:00",2.75,2.79,2.75,2.79,2.79,0
"PROG","Progenity, Inc. - Common Stock","2021-06-10 05:00:00-04:00",2.8,2.8,2.75,2.75,2.75,0
"PROG","Progenity, Inc. - Common Stock","2021-06-10 06:00:00-04:00",2.75,2.78,2.75,2.77,2.77,0
"PROG","Progenity, Inc. - Common Stock","2021-06-10 07:00:00-04:00",2.77,2.77,2.7,2.73,2.73,0
"PROG","Progenity, Inc. - Common Stock","2021-06-10 08:00:00-04:00",2.73,2.75,2.38,2.4,2.4,0
"PROG","Progenity, Inc. - Common Stock","2021-06-10 09:00:00-04:00",2.39,2.48,2.38,2.4796,2.4796,0
"PROG","Progenity, Inc. - Common Stock","2021-06-10 09:30:00-04:00",2.440000057220459,2.4649999141693115,2.369999885559082,2.4200000762939453,2.4200000762939453,1614105
"PROG","Progenity, Inc. - Common Stock","2021-06-10 10:30:00-04:00",2.4200000762939453,2.4800000190734863,2.400000095367432,2.430000066757202,2.430000066757202,607383
"PROG","Progenity, Inc. - Common Stock","2021-06-10 11:30:00-04:00",2.424999952316284,2.4600000381469727,2.4200000762939453,2.4200000762939453,2.4200000762939453,254782
"PROG","Progenity, Inc. - Common Stock","2021-06-10 12:30:00-04:00",2.4200000762939453,2.430000066757202,2.369999885559082,2.400000095367432,2.400000095367432,297518
"PROG","Progenity, Inc. - Common Stock","2021-06-10 13:30:00-04:00",2.4049999713897705,2.4200000762939453,2.400000095367432,2.414999961853028,2.414999961853028,173699
"PROG","Progenity, Inc. - Common Stock","2021-06-10 14:30:00-04:00",2.414999961853028,2.4800000190734863,2.400000095367432,2.4549999237060547,2.4549999237060547,506924
"PROG","Progenity, Inc. - Common Stock","2021-06-10 15:30:00-04:00",2.4549999237060547,2.5199999809265137,2.450000047683716,2.490000009536743,2.490000009536743,495968
"PROG","Progenity, Inc. - Common Stock","2021-06-10 16:00:00-04:00",2.49,2.49,2.42,2.45,2.45,0
"PROG","Progenity, Inc. - Common Stock","2021-06-10 17:00:00-04:00",2.45,2.51,2.45,2.5,2.5,0
"PROG","Progenity, Inc. - Common Stock","2021-06-10 18:00:00-04:00",2.5,2.62,2.48,2.54,2.54,0
"PROG","Progenity, Inc. - Common Stock","2021-06-10 19:00:00-04:00",2.5201,2.6,2.51,2.55,2.55,0
"PROG","Progenity, Inc. - Common Stock","2021-06-11 04:00:00-04:00",2.6,2.69,2.55,2.58,2.58,0
"PROG","Progenity, Inc. - Common Stock","2021-06-11 05:00:00-04:00",2.66,2.68,2.6,2.65,2.65,0
"PROG","Progenity, Inc. - Common Stock","2021-06-11 06:00:00-04:00",2.66,2.67,2.54,2.62,2.62,0
"PROG","Progenity, Inc. - Common Stock","2021-06-11 07:00:00-04:00",2.61,2.62,2.6,2.6,2.6,0
"PROG","Progenity, Inc. - Common Stock","2021-06-11 08:00:00-04:00",2.61,2.63,2.53,2.57,2.57,0
"PROG","Progenity, Inc. - Common Stock","2021-06-11 09:00:00-04:00",2.55,2.62,2.53,2.6,2.6,0
"PROG","Progenity, Inc. - Common Stock","2021-06-11 09:30:00-04:00",2.609999895095825,3.3273000717163086,2.5999999046325684,3.0999999046325684,3.0999999046325684,6002620
"PROG","Progenity, Inc. - Common Stock","2021-06-11 10:30:00-04:00",3.100300073623657,3.400000095367432,3.0199999809265137,3.259999990463257,3.259999990463257,5969652
"PROG","Progenity, Inc. - Common Stock","2021-06-11 11:30:00-04:00",3.2699999809265137,3.2699999809265137,2.869999885559082,2.930000066757202,2.930000066757202,2640726
"PROG","Progenity, Inc. - Common Stock","2021-06-11 12:30:00-04:00",2.924999952316284,2.990000009536743,2.8399999141693115,2.910099983215332,2.910099983215332,834597
"PROG","Progenity, Inc. - Common Stock","2021-06-11 13:30:00-04:00",2.900099992752075,3.039999961853028,2.819999933242798,3.0350000858306885,3.0350000858306885,621145
"PROG","Progenity, Inc. - Common Stock","2021-06-11 14:30:00-04:00",3.039999961853028,3.190000057220459,2.950000047683716,3.069999933242798,3.069999933242798,1725015
"PROG","Progenity, Inc. - Common Stock","2021-06-11 15:30:00-04:00",3.059999942779541,3.299999952316284,3.0199999809265137,3.190000057220459,3.190000057220459,1175128
"PROG","Progenity, Inc. - Common Stock","2021-06-11 16:00:00-04:00",3.21,4.21,3.16,4.04,4.04,0
"PROG","Progenity, Inc. - Common Stock","2021-06-11 17:00:00-04:00",4.05,4.07,3.6,3.67,3.67,0
"PROG","Progenity, Inc. - Common Stock","2021-06-11 18:00:00-04:00",3.67,3.72,3.46,3.49,3.49,0
"PROG","Progenity, Inc. - Common Stock","2021-06-11 19:00:00-04:00",3.49,3.59,3.4,3.48,3.48,0
"PROG","Progenity, Inc. - Common Stock","2021-06-14 04:00:00-04:00",3.5,3.8,3.5,3.53,3.53,0
"PROG","Progenity, Inc. - Common Stock","2021-06-14 05:00:00-04:00",3.54,3.68,3.33,3.4,3.4,0
"PROG","Progenity, Inc. - Common Stock","2021-06-14 06:00:00-04:00",3.4,3.49,3.35,3.41,3.41,0
"PROG","Progenity, Inc. - Common Stock","2021-06-14 07:00:00-04:00",3.41,3.41,2.88,3.1,3.1,0
"PROG","Progenity, Inc. - Common Stock","2021-06-14 08:00:00-04:00",3.11,3.62,2.98,3.59,3.59,0
"PROG","Progenity, Inc. - Common Stock","2021-06-14 09:00:00-04:00",3.57,3.71,3.21,3.24,3.24,0
"PROG","Progenity, Inc. - Common Stock","2021-06-14 09:30:00-04:00",3.243499994277954,3.5899999141693115,3.240000009536743,3.5299999713897705,3.5299999713897705,3884948
"PROG","Progenity, Inc. - Common Stock","2021-06-14 10:30:00-04:00",3.539999961853028,3.689899921417236,3.0799999237060547,3.160099983215332,3.160099983215332,3995755
"PROG","Progenity, Inc. - Common Stock","2021-06-14 11:30:00-04:00",3.1600000858306885,3.319999933242798,3.0199999809265137,3.240600109100342,3.240600109100342,1361081
"PROG","Progenity, Inc. - Common Stock","2021-06-14 12:30:00-04:00",3.240000009536743,3.240000009536743,3.140000104904175,3.190000057220459,3.190000057220459,430451
"PROG","Progenity, Inc. - Common Stock","2021-06-14 13:30:00-04:00",3.200000047683716,3.220000028610229,3.1630001068115234,3.1700000762939453,3.1700000762939453,183454
"PROG","Progenity, Inc. - Common Stock","2021-06-14 14:30:00-04:00",3.162100076675415,3.190000057220459,3.0799999237060547,3.1700000762939453,3.1700000762939453,410794
"PROG","Progenity, Inc. - Common Stock","2021-06-14 15:30:00-04:00",3.160099983215332,3.190000057220459,3.109999895095825,3.1700000762939453,3.1700000762939453,259482
"PROG","Progenity, Inc. - Common Stock","2021-06-14 16:00:00-04:00",3.17,3.17,3.11,3.14,3.14,0
"PROG","Progenity, Inc. - Common Stock","2021-06-14 17:00:00-04:00",3.1317,3.5,3.12,3.24,3.24,0
"PROG","Progenity, Inc. - Common Stock","2021-06-14 18:00:00-04:00",3.24,3.28,3.21,3.21,3.21,0
"PROG","Progenity, Inc. - Common Stock","2021-06-14 19:00:00-04:00",3.25,3.29,3.21,3.28,3.28,0
"PROG","Progenity, Inc. - Common Stock","2021-06-15 04:00:00-04:00",3.29,3.39,3.29,3.31,3.31,0
"PROG","Progenity, Inc. - Common Stock","2021-06-15 05:00:00-04:00",3.3,3.39,3.3,3.34,3.34,0
"PROG","Progenity, Inc. - Common Stock","2021-06-15 06:00:00-04:00",3.34,3.38,3.3,3.3,3.3,0
"PROG","Progenity, Inc. - Common Stock","2021-06-15 07:00:00-04:00",3.3,3.37,3.21,3.27,3.27,0
"PROG","Progenity, Inc. - Common Stock","2021-06-15 08:00:00-04:00",3.26,3.35,3.18,3.28,3.28,0
"PROG","Progenity, Inc. - Common Stock","2021-06-15 09:00:00-04:00",3.29,3.31,3.23,3.25,3.25,0
"PROG","Progenity, Inc. - Common Stock","2021-06-15 09:30:00-04:00",3.2300000190734863,3.2799999713897705,2.9600000381469727,2.984999895095825,2.984999895095825,1274013
"PROG","Progenity, Inc. - Common Stock","2021-06-15 10:30:00-04:00",2.975399971008301,3.049999952316284,2.9600000381469727,3.015000104904175,3.015000104904175,484159
"PROG","Progenity, Inc. - Common Stock","2021-06-15 11:30:00-04:00",3.0199999809265137,3.039999961853028,2.9049999713897705,2.970000028610229,2.970000028610229,459439
"PROG","Progenity, Inc. - Common Stock","2021-06-15 12:30:00-04:00",2.9600000381469727,2.98799991607666,2.940000057220459,2.9800000190734863,2.9800000190734863,154953
"PROG","Progenity, Inc. - Common Stock","2021-06-15 13:30:00-04:00",2.977299928665161,3.109999895095825,2.9600000381469727,3.100300073623657,3.100300073623657,269108
"PROG","Progenity, Inc. - Common Stock","2021-06-15 14:30:00-04:00",3.1050000190734863,3.227799892425537,3.0799999237060547,3.130000114440918,3.130000114440918,339659
"PROG","Progenity, Inc. - Common Stock","2021-06-15 15:30:00-04:00",3.119999885559082,3.1600000858306885,3.090100049972534,3.150000095367432,3.150000095367432,151176
"PROG","Progenity, Inc. - Common Stock","2021-06-15 16:00:00-04:00",3.14,3.16,3.08,3.08,3.08,0
"PROG","Progenity, Inc. - Common Stock","2021-06-15 17:00:00-04:00",3.08,3.1,3.07,3.08,3.08,0
"PROG","Progenity, Inc. - Common Stock","2021-06-15 18:00:00-04:00",3.08,3.12,3.07,3.07,3.07,0
"PROG","Progenity, Inc. - Common Stock","2021-06-15 19:00:00-04:00",3.07,3.11,3.06,3.08,3.08,0
"PROG","Progenity, Inc. - Common Stock","2021-06-16 04:00:00-04:00",3.08,3.13,3.08,3.13,3.13,0
"PROG","Progenity, Inc. - Common Stock","2021-06-16 05:00:00-04:00",3.11,3.11,3.08,3.1,3.1,0
"PROG","Progenity, Inc. - Common Stock","2021-06-16 06:00:00-04:00",3.08,3.08,3.08,3.08,3.08,0
"PROG","Progenity, Inc. - Common Stock","2021-06-16 07:00:00-04:00",3.08,3.1,3.08,3.08,3.08,0
"PROG","Progenity, Inc. - Common Stock","2021-06-16 08:00:00-04:00",3.08,3.13,3.08,3.13,3.13,0
"PROG","Progenity, Inc. - Common Stock","2021-06-16 09:00:00-04:00",3.13,3.13,3.1,3.11,3.11,0
"PROG","Progenity, Inc. - Common Stock","2021-06-16 09:30:00-04:00",3.049999952316284,3.140000104904175,2.9600000381469727,3.015000104904175,3.015000104904175,543082
"PROG","Progenity, Inc. - Common Stock","2021-06-16 10:30:00-04:00",3.015000104904175,3.039999961853028,2.9800000190734863,3.009999990463257,3.009999990463257,168966
"PROG","Progenity, Inc. - Common Stock","2021-06-16 11:30:00-04:00",2.990000009536743,3.0299999713897705,2.950000047683716,2.9549999237060547,2.9549999237060547,271244
"PROG","Progenity, Inc. - Common Stock","2021-06-16 12:30:00-04:00",2.950000047683716,2.970000028610229,2.9200000762939453,2.934000015258789,2.934000015258789,171500
"PROG","Progenity, Inc. - Common Stock","2021-06-16 13:30:00-04:00",2.937700033187866,3.0,2.9200000762939453,2.990000009536743,2.990000009536743,227454
"PROG","Progenity, Inc. - Common Stock","2021-06-16 14:30:00-04:00",2.990000009536743,3.119999885559082,2.950000047683716,3.111500024795532,3.111500024795532,291814
"PROG","Progenity, Inc. - Common Stock","2021-06-16 15:30:00-04:00",3.11899995803833,3.140000104904175,3.069999933242798,3.140000104904175,3.140000104904175,243015
"PROG","Progenity, Inc. - Common Stock","2021-06-16 16:00:00-04:00",3.14,3.16,3.08,3.14,3.14,0
"PROG","Progenity, Inc. - Common Stock","2021-06-16 17:00:00-04:00",3.13,3.14,3.08,3.08,3.08,0
"PROG","Progenity, Inc. - Common Stock","2021-06-16 18:00:00-04:00",3.11,3.14,3.09,3.09,3.09,0
"PROG","Progenity, Inc. - Common Stock","2021-06-16 19:00:00-04:00",3.1,3.14,3.1,3.1,3.1,0
"PROG","Progenity, Inc. - Common Stock","2021-06-17 04:00:00-04:00",3.14,3.14,3.14,3.14,3.14,0
"PROG","Progenity, Inc. - Common Stock","2021-06-17 05:00:00-04:00",3.11,3.11,3.05,3.11,3.11,0
"PROG","Progenity, Inc. - Common Stock","2021-06-17 06:00:00-04:00",3.08,3.11,3.05,3.05,3.05,0
"PROG","Progenity, Inc. - Common Stock","2021-06-17 07:00:00-04:00",3.05,3.1,3.02,3.08,3.08,0
"PROG","Progenity, Inc. - Common Stock","2021-06-17 08:00:00-04:00",3.06,3.09,3.02,3.09,3.09,0
"PROG","Progenity, Inc. - Common Stock","2021-06-17 09:00:00-04:00",3.08,3.09,3.08,3.09,3.09,0
"PROG","Progenity, Inc. - Common Stock","2021-06-17 09:30:00-04:00",3.069999933242798,3.2300000190734863,3.069999933242798,3.130000114440918,3.130000114440918,311741
"PROG","Progenity, Inc. - Common Stock","2021-06-17 10:30:00-04:00",3.1449999809265137,3.159899950027466,3.0899999141693115,3.119999885559082,3.119999885559082,123203
"PROG","Progenity, Inc. - Common Stock","2021-06-17 11:30:00-04:00",3.110599994659424,3.119999885559082,3.009999990463257,3.039999961853028,3.039999961853028,148295
"PROG","Progenity, Inc. - Common Stock","2021-06-17 12:30:00-04:00",3.025000095367432,3.059999942779541,3.0100998878479004,3.059799909591675,3.059799909591675,109238
"PROG","Progenity, Inc. - Common Stock","2021-06-17 13:30:00-04:00",3.059999942779541,3.0799999237060547,3.049999952316284,3.0641000270843506,3.0641000270843506,55852
"PROG","Progenity, Inc. - Common Stock","2021-06-17 14:30:00-04:00",3.059999942779541,3.0822999477386475,3.052900075912476,3.059999942779541,3.059999942779541,63291
"PROG","Progenity, Inc. - Common Stock","2021-06-17 15:30:00-04:00",3.069999933242798,3.088900089263916,3.039999961853028,3.067600011825561,3.067600011825561,65397
"PROG","Progenity, Inc. - Common Stock","2021-06-17 16:00:00-04:00",3.08,3.1,3.05,3.06,3.06,0
"PROG","Progenity, Inc. - Common Stock","2021-06-17 17:00:00-04:00",3.07,3.07,3.03,3.06,3.06,0
"PROG","Progenity, Inc. - Common Stock","2021-06-17 18:00:00-04:00",3.07,3.07,3.06,3.06,3.06,0
"PROG","Progenity, Inc. - Common Stock","2021-06-17 19:00:00-04:00",3.04,3.0799,3.04,3.06,3.06,0
"PROG","Progenity, Inc. - Common Stock","2021-06-18 04:00:00-04:00",3.09,3.11,3.07,3.07,3.07,0
"PROG","Progenity, Inc. - Common Stock","2021-06-18 05:00:00-04:00",3.06,3.08,3.06,3.08,3.08,0
"PROG","Progenity, Inc. - Common Stock","2021-06-18 07:00:00-04:00",3.08,3.08,3.06,3.08,3.08,0
"PROG","Progenity, Inc. - Common Stock","2021-06-18 08:00:00-04:00",3.07,3.0799,3.04,3.05,3.05,0
"PROG","Progenity, Inc. - Common Stock","2021-06-18 09:00:00-04:00",3.05,3.05,3.02,3.04,3.04,0
"PROG","Progenity, Inc. - Common Stock","2021-06-18 09:30:00-04:00",3.049999952316284,3.049999952316284,2.930000066757202,2.950000047683716,2.950000047683716,408237
"PROG","Progenity, Inc. - Common Stock","2021-06-18 10:30:00-04:00",2.9600000381469727,3.0199999809265137,2.940000057220459,2.990000009536743,2.990000009536743,189483
"PROG","Progenity, Inc. - Common Stock","2021-06-18 11:30:00-04:00",2.981300115585327,3.049999952316284,2.970000028610229,3.009999990463257,3.009999990463257,136033
"PROG","Progenity, Inc. - Common Stock","2021-06-18 12:30:00-04:00",3.02239990234375,3.0299999713897705,2.9800000190734863,2.9872000217437744,2.9872000217437744,131103
"PROG","Progenity, Inc. - Common Stock","2021-06-18 13:30:00-04:00",2.984999895095825,3.009999990463257,2.95009994506836,2.997400045394897,2.997400045394897,101687
"PROG","Progenity, Inc. - Common Stock","2021-06-18 14:30:00-04:00",2.983599901199341,3.009999990463257,2.950000047683716,2.963000059127808,2.963000059127808,147625
"PROG","Progenity, Inc. - Common Stock","2021-06-18 15:30:00-04:00",2.9649999141693115,3.0199999809265137,2.9600000381469727,3.009999990463257,3.009999990463257,80887
"PROG","Progenity, Inc. - Common Stock","2021-06-18 16:00:00-04:00",3.01,3.01,2.97,2.97,2.97,0
"PROG","Progenity, Inc. - Common Stock","2021-06-18 17:00:00-04:00",2.98,2.98,2.95,2.97,2.97,0
"PROG","Progenity, Inc. - Common Stock","2021-06-18 18:00:00-04:00",2.97,2.98,2.96,2.97,2.97,0
"PROG","Progenity, Inc. - Common Stock","2021-06-18 19:00:00-04:00",2.97,2.99,2.97,2.99,2.99,0
"PROG","Progenity, Inc. - Common Stock","2021-06-21 04:00:00-04:00",3.0,3.01,2.99,2.99,2.99,0
"PROG","Progenity, Inc. - Common Stock","2021-06-21 05:00:00-04:00",3.0,3.01,3.0,3.01,3.01,0
"PROG","Progenity, Inc. - Common Stock","2021-06-21 06:00:00-04:00",3.01,3.02,2.99,3.01,3.01,0
"PROG","Progenity, Inc. - Common Stock","2021-06-21 07:00:00-04:00",3.01,3.01,3.01,3.01,3.01,0
"PROG","Progenity, Inc. - Common Stock","2021-06-21 08:00:00-04:00",3.01,3.04,2.96,3.03,3.03,0
"PROG","Progenity, Inc. - Common Stock","2021-06-21 09:00:00-04:00",3.03,3.03,3.01,3.01,3.01,0
"PROG","Progenity, Inc. - Common Stock","2021-06-21 09:30:00-04:00",3.009999990463257,3.0199999809265137,2.809999942779541,2.869999885559082,2.869999885559082,581329
"PROG","Progenity, Inc. - Common Stock","2021-06-21 10:30:00-04:00",2.880000114440918,2.940000057220459,2.869999885559082,2.930000066757202,2.930000066757202,368951
"PROG","Progenity, Inc. - Common Stock","2021-06-21 11:30:00-04:00",2.930000066757202,3.069999933242798,2.930000066757202,3.0450000762939453,3.0450000762939453,169704
"PROG","Progenity, Inc. - Common Stock","2021-06-21 12:30:00-04:00",3.0450000762939453,3.240000009536743,3.039999961853028,3.190000057220459,3.190000057220459,508433
"PROG","Progenity, Inc. - Common Stock","2021-06-21 13:30:00-04:00",3.184999942779541,3.2100000381469727,3.1050000190734863,3.140000104904175,3.140000104904175,219657
"PROG","Progenity, Inc. - Common Stock","2021-06-21 14:30:00-04:00",3.140000104904175,3.180000066757202,3.130000114440918,3.1700000762939453,3.1700000762939453,150305
"PROG","Progenity, Inc. - Common Stock","2021-06-21 15:30:00-04:00",3.1684000492095947,3.240000009536743,3.150000095367432,3.240000009536743,3.240000009536743,271094
"PROG","Progenity, Inc. - Common Stock","2021-06-21 16:00:00-04:00",3.2301,3.25,3.21,3.25,3.25,0
"PROG","Progenity, Inc. - Common Stock","2021-06-21 17:00:00-04:00",3.25,3.25,3.22,3.25,3.25,0
"PROG","Progenity, Inc. - Common Stock","2021-06-21 18:00:00-04:00",3.25,3.26,3.22,3.26,3.26,0
"PROG","Progenity, Inc. - Common Stock","2021-06-21 19:00:00-04:00",3.26,3.31,3.26,3.31,3.31,0
"PROG","Progenity, Inc. - Common Stock","2021-06-22 04:00:00-04:00",3.31,3.37,3.3,3.3,3.3,0
"PROG","Progenity, Inc. - Common Stock","2021-06-22 05:00:00-04:00",3.3,3.37,3.29,3.37,3.37,0
"PROG","Progenity, Inc. - Common Stock","2021-06-22 06:00:00-04:00",3.37,3.43,3.37,3.43,3.43,0
"PROG","Progenity, Inc. - Common Stock","2021-06-22 07:00:00-04:00",3.4,3.45,3.33,3.36,3.36,0
"PROG","Progenity, Inc. - Common Stock","2021-06-22 08:00:00-04:00",3.33,3.4,3.25,3.36,3.36,0
"PROG","Progenity, Inc. - Common Stock","2021-06-22 09:00:00-04:00",3.36,3.36,3.25,3.27,3.27,0
"PROG","Progenity, Inc. - Common Stock","2021-06-22 09:30:00-04:00",3.3289999961853027,3.380000114440918,3.150099992752075,3.184999942779541,3.184999942779541,639727
"PROG","Progenity, Inc. - Common Stock","2021-06-22 10:30:00-04:00",3.180000066757202,3.200000047683716,3.119999885559082,3.177999973297119,3.177999973297119,147632
"PROG","Progenity, Inc. - Common Stock","2021-06-22 11:30:00-04:00",3.184999942779541,3.190000057220459,3.109999895095825,3.1600000858306885,3.1600000858306885,161811
"PROG","Progenity, Inc. - Common Stock","2021-06-22 12:30:00-04:00",3.140000104904175,3.180000066757202,3.121000051498413,3.121000051498413,3.121000051498413,110634
"PROG","Progenity, Inc. - Common Stock","2021-06-22 13:30:00-04:00",3.125,3.1600000858306885,3.109999895095825,3.1600000858306885,3.1600000858306885,63805
"PROG","Progenity, Inc. - Common Stock","2021-06-22 14:30:00-04:00",3.150000095367432,3.200000047683716,3.140000104904175,3.184999942779541,3.184999942779541,91082
"PROG","Progenity, Inc. - Common Stock","2021-06-22 15:30:00-04:00",3.184999942779541,3.240000009536743,3.180000066757202,3.240000009536743,3.240000009536743,117461
"PROG","Progenity, Inc. - Common Stock","2021-06-22 16:00:00-04:00",3.25,3.25,3.23,3.23,3.23,0
"PROG","Progenity, Inc. - Common Stock","2021-06-22 17:00:00-04:00",3.24,3.24,3.18,3.18,3.18,0
"PROG","Progenity, Inc. - Common Stock","2021-06-22 18:00:00-04:00",3.2,3.21,3.2,3.21,3.21,0
"PROG","Progenity, Inc. - Common Stock","2021-06-22 19:00:00-04:00",3.23,3.23,3.18,3.2,3.2,0
"PROG","Progenity, Inc. - Common Stock","2021-06-23 04:00:00-04:00",3.23,3.23,3.19,3.19,3.19,0
"PROG","Progenity, Inc. - Common Stock","2021-06-23 07:00:00-04:00",3.2,3.2,3.2,3.2,3.2,0
"PROG","Progenity, Inc. - Common Stock","2021-06-23 08:00:00-04:00",3.24,3.27,3.24,3.25,3.25,0
"PROG","Progenity, Inc. - Common Stock","2021-06-23 09:00:00-04:00",3.26,3.2601,3.18,3.26,3.26,0
"PROG","Progenity, Inc. - Common Stock","2021-06-23 09:30:00-04:00",3.200000047683716,3.25,3.109999895095825,3.1600000858306885,3.1600000858306885,241745
"PROG","Progenity, Inc. - Common Stock","2021-06-23 10:30:00-04:00",3.157999992370605,3.180000066757202,3.109999895095825,3.140000104904175,3.140000104904175,93369
"PROG","Progenity, Inc. - Common Stock","2021-06-23 11:30:00-04:00",3.134999990463257,3.180000066757202,3.131500005722046,3.150000095367432,3.150000095367432,79934
"PROG","Progenity, Inc. - Common Stock","2021-06-23 12:30:00-04:00",3.1561999320983887,3.167200088500977,3.130000114440918,3.166899919509888,3.166899919509888,39981
"PROG","Progenity, Inc. - Common Stock","2021-06-23 13:30:00-04:00",3.166599988937378,3.190000057220459,3.150000095367432,3.190000057220459,3.190000057220459,67157
"PROG","Progenity, Inc. - Common Stock","2021-06-23 14:30:00-04:00",3.200000047683716,3.390000104904175,3.200000047683716,3.380000114440918,3.380000114440918,805129
"PROG","Progenity, Inc. - Common Stock","2021-06-23 15:30:00-04:00",3.380000114440918,3.400000095367432,3.3301000595092773,3.3566999435424805,3.3566999435424805,452880
"PROG","Progenity, Inc. - Common Stock","2021-06-23 16:00:00-04:00",3.37,3.39,3.3301,3.35,3.35,0
"PROG","Progenity, Inc. - Common Stock","2021-06-23 17:00:00-04:00",3.3399,3.35,3.3,3.35,3.35,0
"PROG","Progenity, Inc. - Common Stock","2021-06-23 18:00:00-04:00",3.31,3.35,3.31,3.35,3.35,0
"PROG","Progenity, Inc. - Common Stock","2021-06-23 19:00:00-04:00",3.35,3.38,3.31,3.31,3.31,0
"PROG","Progenity, Inc. - Common Stock","2021-06-24 04:00:00-04:00",3.36,3.36,3.36,3.36,3.36,0
"PROG","Progenity, Inc. - Common Stock","2021-06-24 05:00:00-04:00",3.37,3.37,3.37,3.37,3.37,0
"PROG","Progenity, Inc. - Common Stock","2021-06-24 06:00:00-04:00",3.39,3.39,3.37,3.37,3.37,0
"PROG","Progenity, Inc. - Common Stock","2021-06-24 08:00:00-04:00",3.4,3.44,3.37,3.44,3.44,0
"PROG","Progenity, Inc. - Common Stock","2021-06-24 09:00:00-04:00",3.42,3.43,3.38,3.4,3.4,0
"PROG","Progenity, Inc. - Common Stock","2021-06-24 09:30:00-04:00",3.408499956130981,3.740000009536743,3.2699999809265137,3.5999999046325684,3.5999999046325684,2488168
"PROG","Progenity, Inc. - Common Stock","2021-06-24 10:30:00-04:00",3.625,3.700000047683716,3.450000047683716,3.4999001026153564,3.4999001026153564,1163450
"PROG","Progenity, Inc. - Common Stock","2021-06-24 11:30:00-04:00",3.470099925994873,3.559999942779541,3.4672999382019043,3.5439999103546143,3.5439999103546143,412372
"PROG","Progenity, Inc. - Common Stock","2021-06-24 12:30:00-04:00",3.539999961853028,3.5999999046325684,3.5199999809265137,3.5899999141693115,3.5899999141693115,313612
"PROG","Progenity, Inc. - Common Stock","2021-06-24 13:30:00-04:00",3.596400022506714,3.6319000720977774,3.549999952316284,3.5840001106262207,3.5840001106262207,214123
"PROG","Progenity, Inc. - Common Stock","2021-06-24 14:30:00-04:00",3.5799999237060547,3.588599920272827,3.490000009536743,3.510200023651123,3.510200023651123,186450
"PROG","Progenity, Inc. - Common Stock","2021-06-24 15:30:00-04:00",3.509999990463257,3.549999952316284,3.4800000190734863,3.539900064468384,3.539900064468384,301751
"PROG","Progenity, Inc. - Common Stock","2021-06-24 16:00:00-04:00",3.55,3.62,3.55,3.6,3.6,0
"PROG","Progenity, Inc. - Common Stock","2021-06-24 17:00:00-04:00",3.59,3.67,3.59,3.66,3.66,0
"PROG","Progenity, Inc. - Common Stock","2021-06-24 18:00:00-04:00",3.66,3.7,3.6,3.62,3.62,0
"PROG","Progenity, Inc. - Common Stock","2021-06-24 19:00:00-04:00",3.63,3.63,3.56,3.61,3.61,0
"PROG","Progenity, Inc. - Common Stock","2021-06-25 04:00:00-04:00",3.65,3.65,3.6,3.61,3.61,0
"PROG","Progenity, Inc. - Common Stock","2021-06-25 05:00:00-04:00",3.61,3.61,3.61,3.61,3.61,0
"PROG","Progenity, Inc. - Common Stock","2021-06-25 07:00:00-04:00",3.57,3.61,3.57,3.6,3.6,0
"PROG","Progenity, Inc. - Common Stock","2021-06-25 08:00:00-04:00",3.6,3.6474,3.57,3.62,3.62,0
"PROG","Progenity, Inc. - Common Stock","2021-06-25 09:00:00-04:00",3.61,3.7,3.61,3.65,3.65,0
"PROG","Progenity, Inc. - Common Stock","2021-06-25 09:30:00-04:00",3.650000095367432,3.809999942779541,3.470000028610229,3.609999895095825,3.609999895095825,1090383
"PROG","Progenity, Inc. - Common Stock","2021-06-25 10:30:00-04:00",3.617199897766113,3.700000047683716,3.509999990463257,3.670000076293945,3.670000076293945,419056
"PROG","Progenity, Inc. - Common Stock","2021-06-25 11:30:00-04:00",3.670000076293945,3.940000057220459,3.619999885559082,3.930000066757202,3.930000066757202,832459
"PROG","Progenity, Inc. - Common Stock","2021-06-25 12:30:00-04:00",3.930000066757202,3.940000057220459,3.7300000190734863,3.809999942779541,3.809999942779541,501227
"PROG","Progenity, Inc. - Common Stock","2021-06-25 13:30:00-04:00",3.819999933242798,3.839999914169312,3.7300000190734863,3.7725000381469727,3.7725000381469727,242316
"PROG","Progenity, Inc. - Common Stock","2021-06-25 14:30:00-04:00",3.7799999713897705,3.839999914169312,3.759999990463257,3.759999990463257,3.759999990463257,205633
"PROG","Progenity, Inc. - Common Stock","2021-06-25 15:30:00-04:00",3.760099887847901,3.940000057220459,3.7200000286102295,3.934999942779541,3.934999942779541,485308
"PROG","Progenity, Inc. - Common Stock","2021-06-25 16:00:00-04:00",3.95,3.9506,3.9,3.9,3.9,0
"PROG","Progenity, Inc. - Common Stock","2021-06-25 17:00:00-04:00",3.9,3.92,3.9,3.92,3.92,0
"PROG","Progenity, Inc. - Common Stock","2021-06-25 18:00:00-04:00",3.95,3.95,3.9,3.95,3.95,0
"PROG","Progenity, Inc. - Common Stock","2021-06-25 19:00:00-04:00",3.94,3.94,3.92,3.92,3.92,0
"PROG","Progenity, Inc. - Common Stock","2021-06-28 04:00:00-04:00",3.94,3.95,3.91,3.92,3.92,0
"PROG","Progenity, Inc. - Common Stock","2021-06-28 05:00:00-04:00",3.9,3.94,3.9,3.93,3.93,0
"PROG","Progenity, Inc. - Common Stock","2021-06-28 06:00:00-04:00",3.94,3.94,3.92,3.92,3.92,0
"PROG","Progenity, Inc. - Common Stock","2021-06-28 07:00:00-04:00",3.94,3.99,3.9,3.99,3.99,0
"PROG","Progenity, Inc. - Common Stock","2021-06-28 08:00:00-04:00",3.91,3.98,3.85,3.9,3.9,0
"PROG","Progenity, Inc. - Common Stock","2021-06-28 09:00:00-04:00",3.89,3.96,3.8809,3.92,3.92,0
"PROG","Progenity, Inc. - Common Stock","2021-06-28 09:30:00-04:00",3.859999895095825,3.900000095367432,3.650000095367432,3.7778000831604,3.7778000831604,679272
"PROG","Progenity, Inc. - Common Stock","2021-06-28 10:30:00-04:00",3.770100116729736,3.839999914169312,3.7699999809265137,3.83870005607605,3.83870005607605,169184
"PROG","Progenity, Inc. - Common Stock","2021-06-28 11:30:00-04:00",3.829999923706055,3.859999895095825,3.7799999713897705,3.803900003433228,3.803900003433228,174714
"PROG","Progenity, Inc. - Common Stock","2021-06-28 12:30:00-04:00",3.809000015258789,3.809000015258789,3.690000057220459,3.690000057220459,3.690000057220459,190126
"PROG","Progenity, Inc. - Common Stock","2021-06-28 13:30:00-04:00",3.697000026702881,3.740000009536743,3.680000066757202,3.740000009536743,3.740000009536743,134435
"PROG","Progenity, Inc. - Common Stock","2021-06-28 14:30:00-04:00",3.744999885559082,3.75,3.690000057220459,3.741400003433228,3.741400003433228,222584
"PROG","Progenity, Inc. - Common Stock","2021-06-28 15:30:00-04:00",3.748800039291382,3.7899999618530273,3.740000009536743,3.7400999069213854,3.7400999069213854,179996
"PROG","Progenity, Inc. - Common Stock","2021-06-28 16:00:00-04:00",3.74,3.8,3.74,3.8,3.8,0
"PROG","Progenity, Inc. - Common Stock","2021-06-28 17:00:00-04:00",3.78,3.8,3.74,3.74,3.74,0
"PROG","Progenity, Inc. - Common Stock","2021-06-28 18:00:00-04:00",3.77,3.8,3.77,3.8,3.8,0
"PROG","Progenity, Inc. - Common Stock","2021-06-28 19:00:00-04:00",3.8,3.81,3.8,3.81,3.81,0
"PROG","Progenity, Inc. - Common Stock","2021-06-29 04:00:00-04:00",3.81,3.81,3.75,3.75,3.75,0
"PROG","Progenity, Inc. - Common Stock","2021-06-29 05:00:00-04:00",3.81,3.81,3.77,3.81,3.81,0
"PROG","Progenity, Inc. - Common Stock","2021-06-29 06:00:00-04:00",3.81,3.81,3.8,3.81,3.81,0
"PROG","Progenity, Inc. - Common Stock","2021-06-29 07:00:00-04:00",3.84,3.85,3.79,3.84,3.84,0
"PROG","Progenity, Inc. - Common Stock","2021-06-29 08:00:00-04:00",3.84,3.86,3.84,3.86,3.86,0
"PROG","Progenity, Inc. - Common Stock","2021-06-29 09:00:00-04:00",3.85,3.85,3.75,3.75,3.75,0
"PROG","Progenity, Inc. - Common Stock","2021-06-29 09:30:00-04:00",3.75,3.799999952316284,3.559999942779541,3.6449999809265137,3.6449999809265137,465051
"PROG","Progenity, Inc. - Common Stock","2021-06-29 10:30:00-04:00",3.650000095367432,3.75,3.640000104904175,3.674999952316284,3.674999952316284,245270
"PROG","Progenity, Inc. - Common Stock","2021-06-29 11:30:00-04:00",3.672100067138672,3.674999952316284,3.585700035095215,3.617300033569336,3.617300033569336,195533
"PROG","Progenity, Inc. - Common Stock","2021-06-29 12:30:00-04:00",3.61989998817444,3.630000114440918,3.602499961853028,3.6287999153137207,3.6287999153137207,39157
"PROG","Progenity, Inc. - Common Stock","2021-06-29 13:30:00-04:00",3.6217000484466553,3.628599882125856,3.569999933242798,3.609999895095825,3.609999895095825,112904
"PROG","Progenity, Inc. - Common Stock","2021-06-29 14:30:00-04:00",3.609999895095825,3.609999895095825,3.470000028610229,3.4800000190734863,3.4800000190734863,328122
"PROG","Progenity, Inc. - Common Stock","2021-06-29 15:30:00-04:00",3.4800000190734863,3.569999933242798,3.4200000762939453,3.569999933242798,3.569999933242798,337374
"PROG","Progenity, Inc. - Common Stock","2021-06-29 16:00:00-04:00",3.56,3.6,3.5,3.5,3.5,0
"PROG","Progenity, Inc. - Common Stock","2021-06-29 17:00:00-04:00",3.5035,3.55,3.5,3.54,3.54,0
"PROG","Progenity, Inc. - Common Stock","2021-06-30 18:00:00-04:00",3.56,3.63,3.56,3.63,3.63,0
"PROG","Progenity, Inc. - Common Stock","2021-06-30 19:00:00-04:00",3.58,3.61,3.56,3.61,3.61,0
"PROG","Progenity, Inc. - Common Stock","2021-07-01 04:00:00-04:00",3.55,3.55,3.55,3.55,3.55,0
"PROG","Progenity, Inc. - Common Stock","2021-07-01 06:00:00-04:00",3.57,3.57,3.57,3.57,3.57,0
"PROG","Progenity, Inc. - Common Stock","2021-07-01 08:00:00-04:00",3.57,3.63,3.55,3.55,3.55,0
"PROG","Progenity, Inc. - Common Stock","2021-07-01 09:30:00-04:00",3.549999952316284,3.569999933242798,3.4200000762939453,3.450000047683716,3.450000047683716,278817
"PROG","Progenity, Inc. - Common Stock","2021-07-01 10:30:00-04:00",3.442100048065185,3.4600000381469727,3.319999933242798,3.400000095367432,3.400000095367432,304461
"PROG","Progenity, Inc. - Common Stock","2021-07-01 11:30:00-04:00",3.4200000762939453,3.430000066757202,3.380000114440918,3.430000066757202,3.430000066757202,221579
"PROG","Progenity, Inc. - Common Stock","2021-07-01 12:30:00-04:00",3.4223999977111816,3.4600000381469727,3.400000095367432,3.430000066757202,3.430000066757202,139685
"PROG","Progenity, Inc. - Common Stock","2021-07-01 13:30:00-04:00",3.4358999729156494,3.440000057220459,3.400000095367432,3.4131999015808105,3.4131999015808105,53063
"PROG","Progenity, Inc. - Common Stock","2021-07-01 14:30:00-04:00",3.430000066757202,3.450000047683716,3.400000095367432,3.430000066757202,3.430000066757202,119595
"PROG","Progenity, Inc. - Common Stock","2021-07-01 15:30:00-04:00",3.440000057220459,3.450000047683716,3.4100000858306885,3.4100000858306885,3.4100000858306885,81259
"PROG","Progenity, Inc. - Common Stock","2021-07-01 16:00:00-04:00",3.41,3.45,3.41,3.45,3.45,0
"PROG","Progenity, Inc. - Common Stock","2021-07-01 17:00:00-04:00",3.4201,3.45,3.4,3.4,3.4,0
"PROG","Progenity, Inc. - Common Stock","2021-07-01 18:00:00-04:00",3.39,3.42,3.3701,3.42,3.42,0
"PROG","Progenity, Inc. - Common Stock","2021-07-01 19:00:00-04:00",3.41,3.45,3.41,3.45,3.45,0
"PROG","Progenity, Inc. - Common Stock","2021-07-02 06:00:00-04:00",3.4,3.4,3.4,3.4,3.4,0
"PROG","Progenity, Inc. - Common Stock","2021-07-02 08:00:00-04:00",3.41,3.48,3.41,3.41,3.41,0
"PROG","Progenity, Inc. - Common Stock","2021-07-02 09:00:00-04:00",3.41,3.45,3.41,3.45,3.45,0
"PROG","Progenity, Inc. - Common Stock","2021-07-02 09:30:00-04:00",3.430000066757202,3.440000057220459,3.25,3.266200065612793,3.266200065612793,486274
"PROG","Progenity, Inc. - Common Stock","2021-07-02 10:30:00-04:00",3.26990008354187,3.2799999713897705,3.200000047683716,3.2699999809265137,3.2699999809265137,238527
"PROG","Progenity, Inc. - Common Stock","2021-07-02 11:30:00-04:00",3.2799999713897705,3.380000114440918,3.259999990463257,3.3299999237060547,3.3299999237060547,609000
"PROG","Progenity, Inc. - Common Stock","2021-07-02 12:30:00-04:00",3.3299999237060547,3.4100000858306885,3.299999952316284,3.380000114440918,3.380000114440918,270086
"PROG","Progenity, Inc. - Common Stock","2021-07-02 13:30:00-04:00",3.400000095367432,3.4100000858306885,3.3499999046325684,3.392899990081787,3.392899990081787,210017
"PROG","Progenity, Inc. - Common Stock","2021-07-02 14:30:00-04:00",3.400000095367432,3.400000095367432,3.369999885559082,3.380000114440918,3.380000114440918,95177
"PROG","Progenity, Inc. - Common Stock","2021-07-02 15:30:00-04:00",3.390000104904175,3.4200000762939453,3.369999885559082,3.369999885559082,3.369999885559082,179935
"PROG","Progenity, Inc. - Common Stock","2021-07-02 16:00:00-04:00",3.39,3.42,3.27,3.35,3.35,0
"PROG","Progenity, Inc. - Common Stock","2021-07-02 17:00:00-04:00",3.34,3.375,3.3,3.37,3.37,0
"PROG","Progenity, Inc. - Common Stock","2021-07-02 18:00:00-04:00",3.37,3.37,3.37,3.37,3.37,0
"PROG","Progenity, Inc. - Common Stock","2021-07-02 19:00:00-04:00",3.37,3.37,3.35,3.37,3.37,0
"PROG","Progenity, Inc. - Common Stock","2021-07-06 04:00:00-04:00",3.39,3.39,3.35,3.35,3.35,0
"PROG","Progenity, Inc. - Common Stock","2021-07-06 06:00:00-04:00",3.35,3.35,3.35,3.35,3.35,0
"PROG","Progenity, Inc. - Common Stock","2021-07-06 07:00:00-04:00",3.28,3.32,3.27,3.31,3.31,0
"PROG","Progenity, Inc. - Common Stock","2021-07-06 08:00:00-04:00",3.32,3.38,3.3,3.34,3.34,0
"PROG","Progenity, Inc. - Common Stock","2021-07-06 09:00:00-04:00",3.34,3.378,3.33,3.34,3.34,0
"PROG","Progenity, Inc. - Common Stock","2021-07-06 09:30:00-04:00",3.380000114440918,3.380000114440918,3.130000114440918,3.2699999809265137,3.2699999809265137,586998
"PROG","Progenity, Inc. - Common Stock","2021-07-06 10:30:00-04:00",3.272700071334839,3.3499999046325684,3.25,3.2964000701904297,3.2964000701904297,114406
"PROG","Progenity, Inc. - Common Stock","2021-07-06 11:30:00-04:00",3.2850000858306885,3.289999961853028,3.200000047683716,3.220000028610229,3.220000028610229,124083
"PROG","Progenity, Inc. - Common Stock","2021-07-06 12:30:00-04:00",3.2300000190734863,3.2699999809265137,3.200000047683716,3.259999990463257,3.259999990463257,105609
"PROG","Progenity, Inc. - Common Stock","2021-07-06 13:30:00-04:00",3.23009991645813,3.259999990463257,3.190000057220459,3.2014000415802,3.2014000415802,103719
"PROG","Progenity, Inc. - Common Stock","2021-07-06 14:30:00-04:00",3.2090001106262207,3.25,3.150000095367432,3.2355000972747803,3.2355000972747803,175837
"PROG","Progenity, Inc. - Common Stock","2021-07-06 15:30:00-04:00",3.240000009536743,3.25,3.190000057220459,3.2100000381469727,3.2100000381469727,78404
"PROG","Progenity, Inc. - Common Stock","2021-07-06 16:00:00-04:00",3.2,3.2,3.2,3.2,3.2,0
"PROG","Progenity, Inc. - Common Stock","2021-07-06 17:00:00-04:00",3.22,3.22,3.21,3.21,3.21,0
"PROG","Progenity, Inc. - Common Stock","2021-07-06 18:00:00-04:00",3.22,3.24,3.21,3.21,3.21,0
"PROG","Progenity, Inc. - Common Stock","2021-07-06 19:00:00-04:00",3.24,3.24,3.21,3.23,3.23,0
"PROG","Progenity, Inc. - Common Stock","2021-07-07 04:00:00-04:00",3.24,3.25,3.24,3.25,3.25,0
"PROG","Progenity, Inc. - Common Stock","2021-07-07 07:00:00-04:00",3.4,3.4,3.2,3.32,3.32,0
"PROG","Progenity, Inc. - Common Stock","2021-07-07 08:00:00-04:00",3.29,3.39,3.21,3.22,3.22,0
"PROG","Progenity, Inc. - Common Stock","2021-07-07 09:00:00-04:00",3.22,3.2799,3.19,3.2799,3.2799,0
"PROG","Progenity, Inc. - Common Stock","2021-07-07 09:30:00-04:00",3.214600086212158,3.299999952316284,3.0299999713897705,3.0387001037597656,3.0387001037597656,486923
"PROG","Progenity, Inc. - Common Stock","2021-07-07 10:30:00-04:00",3.0299999713897705,3.0999999046325684,2.9100000858306885,3.061199903488159,3.061199903488159,523263
"PROG","Progenity, Inc. - Common Stock","2021-07-07 11:30:00-04:00",3.060100078582764,3.140000104904175,3.041800022125244,3.0799999237060547,3.0799999237060547,136578
"PROG","Progenity, Inc. - Common Stock","2021-07-07 12:30:00-04:00",3.099900007247925,3.1198999881744385,3.059999942779541,3.0799999237060547,3.0799999237060547,66999
"PROG","Progenity, Inc. - Common Stock","2021-07-07 13:30:00-04:00",3.081199884414673,3.119999885559082,3.069999933242798,3.0969998836517334,3.0969998836517334,123125
"PROG","Progenity, Inc. - Common Stock","2021-07-07 14:30:00-04:00",3.0999999046325684,3.119999885559082,3.060100078582764,3.108999967575073,3.108999967575073,132223
"PROG","Progenity, Inc. - Common Stock","2021-07-07 15:30:00-04:00",3.110100030899048,3.119999885559082,3.059999942779541,3.069999933242798,3.069999933242798,135407
"PROG","Progenity, Inc. - Common Stock","2021-07-07 16:00:00-04:00",3.09,3.12,3.03,3.11,3.11,0
"PROG","Progenity, Inc. - Common Stock","2021-07-07 17:00:00-04:00",3.1,3.11,3.07,3.1,3.1,0
"PROG","Progenity, Inc. - Common Stock","2021-07-07 18:00:00-04:00",3.11,3.11,3.11,3.11,3.11,0
"PROG","Progenity, Inc. - Common Stock","2021-07-07 19:00:00-04:00",3.09,3.09,3.08,3.09,3.09,0
"PROG","Progenity, Inc. - Common Stock","2021-07-08 04:00:00-04:00",2.99,2.99,2.98,2.98,2.98,0
"PROG","Progenity, Inc. - Common Stock","2021-07-08 05:00:00-04:00",2.98,2.98,2.92,2.92,2.92,0
"PROG","Progenity, Inc. - Common Stock","2021-07-08 07:00:00-04:00",3.01,3.08,2.99,2.99,2.99,0
"PROG","Progenity, Inc. - Common Stock","2021-07-08 08:00:00-04:00",2.99,3.05,2.97,3.02,3.02,0
"PROG","Progenity, Inc. - Common Stock","2021-07-08 09:00:00-04:00",3.02,3.05,2.95,2.97,2.97,0
"PROG","Progenity, Inc. - Common Stock","2021-07-08 09:30:00-04:00",3.0,3.059999942779541,2.930000066757202,3.0401999950408936,3.0401999950408936,456995
"PROG","Progenity, Inc. - Common Stock","2021-07-08 10:30:00-04:00",3.039999961853028,3.049999952316284,2.9600000381469727,2.9800000190734863,2.9800000190734863,105026
"PROG","Progenity, Inc. - Common Stock","2021-07-08 11:30:00-04:00",3.0032999515533447,3.0299999713897705,2.950000047683716,3.0106000900268555,3.0106000900268555,32310
"PROG","Progenity, Inc. - Common Stock","2021-07-08 12:30:00-04:00",2.9800000190734863,3.01990008354187,2.9600000381469727,2.970000028610229,2.970000028610229,89660
"PROG","Progenity, Inc. - Common Stock","2021-07-08 13:30:00-04:00",2.9800000190734863,3.0,2.940000057220459,2.9800000190734863,2.9800000190734863,92365
"PROG","Progenity, Inc. - Common Stock","2021-07-08 14:30:00-04:00",2.9749999046325684,3.005000114440918,2.930000066757202,2.9800000190734863,2.9800000190734863,167602
"PROG","Progenity, Inc. - Common Stock","2021-07-08 15:30:00-04:00",2.990000009536743,2.994999885559082,2.940000057220459,2.969899892807007,2.969899892807007,207029
"PROG","Progenity, Inc. - Common Stock","2021-07-08 16:00:00-04:00",2.96,2.96,2.95,2.96,2.96,0
"PROG","Progenity, Inc. - Common Stock","2021-07-08 17:00:00-04:00",2.95,2.9601,2.95,2.96,2.96,0
"PROG","Progenity, Inc. - Common Stock","2021-07-08 18:00:00-04:00",2.98,3.05,2.98,2.99,2.99,0
"PROG","Progenity, Inc. - Common Stock","2021-07-08 19:00:00-04:00",3.05,3.1,2.99,3.06,3.06,0
"PROG","Progenity, Inc. - Common Stock","2021-07-09 07:00:00-04:00",3.02,3.03,3.0,3.0,3.0,0
"PROG","Progenity, Inc. - Common Stock","2021-07-09 08:00:00-04:00",3.0,3.089,3.0,3.0,3.0,0
"PROG","Progenity, Inc. - Common Stock","2021-07-09 09:00:00-04:00",3.0,3.01,3.0,3.0,3.0,0
"PROG","Progenity, Inc. - Common Stock","2021-07-09 09:30:00-04:00",3.009999990463257,3.0799999237060547,2.98009991645813,3.0199999809265137,3.0199999809265137,242383
"PROG","Progenity, Inc. - Common Stock","2021-07-09 10:30:00-04:00",3.0199999809265137,3.061599969863892,2.9600000381469727,3.061599969863892,3.061599969863892,196569
"PROG","Progenity, Inc. - Common Stock","2021-07-09 11:30:00-04:00",3.049999952316284,3.1147000789642334,3.0,3.064500093460083,3.064500093460083,214165
"PROG","Progenity, Inc. - Common Stock","2021-07-09 12:30:00-04:00",3.059999942779541,3.200000047683716,3.0299999713897705,3.200000047683716,3.200000047683716,284323
"PROG","Progenity, Inc. - Common Stock","2021-07-09 13:30:00-04:00",3.199899911880493,3.199899911880493,3.039999961853028,3.1040000915527344,3.1040000915527344,561704
"PROG","Progenity, Inc. - Common Stock","2021-07-09 14:30:00-04:00",3.115000009536743,3.1700000762939453,3.0299999713897705,3.060699939727783,3.060699939727783,346308
"PROG","Progenity, Inc. - Common Stock","2021-07-09 15:30:00-04:00",3.059999942779541,3.0999999046325684,2.990000009536743,3.009999990463257,3.009999990463257,436634
"PROG","Progenity, Inc. - Common Stock","2021-07-09 16:00:00-04:00",3.03,3.08,3.03,3.08,3.08,0
"PROG","Progenity, Inc. - Common Stock","2021-07-09 17:00:00-04:00",3.07,3.07,3.07,3.07,3.07,0
"PROG","Progenity, Inc. - Common Stock","2021-07-09 18:00:00-04:00",3.07,3.07,3.07,3.07,3.07,0
"PROG","Progenity, Inc. - Common Stock","2021-07-09 19:00:00-04:00",3.07,3.15,3.07,3.07,3.07,0
"PROG","Progenity, Inc. - Common Stock","2021-07-12 04:00:00-04:00",3.07,3.07,3.07,3.07,3.07,0
"PROG","Progenity, Inc. - Common Stock","2021-07-12 06:00:00-04:00",3.16,3.23,3.16,3.23,3.23,0
"PROG","Progenity, Inc. - Common Stock","2021-07-12 07:00:00-04:00",3.07,3.08,3.05,3.08,3.08,0
"PROG","Progenity, Inc. - Common Stock","2021-07-12 08:00:00-04:00",3.09,3.1,3.06,3.09,3.09,0
"PROG","Progenity, Inc. - Common Stock","2021-07-12 09:00:00-04:00",3.09,3.2,3.07,3.1,3.1,0
"PROG","Progenity, Inc. - Common Stock","2021-07-12 09:30:00-04:00",3.0799999237060547,3.130000114440918,3.0,3.059999942779541,3.059999942779541,314796
"PROG","Progenity, Inc. - Common Stock","2021-07-12 10:30:00-04:00",3.039999961853028,3.0799999237060547,2.990000009536743,3.0199999809265137,3.0199999809265137,305156
"PROG","Progenity, Inc. - Common Stock","2021-07-12 11:30:00-04:00",3.015000104904175,3.0299999713897705,3.0,3.0299999713897705,3.0299999713897705,60266
"PROG","Progenity, Inc. - Common Stock","2021-07-12 12:30:00-04:00",3.0383999347686768,3.0450000762939453,2.9800000190734863,3.009999990463257,3.009999990463257,98191
"PROG","Progenity, Inc. - Common Stock","2021-07-12 13:30:00-04:00",3.0,3.0385000705718994,3.0,3.0199999809265137,3.0199999809265137,66025
"PROG","Progenity, Inc. - Common Stock","2021-07-12 14:30:00-04:00",3.011699914932251,3.0299999713897705,2.990000009536743,3.009999990463257,3.009999990463257,84218
"PROG","Progenity, Inc. - Common Stock","2021-07-12 15:30:00-04:00",3.005000114440918,3.0199999809265137,2.9600000381469727,3.009999990463257,3.009999990463257,113731
"PROG","Progenity, Inc. - Common Stock","2021-07-12 16:00:00-04:00",3.01,3.03,2.97,3.0,3.0,0
"PROG","Progenity, Inc. - Common Stock","2021-07-12 17:00:00-04:00",3.0295,3.03,3.02,3.02,3.02,0
"PROG","Progenity, Inc. - Common Stock","2021-07-12 18:00:00-04:00",3.0,3.01,3.0,3.0,3.0,0
"PROG","Progenity, Inc. - Common Stock","2021-07-12 19:00:00-04:00",3.0,3.01,2.97,3.01,3.01,0
"PROG","Progenity, Inc. - Common Stock","2021-07-13 04:00:00-04:00",2.97,2.97,2.97,2.97,2.97,0
"PROG","Progenity, Inc. - Common Stock","2021-07-13 05:00:00-04:00",2.96,2.96,2.95,2.95,2.95,0
"PROG","Progenity, Inc. - Common Stock","2021-07-13 07:00:00-04:00",3.01,3.03,3.01,3.03,3.03,0
"PROG","Progenity, Inc. - Common Stock","2021-07-13 08:00:00-04:00",3.0,3.02,2.99,3.0,3.0,0
"PROG","Progenity, Inc. - Common Stock","2021-07-13 09:00:00-04:00",3.09,3.09,2.99,3.0,3.0,0
"PROG","Progenity, Inc. - Common Stock","2021-07-13 09:30:00-04:00",3.009999990463257,3.069999933242798,2.9100000858306885,2.9486000537872314,2.9486000537872314,251686
"PROG","Progenity, Inc. - Common Stock","2021-07-13 10:30:00-04:00",2.944999933242798,2.970000028610229,2.900000095367432,2.930000066757202,2.930000066757202,219356
"PROG","Progenity, Inc. - Common Stock","2021-07-13 11:30:00-04:00",2.9100000858306885,2.930000066757202,2.8499999046325684,2.900000095367432,2.900000095367432,284080
"PROG","Progenity, Inc. - Common Stock","2021-07-13 12:30:00-04:00",2.900000095367432,2.9298999309539795,2.890000104904175,2.900099992752075,2.900099992752075,142447
"PROG","Progenity, Inc. - Common Stock","2021-07-13 13:30:00-04:00",2.911600112915039,2.911600112915039,2.859999895095825,2.880000114440918,2.880000114440918,144383
"PROG","Progenity, Inc. - Common Stock","2021-07-13 14:30:00-04:00",2.884999990463257,2.994999885559082,2.884999990463257,2.9100000858306885,2.9100000858306885,348865
"PROG","Progenity, Inc. - Common Stock","2021-07-13 15:30:00-04:00",2.9200000762939453,2.9200000762939453,2.859999895095825,2.880000114440918,2.880000114440918,277893
"PROG","Progenity, Inc. - Common Stock","2021-07-13 16:00:00-04:00",2.88,2.98,2.86,2.98,2.98,0
"PROG","Progenity, Inc. - Common Stock","2021-07-13 17:00:00-04:00",2.91,2.96,2.91,2.96,2.96,0
"PROG","Progenity, Inc. - Common Stock","2021-07-13 18:00:00-04:00",2.95,2.95,2.86,2.87,2.87,0
"PROG","Progenity, Inc. - Common Stock","2021-07-13 19:00:00-04:00",2.92,2.95,2.92,2.95,2.95,0
"PROG","Progenity, Inc. - Common Stock","2021-07-14 04:00:00-04:00",2.86,2.86,2.85,2.85,2.85,0
"PROG","Progenity, Inc. - Common Stock","2021-07-14 05:00:00-04:00",2.85,2.95,2.84,2.95,2.95,0
"PROG","Progenity, Inc. - Common Stock","2021-07-14 08:00:00-04:00",2.95,2.95,2.88,2.88,2.88,0
"PROG","Progenity, Inc. - Common Stock","2021-07-14 09:00:00-04:00",2.88,2.95,2.85,2.9,2.9,0
"PROG","Progenity, Inc. - Common Stock","2021-07-14 09:30:00-04:00",2.8499999046325684,2.900000095367432,2.740000009536743,2.775000095367432,2.775000095367432,337135
"PROG","Progenity, Inc. - Common Stock","2021-07-14 10:30:00-04:00",2.7799999713897705,2.799999952316284,2.7100000381469727,2.740000009536743,2.740000009536743,217309
"PROG","Progenity, Inc. - Common Stock","2021-07-14 11:30:00-04:00",2.740000009536743,2.765000104904175,2.7100000381469727,2.740000009536743,2.740000009536743,106863
"PROG","Progenity, Inc. - Common Stock","2021-07-14 12:30:00-04:00",2.754699945449829,2.7699999809265137,2.7300000190734863,2.740000009536743,2.740000009536743,71487
"PROG","Progenity, Inc. - Common Stock","2021-07-14 13:30:00-04:00",2.75,2.75,2.5999999046325684,2.6487998962402344,2.6487998962402344,358155
"PROG","Progenity, Inc. - Common Stock","2021-07-14 14:30:00-04:00",2.649899959564209,2.700000047683716,2.640000104904175,2.660099983215332,2.660099983215332,119381
"PROG","Progenity, Inc. - Common Stock","2021-07-14 15:30:00-04:00",2.6600000858306885,2.6700000762939453,2.619999885559082,2.630000114440918,2.630000114440918,87411
"PROG","Progenity, Inc. - Common Stock","2021-07-14 16:00:00-04:00",2.63,2.73,2.62,2.63,2.63,0
"PROG","Progenity, Inc. - Common Stock","2021-07-14 17:00:00-04:00",2.66,2.67,2.66,2.67,2.67,0
"PROG","Progenity, Inc. - Common Stock","2021-07-14 18:00:00-04:00",2.74,2.74,2.74,2.74,2.74,0
"PROG","Progenity, Inc. - Common Stock","2021-07-14 19:00:00-04:00",2.67,2.69,2.67,2.69,2.69,0
"PROG","Progenity, Inc. - Common Stock","2021-07-15 08:00:00-04:00",2.65,2.74,2.65,2.65,2.65,0
"PROG","Progenity, Inc. - Common Stock","2021-07-15 09:00:00-04:00",2.65,2.74,2.65,2.74,2.74,0
"PROG","Progenity, Inc. - Common Stock","2021-07-15 09:30:00-04:00",2.640000104904175,2.649899959564209,2.559999942779541,2.5799999237060547,2.5799999237060547,209690
"PROG","Progenity, Inc. - Common Stock","2021-07-15 10:30:00-04:00",2.5799999237060547,2.5999999046325684,2.509999990463257,2.5801000595092773,2.5801000595092773,132598
"PROG","Progenity, Inc. - Common Stock","2021-07-15 11:30:00-04:00",2.5806000232696533,2.588900089263916,2.549999952316284,2.569499969482422,2.569499969482422,62183
"PROG","Progenity, Inc. - Common Stock","2021-07-15 12:30:00-04:00",2.5799999237060547,2.5899999141693115,2.559999942779541,2.5799999237060547,2.5799999237060547,27482
"PROG","Progenity, Inc. - Common Stock","2021-07-15 13:30:00-04:00",2.581399917602539,2.581399917602539,2.509999990463257,2.559200048446656,2.559200048446656,117258
"PROG","Progenity, Inc. - Common Stock","2021-07-15 14:30:00-04:00",2.559900045394897,2.569999933242798,2.5299999713897705,2.559999942779541,2.559999942779541,53867
"PROG","Progenity, Inc. - Common Stock","2021-07-15 15:30:00-04:00",2.559999942779541,2.5899999141693115,2.549999952316284,2.569999933242798,2.569999933242798,102534
"PROG","Progenity, Inc. - Common Stock","2021-07-15 16:00:00-04:00",2.57,2.59,2.55,2.56,2.56,0
"PROG","Progenity, Inc. - Common Stock","2021-07-15 17:00:00-04:00",2.55,2.55,2.55,2.55,2.55,0
"PROG","Progenity, Inc. - Common Stock","2021-07-15 18:00:00-04:00",2.55,2.55,2.55,2.55,2.55,0
"PROG","Progenity, Inc. - Common Stock","2021-07-15 19:00:00-04:00",2.57,2.57,2.57,2.57,2.57,0
"PROG","Progenity, Inc. - Common Stock","2021-07-16 07:00:00-04:00",2.59,2.62,2.59,2.62,2.62,0
"PROG","Progenity, Inc. - Common Stock","2021-07-16 09:00:00-04:00",2.62,2.62,2.58,2.58,2.58,0
"PROG","Progenity, Inc. - Common Stock","2021-07-16 09:30:00-04:00",2.619999885559082,2.619999885559082,2.509999990463257,2.533600091934204,2.533600091934204,82920
"PROG","Progenity, Inc. - Common Stock","2021-07-16 10:30:00-04:00",2.5302999019622803,2.569999933242798,2.5,2.515000104904175,2.515000104904175,148031
"PROG","Progenity, Inc. - Common Stock","2021-07-16 11:30:00-04:00",2.509999990463257,2.5380001068115234,2.375,2.513799905776977,2.513799905776977,2776378
"PROG","Progenity, Inc. - Common Stock","2021-07-16 12:30:00-04:00",2.509999990463257,2.569999933242798,2.440000057220459,2.470000028610229,2.470000028610229,337794
"PROG","Progenity, Inc. - Common Stock","2021-07-16 13:30:00-04:00",2.490000009536743,2.609999895095825,2.4200000762939453,2.440000057220459,2.440000057220459,1023844
"PROG","Progenity, Inc. - Common Stock","2021-07-16 14:30:00-04:00",2.430000066757202,2.5199999809265137,2.4100000858306885,2.4100000858306885,2.4100000858306885,485873
"PROG","Progenity, Inc. - Common Stock","2021-07-16 15:30:00-04:00",2.400000095367432,2.450000047683716,2.390000104904175,2.400000095367432,2.400000095367432,256137
"PROG","Progenity, Inc. - Common Stock","2021-07-16 16:00:00-04:00",2.42,2.45,2.41,2.42,2.42,0
"PROG","Progenity, Inc. - Common Stock","2021-07-16 17:00:00-04:00",2.43,2.43,2.41,2.42,2.42,0
"PROG","Progenity, Inc. - Common Stock","2021-07-16 19:00:00-04:00",2.44,2.46,2.4,2.4,2.4,0
"PROG","Progenity, Inc. - Common Stock","2021-07-19 04:00:00-04:00",2.43,2.43,2.43,2.43,2.43,0
"PROG","Progenity, Inc. - Common Stock","2021-07-19 07:00:00-04:00",2.46,2.46,2.4,2.43,2.43,0
"PROG","Progenity, Inc. - Common Stock","2021-07-19 08:00:00-04:00",2.42,2.42,2.4,2.4101,2.4101,0
"PROG","Progenity, Inc. - Common Stock","2021-07-19 09:00:00-04:00",2.41,2.41,2.38,2.4,2.4,0
"PROG","Progenity, Inc. - Common Stock","2021-07-19 09:30:00-04:00",2.369999885559082,2.559999942779541,2.3399999141693115,2.5350000858306885,2.5350000858306885,693075
"PROG","Progenity, Inc. - Common Stock","2021-07-19 10:30:00-04:00",2.5350000858306885,2.5899999141693115,2.490000009536743,2.5299999713897705,2.5299999713897705,288748
"PROG","Progenity, Inc. - Common Stock","2021-07-19 11:30:00-04:00",2.5299999713897705,2.5999999046325684,2.4600000381469727,2.475800037384033,2.475800037384033,228413
"PROG","Progenity, Inc. - Common Stock","2021-07-19 12:30:00-04:00",2.470000028610229,2.490000009536743,2.4200000762939453,2.440000057220459,2.440000057220459,290449
"PROG","Progenity, Inc. - Common Stock","2021-07-19 13:30:00-04:00",2.440000057220459,2.569999933242798,2.430000066757202,2.569999933242798,2.569999933242798,262950
"PROG","Progenity, Inc. - Common Stock","2021-07-19 14:30:00-04:00",2.569999933242798,2.5850000381469727,2.5299999713897705,2.549999952316284,2.549999952316284,189884
"PROG","Progenity, Inc. - Common Stock","2021-07-19 15:30:00-04:00",2.549999952316284,2.5899999141693115,2.539999961853028,2.559999942779541,2.559999942779541,288539
"PROG","Progenity, Inc. - Common Stock","2021-07-19 16:00:00-04:00",2.57,2.6,2.55,2.6,2.6,0
"PROG","Progenity, Inc. - Common Stock","2021-07-19 17:00:00-04:00",2.6,2.6,2.54,2.54,2.54,0
"PROG","Progenity, Inc. - Common Stock","2021-07-19 18:00:00-04:00",2.55,2.55,2.55,2.55,2.55,0
"PROG","Progenity, Inc. - Common Stock","2021-07-19 19:00:00-04:00",2.56,2.6,2.56,2.56,2.56,0
"PROG","Progenity, Inc. - Common Stock","2021-07-20 07:00:00-04:00",2.57,2.57,2.57,2.57,2.57,0
"PROG","Progenity, Inc. - Common Stock","2021-07-20 08:00:00-04:00",2.5601,2.66,2.56,2.65,2.65,0
"PROG","Progenity, Inc. - Common Stock","2021-07-20 09:00:00-04:00",2.65,2.65,2.62,2.63,2.63,0
"PROG","Progenity, Inc. - Common Stock","2021-07-20 09:30:00-04:00",2.539999961853028,2.5840001106262207,2.4600000381469727,2.5295000076293945,2.5295000076293945,496015
"PROG","Progenity, Inc. - Common Stock","2021-07-20 10:30:00-04:00",2.5199999809265137,2.569999933242798,2.450000047683716,2.539900064468384,2.539900064468384,449495
"PROG","Progenity, Inc. - Common Stock","2021-07-20 11:30:00-04:00",2.5199999809265137,2.630000114440918,2.5,2.5629000663757324,2.5629000663757324,590518
"PROG","Progenity, Inc. - Common Stock","2021-07-20 12:30:00-04:00",2.539999961853028,2.5799999237060547,2.490000009536743,2.539999961853028,2.539999961853028,183498
"PROG","Progenity, Inc. - Common Stock","2021-07-20 13:30:00-04:00",2.509999990463257,2.559999942779541,2.450000047683716,2.4900999069213867,2.4900999069213867,630704
"PROG","Progenity, Inc. - Common Stock","2021-07-20 14:30:00-04:00",2.4900999069213867,2.539999961853028,2.424999952316284,2.4358999729156494,2.4358999729156494,547949
"PROG","Progenity, Inc. - Common Stock","2021-07-20 15:30:00-04:00",2.430000066757202,2.470000028610229,2.390000104904175,2.4200000762939453,2.4200000762939453,496189
"PROG","Progenity, Inc. - Common Stock","2021-07-20 16:00:00-04:00",2.39,2.47,2.39,2.45,2.45,0
"PROG","Progenity, Inc. - Common Stock","2021-07-20 17:00:00-04:00",2.44,2.46,2.42,2.44,2.44,0
"PROG","Progenity, Inc. - Common Stock","2021-07-20 18:00:00-04:00",2.46,2.46,2.46,2.46,2.46,0
"PROG","Progenity, Inc. - Common Stock","2021-07-20 19:00:00-04:00",2.46,2.46,2.46,2.46,2.46,0
"PROG","Progenity, Inc. - Common Stock","2021-07-21 08:00:00-04:00",2.4599,2.49,2.45,2.49,2.49,0
"PROG","Progenity, Inc. - Common Stock","2021-07-21 09:00:00-04:00",2.45,2.46,2.45,2.45,2.45,0
"PROG","Progenity, Inc. - Common Stock","2021-07-21 09:30:00-04:00",2.400000095367432,2.539999961853028,2.400000095367432,2.5199999809265137,2.5199999809265137,277889
"PROG","Progenity, Inc. - Common Stock","2021-07-21 10:30:00-04:00",2.5299999713897705,2.680000066757202,2.5299999713897705,2.5801000595092773,2.5801000595092773,661751
"PROG","Progenity, Inc. - Common Stock","2021-07-21 11:30:00-04:00",2.5850000381469727,2.630000114440918,2.5799999237060547,2.5799999237060547,2.5799999237060547,139193
"PROG","Progenity, Inc. - Common Stock","2021-07-21 12:30:00-04:00",2.5799999237060547,2.5999999046325684,2.549999952316284,2.5541999340057373,2.5541999340057373,119610
"PROG","Progenity, Inc. - Common Stock","2021-07-21 13:30:00-04:00",2.549999952316284,2.569999933242798,2.5299999713897705,2.5450000762939453,2.5450000762939453,125912
"PROG","Progenity, Inc. - Common Stock","2021-07-21 14:30:00-04:00",2.5450000762939453,2.549999952316284,2.509999990463257,2.539999961853028,2.539999961853028,121202
"PROG","Progenity, Inc. - Common Stock","2021-07-21 15:30:00-04:00",2.549999952316284,2.575000047683716,2.539999961853028,2.549999952316284,2.549999952316284,197189
"PROG","Progenity, Inc. - Common Stock","2021-07-21 16:00:00-04:00",2.55,2.56,2.53,2.55,2.55,0
"PROG","Progenity, Inc. - Common Stock","2021-07-21 17:00:00-04:00",2.55,2.6,2.55,2.5516,2.5516,0
"PROG","Progenity, Inc. - Common Stock","2021-07-21 18:00:00-04:00",2.55,2.55,2.54,2.54,2.54,0
"PROG","Progenity, Inc. - Common Stock","2021-07-21 19:00:00-04:00",2.55,2.6,2.52,2.6,2.6,0
"PROG","Progenity, Inc. - Common Stock","2021-07-22 07:00:00-04:00",2.56,2.56,2.55,2.55,2.55,0
"PROG","Progenity, Inc. - Common Stock","2021-07-22 08:00:00-04:00",2.55,2.55,2.5,2.54,2.54,0
"PROG","Progenity, Inc. - Common Stock","2021-07-22 09:00:00-04:00",2.54,2.5401,2.49,2.49,2.49,0
"PROG","Progenity, Inc. - Common Stock","2021-07-22 09:30:00-04:00",2.490000009536743,2.6600000858306885,2.4600000381469727,2.6098999977111816,2.6098999977111816,683395
"PROG","Progenity, Inc. - Common Stock","2021-07-22 10:30:00-04:00",2.609800100326538,2.619999885559082,2.5188000202178955,2.559999942779541,2.559999942779541,260484
"PROG","Progenity, Inc. - Common Stock","2021-07-22 11:30:00-04:00",2.5799999237060547,2.5799999237060547,2.5201001167297363,2.5299999713897705,2.5299999713897705,73860
"PROG","Progenity, Inc. - Common Stock","2021-07-22 12:30:00-04:00",2.5299999713897705,2.619999885559082,2.5299999713897705,2.5999999046325684,2.5999999046325684,189500
"PROG","Progenity, Inc. - Common Stock","2021-07-22 13:30:00-04:00",2.609999895095825,2.619999885559082,2.559999942779541,2.619999885559082,2.619999885559082,136671
"PROG","Progenity, Inc. - Common Stock","2021-07-22 14:30:00-04:00",2.609999895095825,2.619999885559082,2.569999933242798,2.5899999141693115,2.5899999141693115,96055
"PROG","Progenity, Inc. - Common Stock","2021-07-22 15:30:00-04:00",2.589900016784668,2.5999999046325684,2.559999942779541,2.5899999141693115,2.5899999141693115,119487
"PROG","Progenity, Inc. - Common Stock","2021-07-22 16:00:00-04:00",2.58,2.61,2.53,2.61,2.61,0
"PROG","Progenity, Inc. - Common Stock","2021-07-22 17:00:00-04:00",2.5663,2.63,2.56,2.63,2.63,0
"PROG","Progenity, Inc. - Common Stock","2021-07-22 18:00:00-04:00",2.59,2.59,2.54,2.54,2.54,0
"PROG","Progenity, Inc. - Common Stock","2021-07-22 19:00:00-04:00",2.55,2.6,2.54,2.54,2.54,0
"PROG","Progenity, Inc. - Common Stock","2021-07-23 04:00:00-04:00",2.65,2.66,2.65,2.65,2.65,0
"PROG","Progenity, Inc. - Common Stock","2021-07-23 07:00:00-04:00",2.64,2.65,2.58,2.58,2.58,0
"PROG","Progenity, Inc. - Common Stock","2021-07-23 08:00:00-04:00",2.62,2.62,2.55,2.55,2.55,0
"PROG","Progenity, Inc. - Common Stock","2021-07-23 09:00:00-04:00",2.55,2.55,2.55,2.55,2.55,0
"PROG","Progenity, Inc. - Common Stock","2021-07-23 09:30:00-04:00",2.5799999237060547,2.640000104904175,2.5201001167297363,2.539999961853028,2.539999961853028,307133
"PROG","Progenity, Inc. - Common Stock","2021-07-23 10:30:00-04:00",2.539999961853028,2.5799999237060547,2.501300096511841,2.5799999237060547,2.5799999237060547,77296
"PROG","Progenity, Inc. - Common Stock","2021-07-23 11:30:00-04:00",2.559999942779541,2.576200008392334,2.4800000190734863,2.4900999069213867,2.4900999069213867,154434
"PROG","Progenity, Inc. - Common Stock","2021-07-23 12:30:00-04:00",2.5,2.505000114440918,2.440000057220459,2.472599983215332,2.472599983215332,114680
"PROG","Progenity, Inc. - Common Stock","2021-07-23 13:30:00-04:00",2.4800000190734863,2.5506999492645264,2.470000028610229,2.5299999713897705,2.5299999713897705,56135
"PROG","Progenity, Inc. - Common Stock","2021-07-23 14:30:00-04:00",2.5199999809265137,2.549999952316284,2.509999990463257,2.521899938583374,2.521899938583374,69026
"PROG","Progenity, Inc. - Common Stock","2021-07-23 15:30:00-04:00",2.539999961853028,2.539999961853028,2.490999937057495,2.509999990463257,2.509999990463257,132820
"PROG","Progenity, Inc. - Common Stock","2021-07-23 16:00:00-04:00",2.5,2.54,2.5,2.5,2.5,0
"PROG","Progenity, Inc. - Common Stock","2021-07-23 17:00:00-04:00",2.49,2.52,2.49,2.52,2.52,0
"PROG","Progenity, Inc. - Common Stock","2021-07-23 18:00:00-04:00",2.52,2.52,2.48,2.48,2.48,0
"PROG","Progenity, Inc. - Common Stock","2021-07-23 19:00:00-04:00",2.48,2.54,2.48,2.54,2.54,0
"PROG","Progenity, Inc. - Common Stock","2021-07-26 04:00:00-04:00",2.55,2.55,2.55,2.55,2.55,0
"PROG","Progenity, Inc. - Common Stock","2021-07-26 05:00:00-04:00",2.49,2.49,2.43,2.43,2.43,0
"PROG","Progenity, Inc. - Common Stock","2021-07-26 06:00:00-04:00",2.43,2.43,2.34,2.36,2.36,0
"PROG","Progenity, Inc. - Common Stock","2021-07-26 07:00:00-04:00",2.52,2.52,2.48,2.48,2.48,0
"PROG","Progenity, Inc. - Common Stock","2021-07-26 08:00:00-04:00",2.4,2.4999,2.4,2.4,2.4,0
"PROG","Progenity, Inc. - Common Stock","2021-07-26 09:00:00-04:00",2.41,2.5,2.41,2.5,2.5,0
"PROG","Progenity, Inc. - Common Stock","2021-07-26 09:30:00-04:00",2.4600000381469727,2.7100000381469727,2.4600000381469727,2.640000104904175,2.640000104904175,402413
"PROG","Progenity, Inc. - Common Stock","2021-07-26 10:30:00-04:00",2.650000095367432,2.690000057220459,2.559999942779541,2.569999933242798,2.569999933242798,163688
"PROG","Progenity, Inc. - Common Stock","2021-07-26 11:30:00-04:00",2.5899999141693115,2.5899999141693115,2.5199999809265137,2.549999952316284,2.549999952316284,87209
"PROG","Progenity, Inc. - Common Stock","2021-07-26 12:30:00-04:00",2.549999952316284,2.5799999237060547,2.525000095367432,2.555000066757202,2.555000066757202,82623
"PROG","Progenity, Inc. - Common Stock","2021-07-26 13:30:00-04:00",2.5710999965667725,2.5799999237060547,2.5299999713897705,2.555000066757202,2.555000066757202,76942
"PROG","Progenity, Inc. - Common Stock","2021-07-26 14:30:00-04:00",2.559999942779541,2.5899999141693115,2.549999952316284,2.559999942779541,2.559999942779541,52888
"PROG","Progenity, Inc. - Common Stock","2021-07-26 15:30:00-04:00",2.565000057220459,2.569999933242798,2.539999961853028,2.539999961853028,2.539999961853028,139241
"PROG","Progenity, Inc. - Common Stock","2021-07-26 16:00:00-04:00",2.56,2.57,2.48,2.57,2.57,0
"PROG","Progenity, Inc. - Common Stock","2021-07-26 17:00:00-04:00",2.57,2.57,2.56,2.57,2.57,0
"PROG","Progenity, Inc. - Common Stock","2021-07-26 18:00:00-04:00",2.54,2.54,2.54,2.54,2.54,0
"PROG","Progenity, Inc. - Common Stock","2021-07-26 19:00:00-04:00",2.54,2.57,2.54,2.57,2.57,0
"PROG","Progenity, Inc. - Common Stock","2021-07-27 05:00:00-04:00",2.56,2.56,2.48,2.48,2.48,0
"PROG","Progenity, Inc. - Common Stock","2021-07-27 07:00:00-04:00",2.59,2.6,2.59,2.6,2.6,0
"PROG","Progenity, Inc. - Common Stock","2021-07-27 08:00:00-04:00",2.6399,2.6399,2.55,2.56,2.56,0
"PROG","Progenity, Inc. - Common Stock","2021-07-27 09:00:00-04:00",2.55,2.56,2.55,2.55,2.55,0
"PROG","Progenity, Inc. - Common Stock","2021-07-27 09:30:00-04:00",2.525500059127808,2.5999999046325684,2.390000104904175,2.4200000762939453,2.4200000762939453,525518
"PROG","Progenity, Inc. - Common Stock","2021-07-27 10:30:00-04:00",2.423500061035156,2.4600000381469727,2.364000082015991,2.4200000762939453,2.4200000762939453,229053
"PROG","Progenity, Inc. - Common Stock","2021-07-27 11:30:00-04:00",2.4200000762939453,2.509999990463257,2.400000095367432,2.470000028610229,2.470000028610229,213807
"PROG","Progenity, Inc. - Common Stock","2021-07-27 12:30:00-04:00",2.470000028610229,2.490000009536743,2.4100000858306885,2.4200000762939453,2.4200000762939453,69284
"PROG","Progenity, Inc. - Common Stock","2021-07-27 13:30:00-04:00",2.4200000762939453,2.4800000190734863,2.4200000762939453,2.4800000190734863,2.4800000190734863,91626
"PROG","Progenity, Inc. - Common Stock","2021-07-27 14:30:00-04:00",2.470000028610229,2.482599973678589,2.430000066757202,2.440000057220459,2.440000057220459,107214
"PROG","Progenity, Inc. - Common Stock","2021-07-27 15:30:00-04:00",2.430000066757202,2.450000047683716,2.390000104904175,2.408499956130981,2.408499956130981,234626
"PROG","Progenity, Inc. - Common Stock","2021-07-27 16:00:00-04:00",2.42,2.44,2.42,2.43,2.43,0
"PROG","Progenity, Inc. - Common Stock","2021-07-27 17:00:00-04:00",2.42,2.43,2.42,2.43,2.43,0
"PROG","Progenity, Inc. - Common Stock","2021-07-27 18:00:00-04:00",2.42,2.42,2.42,2.42,2.42,0
"PROG","Progenity, Inc. - Common Stock","2021-07-28 06:00:00-04:00",2.42,2.42,2.42,2.42,2.42,0
"PROG","Progenity, Inc. - Common Stock","2021-07-28 07:00:00-04:00",2.42,2.42,2.42,2.42,2.42,0
"PROG","Progenity, Inc. - Common Stock","2021-07-28 09:00:00-04:00",2.43,2.5,2.43,2.5,2.5,0
"PROG","Progenity, Inc. - Common Stock","2021-07-28 09:30:00-04:00",2.400000095367432,2.4814000129699707,2.400000095367432,2.4100000858306885,2.4100000858306885,145592
"PROG","Progenity, Inc. - Common Stock","2021-07-28 10:30:00-04:00",2.4100000858306885,2.5299999713897705,2.4100000858306885,2.509999990463257,2.509999990463257,264256
"PROG","Progenity, Inc. - Common Stock","2021-07-28 11:30:00-04:00",2.4800000190734863,2.5299999713897705,2.4600000381469727,2.4600000381469727,2.4600000381469727,82067
"PROG","Progenity, Inc. - Common Stock","2021-07-28 12:30:00-04:00",2.4600000381469727,2.559999942779541,2.4600000381469727,2.5,2.5,195988
"PROG","Progenity, Inc. - Common Stock","2021-07-28 13:30:00-04:00",2.515000104904175,2.559999942779541,2.4800000190734863,2.4800000190734863,2.4800000190734863,58429
"PROG","Progenity, Inc. - Common Stock","2021-07-28 14:30:00-04:00",2.494999885559082,2.549999952316284,2.4800000190734863,2.490000009536743,2.490000009536743,107980
"PROG","Progenity, Inc. - Common Stock","2021-07-28 15:30:00-04:00",2.4800000190734863,2.509999990463257,2.450000047683716,2.4600000381469727,2.4600000381469727,123472
"PROG","Progenity, Inc. - Common Stock","2021-07-28 16:00:00-04:00",2.45,2.5,2.43,2.5,2.5,0
"PROG","Progenity, Inc. - Common Stock","2021-07-28 17:00:00-04:00",2.5,2.5,2.46,2.46,2.46,0
"PROG","Progenity, Inc. - Common Stock","2021-07-28 18:00:00-04:00",2.46,2.46,2.46,2.46,2.46,0
"PROG","Progenity, Inc. - Common Stock","2021-07-29 07:00:00-04:00",2.54,2.95,2.54,2.78,2.78,0
"PROG","Progenity, Inc. - Common Stock","2021-07-29 08:00:00-04:00",2.71,2.75,2.41,2.45,2.45,0
"PROG","Progenity, Inc. - Common Stock","2021-07-29 09:00:00-04:00",2.45,2.51,2.43,2.49,2.49,0
"PROG","Progenity, Inc. - Common Stock","2021-07-29 09:30:00-04:00",2.4800000190734863,2.5799999237060547,2.430000066757202,2.484999895095825,2.484999895095825,957945
"PROG","Progenity, Inc. - Common Stock","2021-07-29 10:30:00-04:00",2.470000028610229,2.5299999713897705,2.470000028610229,2.4800000190734863,2.4800000190734863,270696
"PROG","Progenity, Inc. - Common Stock","2021-07-29 11:30:00-04:00",2.5023999214172363,2.569999933242798,2.4800000190734863,2.5209999084472656,2.5209999084472656,368926
"PROG","Progenity, Inc. - Common Stock","2021-07-29 12:30:00-04:00",2.525000095367432,2.525000095367432,2.4200000762939453,2.4600000381469727,2.4600000381469727,202057
"PROG","Progenity, Inc. - Common Stock","2021-07-29 13:30:00-04:00",2.45989990234375,2.4600000381469727,2.289999961853028,2.3299999237060547,2.3299999237060547,962529
"PROG","Progenity, Inc. - Common Stock","2021-07-29 14:30:00-04:00",2.319999933242798,2.390000104904175,2.309999942779541,2.3299999237060547,2.3299999237060547,396683
"PROG","Progenity, Inc. - Common Stock","2021-07-29 15:30:00-04:00",2.319999933242798,2.359999895095825,2.180000066757202,2.2044999599456787,2.2044999599456787,663972
"PROG","Progenity, Inc. - Common Stock","2021-07-29 16:00:00-04:00",2.21,2.24,2.2,2.23,2.23,0
"PROG","Progenity, Inc. - Common Stock","2021-07-29 17:00:00-04:00",2.22,2.28,2.22,2.28,2.28,0
"PROG","Progenity, Inc. - Common Stock","2021-07-29 18:00:00-04:00",2.28,2.29,2.24,2.26,2.26,0
"PROG","Progenity, Inc. - Common Stock","2021-07-29 19:00:00-04:00",2.26,2.38,2.25,2.38,2.38,0
"PROG","Progenity, Inc. - Common Stock","2021-07-30 05:00:00-04:00",2.21,2.21,2.21,2.21,2.21,0
"PROG","Progenity, Inc. - Common Stock","2021-07-30 07:00:00-04:00",2.21,2.25,2.21,2.22,2.22,0
"PROG","Progenity, Inc. - Common Stock","2021-07-30 08:00:00-04:00",2.29,2.3,2.2,2.2,2.2,0
"PROG","Progenity, Inc. - Common Stock","2021-07-30 09:00:00-04:00",2.3,2.3,2.28,2.285,2.285,0
"PROG","Progenity, Inc. - Common Stock","2021-07-30 09:30:00-04:00",2.2799999713897705,2.3399999141693115,2.25,2.259999990463257,2.259999990463257,272434
"PROG","Progenity, Inc. - Common Stock","2021-07-30 10:30:00-04:00",2.2683000564575195,2.2683000564575195,2.190000057220459,2.2300000190734863,2.2300000190734863,290241
"PROG","Progenity, Inc. - Common Stock","2021-07-30 11:30:00-04:00",2.2300000190734863,2.240000009536743,2.220000028610229,2.2300000190734863,2.2300000190734863,121502
"PROG","Progenity, Inc. - Common Stock","2021-07-30 12:30:00-04:00",2.2300000190734863,2.289999961853028,2.2300000190734863,2.2799999713897705,2.2799999713897705,95300
"PROG","Progenity, Inc. - Common Stock","2021-07-30 13:30:00-04:00",2.2699999809265137,2.2799999713897705,2.2300000190734863,2.240000009536743,2.240000009536743,91495
"PROG","Progenity, Inc. - Common Stock","2021-07-30 14:30:00-04:00",2.240000009536743,2.240000009536743,2.220000028610229,2.2300000190734863,2.2300000190734863,106790
"PROG","Progenity, Inc. - Common Stock","2021-07-30 15:30:00-04:00",2.2300000190734863,2.25,2.220000028610229,2.244999885559082,2.244999885559082,109158
"PROG","Progenity, Inc. - Common Stock","2021-07-30 16:00:00-04:00",2.25,2.25,2.19,2.2,2.2,0
"PROG","Progenity, Inc. - Common Stock","2021-07-30 17:00:00-04:00",2.22,2.22,2.2,2.2,2.2,0
"PROG","Progenity, Inc. - Common Stock","2021-08-02 04:00:00-04:00",2.32,2.32,2.2,2.2,2.2,0
"PROG","Progenity, Inc. - Common Stock","2021-08-02 05:00:00-04:00",2.21,2.41,2.2,2.41,2.41,0
"PROG","Progenity, Inc. - Common Stock","2021-08-02 07:00:00-04:00",2.2,2.2,2.19,2.19,2.19,0
"PROG","Progenity, Inc. - Common Stock","2021-08-02 08:00:00-04:00",2.22,2.25,2.21,2.2399,2.2399,0
"PROG","Progenity, Inc. - Common Stock","2021-08-02 09:30:00-04:00",2.200000047683716,2.2049999237060547,1.9800000190734863,2.04010009765625,2.04010009765625,1549903
"PROG","Progenity, Inc. - Common Stock","2021-08-02 10:30:00-04:00",2.0499000549316406,2.0799999237060547,2.0199999809265137,2.075000047683716,2.075000047683716,687422
"PROG","Progenity, Inc. - Common Stock","2021-08-02 11:30:00-04:00",2.0724000930786133,2.0799999237060547,2.039999961853028,2.055000066757202,2.055000066757202,295397
"PROG","Progenity, Inc. - Common Stock","2021-08-02 12:30:00-04:00",2.049999952316284,2.0999999046325684,2.049999952316284,2.060100078582764,2.060100078582764,222432
"PROG","Progenity, Inc. - Common Stock","2021-08-02 13:30:00-04:00",2.059999942779541,2.0899999141693115,2.049999952316284,2.0701000690460205,2.0701000690460205,257421
"PROG","Progenity, Inc. - Common Stock","2021-08-02 14:30:00-04:00",2.069999933242798,2.0899999141693115,2.032099962234497,2.060100078582764,2.060100078582764,317184
"PROG","Progenity, Inc. - Common Stock","2021-08-02 15:30:00-04:00",2.065000057220459,2.109999895095825,2.049999952316284,2.109999895095825,2.109999895095825,406938
"PROG","Progenity, Inc. - Common Stock","2021-08-02 16:00:00-04:00",2.1,2.12,2.05,2.1,2.1,0
"PROG","Progenity, Inc. - Common Stock","2021-08-02 17:00:00-04:00",2.1,2.1,2.06,2.1,2.1,0
"PROG","Progenity, Inc. - Common Stock","2021-08-02 18:00:00-04:00",2.14,2.14,2.07,2.13,2.13,0
"PROG","Progenity, Inc. - Common Stock","2021-08-02 19:00:00-04:00",2.12,2.12,2.06,2.06,2.06,0
"PROG","Progenity, Inc. - Common Stock","2021-08-03 04:00:00-04:00",2.1,2.1,2.1,2.1,2.1,0
"PROG","Progenity, Inc. - Common Stock","2021-08-03 06:00:00-04:00",2.05,2.1,2.05,2.1,2.1,0
"PROG","Progenity, Inc. - Common Stock","2021-08-03 07:00:00-04:00",2.1,2.1,2.1,2.1,2.1,0
"PROG","Progenity, Inc. - Common Stock","2021-08-03 08:00:00-04:00",2.1,2.11,2.0999,2.0999,2.0999,0
"PROG","Progenity, Inc. - Common Stock","2021-08-03 09:00:00-04:00",2.07,2.1,2.05,2.06,2.06,0
"PROG","Progenity, Inc. - Common Stock","2021-08-03 09:30:00-04:00",2.049999952316284,2.059999942779541,1.9700000286102293,2.0083999633789062,2.0083999633789062,514070
"PROG","Progenity, Inc. - Common Stock","2021-08-03 10:30:00-04:00",2.005000114440918,2.039999961853028,2.0,2.0085999965667725,2.0085999965667725,173391
"PROG","Progenity, Inc. - Common Stock","2021-08-03 11:30:00-04:00",2.0099000930786133,2.009999990463257,2.0,2.000499963760376,2.000499963760376,101480
"PROG","Progenity, Inc. - Common Stock","2021-08-03 12:30:00-04:00",2.001300096511841,2.009999990463257,1.9800000190734863,1.9900000095367432,1.9900000095367432,127822
"PROG","Progenity, Inc. - Common Stock","2021-08-03 13:30:00-04:00",1.9800000190734863,1.9900000095367432,1.9700000286102293,1.9800000190734863,1.9800000190734863,173551
"PROG","Progenity, Inc. - Common Stock","2021-08-03 14:30:00-04:00",1.9781999588012693,1.9800000190734863,1.9700000286102293,1.972499966621399,1.972499966621399,144069
"PROG","Progenity, Inc. - Common Stock","2021-08-03 15:30:00-04:00",1.9701000452041624,1.9800000190734863,1.9600000381469729,1.9600000381469729,1.9600000381469729,179747
"PROG","Progenity, Inc. - Common Stock","2021-08-03 16:00:00-04:00",1.97,2.02,1.97,2.01,2.01,0
"PROG","Progenity, Inc. - Common Stock","2021-08-03 17:00:00-04:00",1.97,2.0,1.95,1.95,1.95,0
"PROG","Progenity, Inc. - Common Stock","2021-08-03 18:00:00-04:00",2.0,2.0,1.95,1.96,1.96,0
"PROG","Progenity, Inc. - Common Stock","2021-08-03 19:00:00-04:00",1.95,2.0,1.95,2.0,2.0,0
"PROG","Progenity, Inc. - Common Stock","2021-08-04 04:00:00-04:00",2.0,2.0,2.0,2.0,2.0,0
"PROG","Progenity, Inc. - Common Stock","2021-08-04 07:00:00-04:00",1.97,1.97,1.97,1.97,1.97,0
"PROG","Progenity, Inc. - Common Stock","2021-08-04 08:00:00-04:00",2.0,2.0,1.96,1.96,1.96,0
"PROG","Progenity, Inc. - Common Stock","2021-08-04 09:00:00-04:00",2.0,2.0,1.94,1.95,1.95,0
"PROG","Progenity, Inc. - Common Stock","2021-08-04 09:30:00-04:00",1.9700000286102293,1.9900000095367432,1.8799999952316284,1.940000057220459,1.940000057220459,496917
"PROG","Progenity, Inc. - Common Stock","2021-08-04 10:30:00-04:00",1.940000057220459,1.940000057220459,1.870000004768372,1.899999976158142,1.899999976158142,532471
"PROG","Progenity, Inc. - Common Stock","2021-08-04 11:30:00-04:00",1.899999976158142,1.919999957084656,1.870000004768372,1.909999966621399,1.909999966621399,333069
"PROG","Progenity, Inc. - Common Stock","2021-08-04 12:30:00-04:00",1.914999961853028,1.919999957084656,1.899999976158142,1.899999976158142,1.899999976158142,180873
"PROG","Progenity, Inc. - Common Stock","2021-08-04 13:30:00-04:00",1.9049999713897705,1.909999966621399,1.899999976158142,1.9049999713897705,1.9049999713897705,185892
"PROG","Progenity, Inc. - Common Stock","2021-08-04 14:30:00-04:00",1.899999976158142,1.909999966621399,1.8899999856948853,1.8899999856948853,1.8899999856948853,170817
"PROG","Progenity, Inc. - Common Stock","2021-08-04 15:30:00-04:00",1.8949999809265137,1.899999976158142,1.8799999952316284,1.8849999904632568,1.8849999904632568,126564
"PROG","Progenity, Inc. - Common Stock","2021-08-04 16:00:00-04:00",1.88,2.0,1.88,1.91,1.91,0
"PROG","Progenity, Inc. - Common Stock","2021-08-04 17:00:00-04:00",1.92,1.93,1.92,1.92,1.92,0
"PROG","Progenity, Inc. - Common Stock","2021-08-04 18:00:00-04:00",1.93,1.94,1.91,1.91,1.91,0
"PROG","Progenity, Inc. - Common Stock","2021-08-04 19:00:00-04:00",1.91,1.93,1.89,1.89,1.89,0
"PROG","Progenity, Inc. - Common Stock","2021-08-05 04:00:00-04:00",1.9,1.9,1.9,1.9,1.9,0
"PROG","Progenity, Inc. - Common Stock","2021-08-05 05:00:00-04:00",1.9,2.0,1.9,1.9,1.9,0
"PROG","Progenity, Inc. - Common Stock","2021-08-05 06:00:00-04:00",1.88,1.88,1.88,1.88,1.88,0
"PROG","Progenity, Inc. - Common Stock","2021-08-05 08:00:00-04:00",1.88,1.94,1.8799,1.8799,1.8799,0
"PROG","Progenity, Inc. - Common Stock","2021-08-05 09:00:00-04:00",1.9,1.94,1.9,1.93,1.93,0
"PROG","Progenity, Inc. - Common Stock","2021-08-05 09:30:00-04:00",1.8899999856948853,1.909999966621399,1.809999942779541,1.8949999809265137,1.8949999809265137,433264
"PROG","Progenity, Inc. - Common Stock","2021-08-05 10:30:00-04:00",1.8949999809265137,1.919999957084656,1.8799999952316284,1.8899999856948853,1.8899999856948853,250356
"PROG","Progenity, Inc. - Common Stock","2021-08-05 11:30:00-04:00",1.8904000520706177,1.899999976158142,1.870000004768372,1.8799999952316284,1.8799999952316284,287976
"PROG","Progenity, Inc. - Common Stock","2021-08-05 12:30:00-04:00",1.8799999952316284,1.9299999475479128,1.8600000143051147,1.9049999713897705,1.9049999713897705,221606
"PROG","Progenity, Inc. - Common Stock","2021-08-05 13:30:00-04:00",1.9049999713897705,1.909999966621399,1.8849999904632568,1.8949999809265137,1.8949999809265137,184984
"PROG","Progenity, Inc. - Common Stock","2021-08-05 14:30:00-04:00",1.8949999809265137,1.899999976158142,1.870000004768372,1.899999976158142,1.899999976158142,277841
"PROG","Progenity, Inc. - Common Stock","2021-08-05 15:30:00-04:00",1.899999976158142,1.9799000024795528,1.899999976158142,1.9499000310897827,1.9499000310897827,360104
"PROG","Progenity, Inc. - Common Stock","2021-08-05 16:00:00-04:00",1.95,1.96,1.94,1.95,1.95,0
"PROG","Progenity, Inc. - Common Stock","2021-08-05 17:00:00-04:00",1.94,1.96,1.94,1.96,1.96,0
"PROG","Progenity, Inc. - Common Stock","2021-08-05 18:00:00-04:00",1.95,1.96,1.94,1.94,1.94,0
"PROG","Progenity, Inc. - Common Stock","2021-08-05 19:00:00-04:00",1.96,1.96,1.95,1.95,1.95,0
"PROG","Progenity, Inc. - Common Stock","2021-08-06 08:00:00-04:00",1.99,1.99,1.95,1.95,1.95,0
"PROG","Progenity, Inc. - Common Stock","2021-08-06 09:00:00-04:00",1.95,2.0,1.93,1.9999,1.9999,0
"PROG","Progenity, Inc. - Common Stock","2021-08-06 09:30:00-04:00",1.919999957084656,1.9538999795913696,1.8799999952316284,1.8949999809265137,1.8949999809265137,211804
"PROG","Progenity, Inc. - Common Stock","2021-08-06 10:30:00-04:00",1.899999976158142,1.9294999837875368,1.8899999856948853,1.909999966621399,1.909999966621399,130224
"PROG","Progenity, Inc. - Common Stock","2021-08-06 11:30:00-04:00",1.909999966621399,1.9299999475479128,1.909999966621399,1.924999952316284,1.924999952316284,62065
"PROG","Progenity, Inc. - Common Stock","2021-08-06 12:30:00-04:00",1.919999957084656,1.9299999475479128,1.8899999856948853,1.899999976158142,1.899999976158142,153651
"PROG","Progenity, Inc. - Common Stock","2021-08-06 13:30:00-04:00",1.899999976158142,1.909999966621399,1.899999976158142,1.902199983596801,1.902199983596801,108489
"PROG","Progenity, Inc. - Common Stock","2021-08-06 14:30:00-04:00",1.899999976158142,1.940000057220459,1.8899999856948853,1.9313000440597528,1.9313000440597528,122037
"PROG","Progenity, Inc. - Common Stock","2021-08-06 15:30:00-04:00",1.934999942779541,1.940000057220459,1.9299999475479128,1.934999942779541,1.934999942779541,93986
"PROG","Progenity, Inc. - Common Stock","2021-08-06 16:00:00-04:00",1.94,1.94,1.92,1.92,1.92,0
"PROG","Progenity, Inc. - Common Stock","2021-08-06 17:00:00-04:00",1.9399,1.95,1.91,1.95,1.95,0
"PROG","Progenity, Inc. - Common Stock","2021-08-06 18:00:00-04:00",1.95,1.95,1.95,1.95,1.95,0
"PROG","Progenity, Inc. - Common Stock","2021-08-06 19:00:00-04:00",1.94,1.94,1.94,1.94,1.94,0
"PROG","Progenity, Inc. - Common Stock","2021-08-09 04:00:00-04:00",1.95,1.95,1.94,1.95,1.95,0
"PROG","Progenity, Inc. - Common Stock","2021-08-09 06:00:00-04:00",2.05,2.05,2.05,2.05,2.05,0
"PROG","Progenity, Inc. - Common Stock","2021-08-09 07:00:00-04:00",1.95,1.95,1.94,1.95,1.95,0
"PROG","Progenity, Inc. - Common Stock","2021-08-09 08:00:00-04:00",1.96,1.97,1.94,1.96,1.96,0
"PROG","Progenity, Inc. - Common Stock","2021-08-09 09:00:00-04:00",1.96,1.96,1.95,1.95,1.95,0
"PROG","Progenity, Inc. - Common Stock","2021-08-09 09:30:00-04:00",1.950000047683716,1.9800000190734863,1.899999976158142,1.9600000381469729,1.9600000381469729,298004
"PROG","Progenity, Inc. - Common Stock","2021-08-09 10:30:00-04:00",1.955000042915344,1.9799000024795528,1.919999957084656,1.924999952316284,1.924999952316284,134753
"PROG","Progenity, Inc. - Common Stock","2021-08-09 11:30:00-04:00",1.919999957084656,1.934999942779541,1.909999966621399,1.919999957084656,1.919999957084656,147186
"PROG","Progenity, Inc. - Common Stock","2021-08-09 12:30:00-04:00",1.924999952316284,1.9299999475479128,1.870000004768372,1.914999961853028,1.914999961853028,276348
"PROG","Progenity, Inc. - Common Stock","2021-08-09 13:30:00-04:00",1.914999961853028,1.919999957084656,1.8799999952316284,1.9112999439239504,1.9112999439239504,113592
"PROG","Progenity, Inc. - Common Stock","2021-08-09 14:30:00-04:00",1.9151999950408936,1.919999957084656,1.870000004768372,1.870000004768372,1.870000004768372,240286
"PROG","Progenity, Inc. - Common Stock","2021-08-09 15:30:00-04:00",1.875,1.8975000381469729,1.840000033378601,1.8600000143051147,1.8600000143051147,429845
"PROG","Progenity, Inc. - Common Stock","2021-08-09 16:00:00-04:00",1.88,1.9,1.86,1.88,1.88,0
"PROG","Progenity, Inc. - Common Stock","2021-08-09 17:00:00-04:00",1.89,1.89,1.86,1.86,1.86,0
"PROG","Progenity, Inc. - Common Stock","2021-08-09 18:00:00-04:00",1.88,1.9,1.88,1.9,1.9,0
"PROG","Progenity, Inc. - Common Stock","2021-08-09 19:00:00-04:00",1.89,1.91,1.89,1.89,1.89,0
"PROG","Progenity, Inc. - Common Stock","2021-08-10 04:00:00-04:00",1.87,1.87,1.87,1.87,1.87,0
"PROG","Progenity, Inc. - Common Stock","2021-08-10 05:00:00-04:00",1.87,1.87,1.87,1.87,1.87,0
"PROG","Progenity, Inc. - Common Stock","2021-08-10 07:00:00-04:00",1.88,1.88,1.87,1.87,1.87,0
"PROG","Progenity, Inc. - Common Stock","2021-08-10 08:00:00-04:00",1.87,1.9,1.85,1.86,1.86,0
"PROG","Progenity, Inc. - Common Stock","2021-08-10 09:00:00-04:00",1.87,1.87,1.85,1.87,1.87,0
"PROG","Progenity, Inc. - Common Stock","2021-08-10 09:30:00-04:00",1.8708000183105469,1.90910005569458,1.750100016593933,1.7699999809265137,1.7699999809265137,683175
"PROG","Progenity, Inc. - Common Stock","2021-08-10 10:30:00-04:00",1.774999976158142,1.820000052452088,1.75,1.7884000539779663,1.7884000539779663,381011
"PROG","Progenity, Inc. - Common Stock","2021-08-10 11:30:00-04:00",1.784999966621399,1.850000023841858,1.7799999713897705,1.825000047683716,1.825000047683716,258296
"PROG","Progenity, Inc. - Common Stock","2021-08-10 12:30:00-04:00",1.825000047683716,1.8901000022888184,1.825000047683716,1.8600000143051147,1.8600000143051147,252219
"PROG","Progenity, Inc. - Common Stock","2021-08-10 13:30:00-04:00",1.8600000143051147,1.8799999952316284,1.7999999523162842,1.809999942779541,1.809999942779541,168998
"PROG","Progenity, Inc. - Common Stock","2021-08-10 14:30:00-04:00",1.815000057220459,1.8600000143051147,1.7899999618530271,1.825000047683716,1.825000047683716,241426
"PROG","Progenity, Inc. - Common Stock","2021-08-10 15:30:00-04:00",1.825000047683716,1.850000023841858,1.820000052452088,1.840000033378601,1.840000033378601,135299
"PROG","Progenity, Inc. - Common Stock","2021-08-10 16:00:00-04:00",1.83,1.87,1.8,1.86,1.86,0
"PROG","Progenity, Inc. - Common Stock","2021-08-10 17:00:00-04:00",1.86,1.86,1.86,1.86,1.86,0
"PROG","Progenity, Inc. - Common Stock","2021-08-10 18:00:00-04:00",1.86,1.86,1.8599,1.86,1.86,0
"PROG","Progenity, Inc. - Common Stock","2021-08-10 19:00:00-04:00",1.86,1.86,1.83,1.83,1.83,0
"PROG","Progenity, Inc. - Common Stock","2021-08-11 04:00:00-04:00",1.94,1.94,1.94,1.94,1.94,0
"PROG","Progenity, Inc. - Common Stock","2021-08-11 05:00:00-04:00",1.82,1.95,1.82,1.95,1.95,0
"PROG","Progenity, Inc. - Common Stock","2021-08-11 08:00:00-04:00",1.8483,1.86,1.8001,1.86,1.86,0
"PROG","Progenity, Inc. - Common Stock","2021-08-11 09:00:00-04:00",1.83,1.85,1.83,1.85,1.85,0
"PROG","Progenity, Inc. - Common Stock","2021-08-11 09:30:00-04:00",1.850000023841858,1.850000023841858,1.7799999713897705,1.7949999570846558,1.7949999570846558,212778
"PROG","Progenity, Inc. - Common Stock","2021-08-11 10:30:00-04:00",1.7949999570846558,1.8299000263214111,1.7699999809265137,1.7812000513076782,1.7812000513076782,188123
"PROG","Progenity, Inc. - Common Stock","2021-08-11 11:30:00-04:00",1.7806999683380127,1.850000023841858,1.7800999879837036,1.834400057792664,1.834400057792664,131031
"PROG","Progenity, Inc. - Common Stock","2021-08-11 12:30:00-04:00",1.822800040245056,1.8271000385284424,1.7899999618530271,1.820000052452088,1.820000052452088,67510
"PROG","Progenity, Inc. - Common Stock","2021-08-11 13:30:00-04:00",1.820000052452088,1.840000033378601,1.7999999523162842,1.8049999475479128,1.8049999475479128,99390
"PROG","Progenity, Inc. - Common Stock","2021-08-11 14:30:00-04:00",1.8049999475479128,1.809999942779541,1.7899999618530271,1.809999942779541,1.809999942779541,38334
"PROG","Progenity, Inc. - Common Stock","2021-08-11 15:30:00-04:00",1.809999942779541,1.820000052452088,1.7999999523162842,1.820000052452088,1.820000052452088,85784
"PROG","Progenity, Inc. - Common Stock","2021-08-11 16:00:00-04:00",1.81,1.81,1.81,1.81,1.81,0
"PROG","Progenity, Inc. - Common Stock","2021-08-11 17:00:00-04:00",1.81,1.86,1.8,1.8,1.8,0
"PROG","Progenity, Inc. - Common Stock","2021-08-11 18:00:00-04:00",1.8,1.81,1.8,1.81,1.81,0
"PROG","Progenity, Inc. - Common Stock","2021-08-11 19:00:00-04:00",1.81,1.81,1.8,1.8,1.8,0
"PROG","Progenity, Inc. - Common Stock","2021-08-12 05:00:00-04:00",1.79,1.79,1.79,1.79,1.79,0
"PROG","Progenity, Inc. - Common Stock","2021-08-12 06:00:00-04:00",1.8,1.8,1.79,1.79,1.79,0
"PROG","Progenity, Inc. - Common Stock","2021-08-12 08:00:00-04:00",1.8,1.8,1.79,1.8,1.8,0
"PROG","Progenity, Inc. - Common Stock","2021-08-12 09:00:00-04:00",1.8,1.8906,1.79,1.82,1.82,0
"PROG","Progenity, Inc. - Common Stock","2021-08-12 09:30:00-04:00",1.820000052452088,1.840000033378601,1.7799999713897705,1.7799999713897705,1.7799999713897705,248702
"PROG","Progenity, Inc. - Common Stock","2021-08-12 10:30:00-04:00",1.7999000549316406,1.7999000549316406,1.7599999904632568,1.7799999713897705,1.7799999713897705,262097
"PROG","Progenity, Inc. - Common Stock","2021-08-12 11:30:00-04:00",1.7699999809265137,1.7949999570846558,1.7200000286102295,1.7549999952316284,1.7549999952316284,239429
"PROG","Progenity, Inc. - Common Stock","2021-08-12 12:30:00-04:00",1.7549999952316284,1.7899999618530271,1.7400000095367432,1.7400000095367432,1.7400000095367432,113764
"PROG","Progenity, Inc. - Common Stock","2021-08-12 13:30:00-04:00",1.7400000095367432,1.7799999713897705,1.7300000190734863,1.777500033378601,1.777500033378601,62375
"PROG","Progenity, Inc. - Common Stock","2021-08-12 14:30:00-04:00",1.777500033378601,1.7799999713897705,1.7599999904632568,1.761199951171875,1.761199951171875,137021
"PROG","Progenity, Inc. - Common Stock","2021-08-12 15:30:00-04:00",1.7599999904632568,1.7683000564575195,1.7400000095367432,1.7400000095367432,1.7400000095367432,157877
"PROG","Progenity, Inc. - Common Stock","2021-08-12 16:00:00-04:00",1.74,1.78,1.5,1.65,1.65,0
"PROG","Progenity, Inc. - Common Stock","2021-08-12 17:00:00-04:00",1.68,1.68,1.64,1.66,1.66,0
"PROG","Progenity, Inc. - Common Stock","2021-08-12 18:00:00-04:00",1.63,1.7,1.63,1.6799,1.6799,0
"PROG","Progenity, Inc. - Common Stock","2021-08-12 19:00:00-04:00",1.68,1.68,1.61,1.64,1.64,0
"PROG","Progenity, Inc. - Common Stock","2021-08-13 04:00:00-04:00",1.65,1.74,1.65,1.74,1.74,0
"PROG","Progenity, Inc. - Common Stock","2021-08-13 05:00:00-04:00",1.74,1.74,1.74,1.74,1.74,0
"PROG","Progenity, Inc. - Common Stock","2021-08-13 06:00:00-04:00",1.7,1.7,1.65,1.65,1.65,0
"PROG","Progenity, Inc. - Common Stock","2021-08-13 07:00:00-04:00",1.69,1.69,1.69,1.69,1.69,0
"PROG","Progenity, Inc. - Common Stock","2021-08-13 08:00:00-04:00",1.69,1.69,1.65,1.69,1.69,0
"PROG","Progenity, Inc. - Common Stock","2021-08-13 09:00:00-04:00",1.69,1.69,1.66,1.69,1.69,0
"PROG","Progenity, Inc. - Common Stock","2021-08-13 09:30:00-04:00",1.6799999475479126,1.6799999475479126,1.5099999904632568,1.6200000047683716,1.6200000047683716,931330
"PROG","Progenity, Inc. - Common Stock","2021-08-13 10:30:00-04:00",1.6100000143051147,1.659999966621399,1.600000023841858,1.6549999713897705,1.6549999713897705,180163
"PROG","Progenity, Inc. - Common Stock","2021-08-13 11:30:00-04:00",1.659999966621399,1.6799999475479126,1.659999966621399,1.6699999570846558,1.6699999570846558,131387
"PROG","Progenity, Inc. - Common Stock","2021-08-13 12:30:00-04:00",1.6785999536514282,1.7100000381469729,1.6699999570846558,1.7050000429153442,1.7050000429153442,123693
"PROG","Progenity, Inc. - Common Stock","2021-08-13 13:30:00-04:00",1.707900047302246,1.7100000381469729,1.649999976158142,1.6649999618530271,1.6649999618530271,149378
"PROG","Progenity, Inc. - Common Stock","2021-08-13 14:30:00-04:00",1.6699999570846558,1.690000057220459,1.649999976158142,1.6549999713897705,1.6549999713897705,119831
"PROG","Progenity, Inc. - Common Stock","2021-08-13 15:30:00-04:00",1.659999966621399,1.659999966621399,1.6399999856948853,1.6399999856948853,1.6399999856948853,140206
"PROG","Progenity, Inc. - Common Stock","2021-08-13 16:00:00-04:00",1.66,1.68,1.66,1.68,1.68,0
"PROG","Progenity, Inc. - Common Stock","2021-08-13 17:00:00-04:00",1.67,1.68,1.65,1.66,1.66,0
"PROG","Progenity, Inc. - Common Stock","2021-08-13 18:00:00-04:00",1.65,1.65,1.65,1.65,1.65,0
"PROG","Progenity, Inc. - Common Stock","2021-08-16 07:00:00-04:00",1.66,1.66,1.66,1.66,1.66,0
"PROG","Progenity, Inc. - Common Stock","2021-08-16 08:00:00-04:00",1.67,1.68,1.65,1.66,1.66,0
"PROG","Progenity, Inc. - Common Stock","2021-08-16 09:30:00-04:00",1.649999976158142,1.659999966621399,1.5499999523162842,1.590000033378601,1.590000033378601,334882
"PROG","Progenity, Inc. - Common Stock","2021-08-16 10:30:00-04:00",1.5800000429153442,1.610100030899048,1.5700000524520874,1.5800000429153442,1.5800000429153442,167318
"PROG","Progenity, Inc. - Common Stock","2021-08-16 11:30:00-04:00",1.5813000202178955,1.600000023841858,1.570099949836731,1.5800000429153442,1.5800000429153442,71650
"PROG","Progenity, Inc. - Common Stock","2021-08-16 12:30:00-04:00",1.5799000263214111,1.5800000429153442,1.559999942779541,1.5750000476837158,1.5750000476837158,90416
"PROG","Progenity, Inc. - Common Stock","2021-08-16 13:30:00-04:00",1.5700000524520874,1.5800000429153442,1.5612000226974487,1.5800000429153442,1.5800000429153442,45761
"PROG","Progenity, Inc. - Common Stock","2021-08-16 14:30:00-04:00",1.5800000429153442,1.5800000429153442,1.559999942779541,1.5700000524520874,1.5700000524520874,57435
"PROG","Progenity, Inc. - Common Stock","2021-08-16 15:30:00-04:00",1.5700000524520874,1.5700000524520874,1.5499999523162842,1.559999942779541,1.559999942779541,111918
"PROG","Progenity, Inc. - Common Stock","2021-08-16 16:00:00-04:00",1.57,1.57,1.55,1.55,1.55,0
"PROG","Progenity, Inc. - Common Stock","2021-08-16 17:00:00-04:00",1.57,1.6,1.57,1.59,1.59,0
"PROG","Progenity, Inc. - Common Stock","2021-08-16 18:00:00-04:00",1.57,1.57,1.56,1.56,1.56,0
"PROG","Progenity, Inc. - Common Stock","2021-08-16 19:00:00-04:00",1.6,1.6,1.6,1.6,1.6,0
"PROG","Progenity, Inc. - Common Stock","2021-08-17 07:00:00-04:00",1.55,1.55,1.55,1.55,1.55,0
"PROG","Progenity, Inc. - Common Stock","2021-08-17 08:00:00-04:00",1.5599,1.56,1.55,1.55,1.55,0
"PROG","Progenity, Inc. - Common Stock","2021-08-17 09:00:00-04:00",1.55,1.55,1.55,1.55,1.55,0
"PROG","Progenity, Inc. - Common Stock","2021-08-17 09:30:00-04:00",1.5199999809265137,1.6150000095367432,1.5,1.6150000095367432,1.6150000095367432,346874
"PROG","Progenity, Inc. - Common Stock","2021-08-17 10:30:00-04:00",1.6100000143051147,1.6200000047683716,1.5700000524520874,1.590000033378601,1.590000033378601,173797
"PROG","Progenity, Inc. - Common Stock","2021-08-17 11:30:00-04:00",1.590000033378601,1.6399999856948853,1.559999942779541,1.6200000047683716,1.6200000047683716,136634
"PROG","Progenity, Inc. - Common Stock","2021-08-17 12:30:00-04:00",1.6150000095367432,1.6699999570846558,1.600000023841858,1.6649999618530271,1.6649999618530271,117310
"PROG","Progenity, Inc. - Common Stock","2021-08-17 13:30:00-04:00",1.659999966621399,1.75,1.649999976158142,1.6950000524520874,1.6950000524520874,481411
"PROG","Progenity, Inc. - Common Stock","2021-08-17 14:30:00-04:00",1.7000000476837158,1.7276999950408936,1.659999966621399,1.6799999475479126,1.6799999475479126,241919
"PROG","Progenity, Inc. - Common Stock","2021-08-17 15:30:00-04:00",1.6799999475479126,1.6799999475479126,1.6549999713897705,1.6649999618530271,1.6649999618530271,170888
"PROG","Progenity, Inc. - Common Stock","2021-08-17 16:00:00-04:00",1.68,1.71,1.68,1.68,1.68,0
"PROG","Progenity, Inc. - Common Stock","2021-08-17 17:00:00-04:00",1.73,1.73,1.72,1.73,1.73,0
"PROG","Progenity, Inc. - Common Stock","2021-08-17 18:00:00-04:00",1.73,1.73,1.73,1.73,1.73,0
"PROG","Progenity, Inc. - Common Stock","2021-08-18 07:00:00-04:00",1.68,1.68,1.68,1.68,1.68,0
"PROG","Progenity, Inc. - Common Stock","2021-08-18 08:00:00-04:00",1.67,1.74,1.66,1.74,1.74,0
"PROG","Progenity, Inc. - Common Stock","2021-08-18 09:00:00-04:00",1.74,1.74,1.69,1.7,1.7,0
"PROG","Progenity, Inc. - Common Stock","2021-08-18 09:30:00-04:00",1.6699999570846558,1.677899956703186,1.600000023841858,1.6100000143051147,1.6100000143051147,140422
"PROG","Progenity, Inc. - Common Stock","2021-08-18 10:30:00-04:00",1.6100000143051147,1.7000000476837158,1.600000023841858,1.690000057220459,1.690000057220459,72675
"PROG","Progenity, Inc. - Common Stock","2021-08-18 11:30:00-04:00",1.6799999475479126,1.690000057220459,1.6536999940872192,1.6649999618530271,1.6649999618530271,39304
"PROG","Progenity, Inc. - Common Stock","2021-08-18 12:30:00-04:00",1.6649999618530271,1.6699999570846558,1.6399999856948853,1.6401000022888184,1.6401000022888184,33025
"PROG","Progenity, Inc. - Common Stock","2021-08-18 13:30:00-04:00",1.6449999809265137,1.649999976158142,1.6200000047683716,1.649999976158142,1.649999976158142,69827
"PROG","Progenity, Inc. - Common Stock","2021-08-18 14:30:00-04:00",1.649999976158142,1.649999976158142,1.6200000047683716,1.625,1.625,36246
"PROG","Progenity, Inc. - Common Stock","2021-08-18 15:30:00-04:00",1.6200000047683716,1.629899978637695,1.600000023841858,1.6100000143051147,1.6100000143051147,127702
"PROG","Progenity, Inc. - Common Stock","2021-08-18 16:00:00-04:00",1.6,1.6001,1.6,1.6,1.6,0
"PROG","Progenity, Inc. - Common Stock","2021-08-18 17:00:00-04:00",1.63,1.63,1.62,1.62,1.62,0
"PROG","Progenity, Inc. - Common Stock","2021-08-18 18:00:00-04:00",1.62,1.62,1.62,1.62,1.62,0
"PROG","Progenity, Inc. - Common Stock","2021-08-18 19:00:00-04:00",1.61,1.61,1.61,1.61,1.61,0
"PROG","Progenity, Inc. - Common Stock","2021-08-19 04:00:00-04:00",1.6,1.6,1.6,1.6,1.6,0
"PROG","Progenity, Inc. - Common Stock","2021-08-19 05:00:00-04:00",1.6,1.6,1.6,1.6,1.6,0
"PROG","Progenity, Inc. - Common Stock","2021-08-19 06:00:00-04:00",1.59,1.6,1.59,1.6,1.6,0
"PROG","Progenity, Inc. - Common Stock","2021-08-19 07:00:00-04:00",1.6,1.65,1.6,1.65,1.65,0
"PROG","Progenity, Inc. - Common Stock","2021-08-19 08:00:00-04:00",1.61,1.63,1.61,1.63,1.63,0
"PROG","Progenity, Inc. - Common Stock","2021-08-19 09:00:00-04:00",1.61,1.63,1.59,1.6,1.6,0
"PROG","Progenity, Inc. - Common Stock","2021-08-19 09:30:00-04:00",1.600000023841858,1.649999976158142,1.530500054359436,1.5950000286102295,1.5950000286102295,155316
"PROG","Progenity, Inc. - Common Stock","2021-08-19 10:30:00-04:00",1.600000023841858,1.600000023841858,1.5499999523162842,1.559999942779541,1.559999942779541,87608
"PROG","Progenity, Inc. - Common Stock","2021-08-19 11:30:00-04:00",1.551800012588501,1.5700000524520874,1.5399999618530271,1.5499999523162842,1.5499999523162842,107184
"PROG","Progenity, Inc. - Common Stock","2021-08-19 12:30:00-04:00",1.548799991607666,1.559999942779541,1.534500002861023,1.5398999452590942,1.5398999452590942,46284
"PROG","Progenity, Inc. - Common Stock","2021-08-19 13:30:00-04:00",1.534999966621399,1.5399999618530271,1.5149999856948853,1.5299999713897705,1.5299999713897705,87565
"PROG","Progenity, Inc. - Common Stock","2021-08-19 14:30:00-04:00",1.524999976158142,1.5399999618530271,1.5199999809265137,1.524999976158142,1.524999976158142,54869
"PROG","Progenity, Inc. - Common Stock","2021-08-19 15:30:00-04:00",1.5217000246047974,1.5298999547958374,1.4700000286102295,1.4900000095367432,1.4900000095367432,263385
"PROG","Progenity, Inc. - Common Stock","2021-08-19 16:00:00-04:00",1.49,1.5,0.99,1.07,1.07,0
"PROG","Progenity, Inc. - Common Stock","2021-08-19 17:00:00-04:00",1.07,1.07,1.0,1.04,1.04,0
"PROG","Progenity, Inc. - Common Stock","2021-08-19 18:00:00-04:00",1.04,1.05,1.02,1.04,1.04,0
"PROG","Progenity, Inc. - Common Stock","2021-08-19 19:00:00-04:00",1.05,1.09,1.03,1.04,1.04,0
"PROG","Progenity, Inc. - Common Stock","2021-08-20 04:00:00-04:00",1.05,1.05,0.84,0.8571,0.8571,0
"PROG","Progenity, Inc. - Common Stock","2021-08-20 05:00:00-04:00",0.8768,0.8768,0.81,0.8145,0.8145,0
"PROG","Progenity, Inc. - Common Stock","2021-08-20 06:00:00-04:00",0.813,0.82,0.7931,0.801,0.801,0
"PROG","Progenity, Inc. - Common Stock","2021-08-20 07:00:00-04:00",0.8085,0.81,0.741,0.7442,0.7442,0
"PROG","Progenity, Inc. - Common Stock","2021-08-20 08:00:00-04:00",0.7444,0.79,0.7055,0.71,0.71,0
"PROG","Progenity, Inc. - Common Stock","2021-08-20 09:00:00-04:00",0.715,0.717,0.7,0.717,0.717,0
"PROG","Progenity, Inc. - Common Stock","2021-08-20 09:30:00-04:00",0.7052000164985657,0.7278000116348267,0.6579999923706055,0.6729000210762024,0.6729000210762024,23273722
"PROG","Progenity, Inc. - Common Stock","2021-08-20 10:30:00-04:00",0.6747000217437744,0.6951000094413757,0.6603000164031982,0.6759999990463257,0.6759999990463257,5571353
"PROG","Progenity, Inc. - Common Stock","2021-08-20 11:30:00-04:00",0.6769000291824341,0.6830000281333923,0.6600000262260437,0.663100004196167,0.663100004196167,3842647
"PROG","Progenity, Inc. - Common Stock","2021-08-20 12:30:00-04:00",0.6629999876022339,0.6869999766349792,0.6599000096321106,0.6825000047683716,0.6825000047683716,2318380
"PROG","Progenity, Inc. - Common Stock","2021-08-20 13:30:00-04:00",0.682699978351593,0.6852999925613403,0.6700000166893005,0.6751999855041504,0.6751999855041504,2679548
"PROG","Progenity, Inc. - Common Stock","2021-08-20 14:30:00-04:00",0.6753000020980835,0.6753000020980835,0.6610999703407288,0.6682999730110168,0.6682999730110168,2835022
"PROG","Progenity, Inc. - Common Stock","2021-08-20 15:30:00-04:00",0.6683499813079834,0.6789000034332275,0.6615999937057495,0.666100025177002,0.666100025177002,3385633
"PROG","Progenity, Inc. - Common Stock","2021-08-20 16:00:00-04:00",0.6739,0.68,0.665,0.679799,0.679799,0
"PROG","Progenity, Inc. - Common Stock","2021-08-20 17:00:00-04:00",0.6798,0.6839,0.6745,0.6799,0.6799,0
"PROG","Progenity, Inc. - Common Stock","2021-08-20 18:00:00-04:00",0.68,0.6859,0.6751,0.68,0.68,0
"PROG","Progenity, Inc. - Common Stock","2021-08-20 19:00:00-04:00",0.68,0.6875,0.675,0.684,0.684,0
"PROG","Progenity, Inc. - Common Stock","2021-08-23 04:00:00-04:00",0.689,0.7134,0.684,0.7134,0.7134,0
"PROG","Progenity, Inc. - Common Stock","2021-08-23 05:00:00-04:00",0.7134,0.7134,0.6837,0.6942,0.6942,0
"PROG","Progenity, Inc. - Common Stock","2021-08-23 06:00:00-04:00",0.695,0.7094,0.6851,0.6971,0.6971,0
"PROG","Progenity, Inc. - Common Stock","2021-08-23 07:00:00-04:00",0.6949,0.6995,0.6825,0.6879,0.6879,0
"PROG","Progenity, Inc. - Common Stock","2021-08-23 08:00:00-04:00",0.6875,0.695,0.6821,0.6833,0.6833,0
"PROG","Progenity, Inc. - Common Stock","2021-08-23 09:00:00-04:00",0.6835,0.7,0.6816,0.6986,0.6986,0
"PROG","Progenity, Inc. - Common Stock","2021-08-23 09:30:00-04:00",0.6909999847412109,0.7199000120162964,0.6899999976158142,0.6983000040054321,0.6983000040054321,6489886
"PROG","Progenity, Inc. - Common Stock","2021-08-23 10:30:00-04:00",0.6983000040054321,0.7110000252723694,0.6983000040054321,0.7092000246047974,0.7092000246047974,1796766
"PROG","Progenity, Inc. - Common Stock","2021-08-23 11:30:00-04:00",0.7092000246047974,0.7110999822616577,0.7039999961853027,0.7041000127792358,0.7041000127792358,1522661
"PROG","Progenity, Inc. - Common Stock","2021-08-23 12:30:00-04:00",0.7041000127792358,0.7300000190734863,0.7001000046730042,0.7300000190734863,0.7300000190734863,3295175
"PROG","Progenity, Inc. - Common Stock","2021-08-23 13:30:00-04:00",0.7297499775886536,0.7569000124931335,0.7250000238418579,0.7459999918937683,0.7459999918937683,4376803
"PROG","Progenity, Inc. - Common Stock","2021-08-23 14:30:00-04:00",0.7459999918937683,0.7574999928474426,0.7350000143051147,0.7498000264167786,0.7498000264167786,1823175
"PROG","Progenity, Inc. - Common Stock","2021-08-23 15:30:00-04:00",0.7498000264167786,0.7572000026702881,0.747501015663147,0.7540000081062317,0.7540000081062317,1223721
"PROG","Progenity, Inc. - Common Stock","2021-08-23 16:00:00-04:00",0.7572,0.76,0.75,0.752,0.752,0
"PROG","Progenity, Inc. - Common Stock","2021-08-23 17:00:00-04:00",0.7525,0.759,0.752,0.757,0.757,0
"PROG","Progenity, Inc. - Common Stock","2021-08-23 18:00:00-04:00",0.7575,0.76,0.753,0.76,0.76,0
"PROG","Progenity, Inc. - Common Stock","2021-08-23 19:00:00-04:00",0.76,0.76,0.7445,0.755,0.755,0
"PROG","Progenity, Inc. - Common Stock","2021-08-24 04:00:00-04:00",0.76,0.777,0.7572,0.777,0.777,0
"PROG","Progenity, Inc. - Common Stock","2021-08-24 05:00:00-04:00",0.777,0.7795,0.77,0.77,0.77,0
"PROG","Progenity, Inc. - Common Stock","2021-08-24 06:00:00-04:00",0.77,0.7735,0.76,0.764,0.764,0
"PROG","Progenity, Inc. - Common Stock","2021-08-24 07:00:00-04:00",0.764,0.77,0.7405,0.7405,0.7405,0
"PROG","Progenity, Inc. - Common Stock","2021-08-24 08:00:00-04:00",0.7445,0.7625,0.7401,0.75,0.75,0
"PROG","Progenity, Inc. - Common Stock","2021-08-24 09:00:00-04:00",0.7498,0.7572,0.7443,0.75,0.75,0
"PROG","Progenity, Inc. - Common Stock","2021-08-24 09:30:00-04:00",0.7400000095367432,0.754800021648407,0.7200999855995178,0.7475000023841858,0.7475000023841858,2970496
"PROG","Progenity, Inc. - Common Stock","2021-08-24 10:30:00-04:00",0.7497000098228455,0.7498000264167786,0.7400000095367432,0.7400000095367432,0.7400000095367432,1234165
"PROG","Progenity, Inc. - Common Stock","2021-08-24 11:30:00-04:00",0.7400000095367432,0.7541000247001648,0.7400000095367432,0.7519999742507935,0.7519999742507935,1078893
"PROG","Progenity, Inc. - Common Stock","2021-08-24 12:30:00-04:00",0.7520999908447266,0.8025000095367432,0.7501999735832214,0.8023999929428101,0.8023999929428101,3379263
"PROG","Progenity, Inc. - Common Stock","2021-08-24 13:30:00-04:00",0.801800012588501,0.8399999737739563,0.7900999784469604,0.7949000000953674,0.7949000000953674,3925540
"PROG","Progenity, Inc. - Common Stock","2021-08-24 14:30:00-04:00",0.7950000166893005,0.8233000040054321,0.7799999713897705,0.8202000260353088,0.8202000260353088,1379787
"PROG","Progenity, Inc. - Common Stock","2021-08-24 15:30:00-04:00",0.8202999830245972,0.8203999996185303,0.8100000023841858,0.8198000192642212,0.8198000192642212,758458
"PROG","Progenity, Inc. - Common Stock","2021-08-24 16:00:00-04:00",0.8198,0.85,0.791,0.84,0.84,0
"PROG","Progenity, Inc. - Common Stock","2021-08-24 17:00:00-04:00",0.85,0.89,0.84,0.868,0.868,0
"PROG","Progenity, Inc. - Common Stock","2021-08-24 18:00:00-04:00",0.86,0.8616,0.846,0.8501,0.8501,0
"PROG","Progenity, Inc. - Common Stock","2021-08-24 19:00:00-04:00",0.85,0.864,0.84,0.8562,0.8562,0
"PROG","Progenity, Inc. - Common Stock","2021-08-25 04:00:00-04:00",0.85,0.8562,0.82,0.831,0.831,0
"PROG","Progenity, Inc. - Common Stock","2021-08-25 05:00:00-04:00",0.839,0.87,0.835,0.86,0.86,0
"PROG","Progenity, Inc. - Common Stock","2021-08-25 06:00:00-04:00",0.8644,0.8681,0.83,0.8305,0.8305,0
"PROG","Progenity, Inc. - Common Stock","2021-08-25 07:00:00-04:00",0.8488,0.849,0.831,0.8355,0.8355,0
"PROG","Progenity, Inc. - Common Stock","2021-08-25 08:00:00-04:00",0.8355,0.85,0.81,0.83,0.83,0
"PROG","Progenity, Inc. - Common Stock","2021-08-25 09:00:00-04:00",0.8287,0.8325,0.811,0.826,0.826,0
"PROG","Progenity, Inc. - Common Stock","2021-08-25 09:30:00-04:00",0.8349999785423279,0.8349999785423279,0.7832000255584717,0.8111000061035156,0.8111000061035156,2312431
"PROG","Progenity, Inc. - Common Stock","2021-08-25 10:30:00-04:00",0.8080999851226807,0.8111000061035156,0.7609999775886536,0.7660999894142151,0.7660999894142151,1921623
"PROG","Progenity, Inc. - Common Stock","2021-08-25 11:30:00-04:00",0.7671999931335449,0.7893999814987183,0.7649999856948853,0.7810999751091003,0.7810999751091003,1387844
"PROG","Progenity, Inc. - Common Stock","2021-08-25 12:30:00-04:00",0.7809000015258789,0.7939000129699707,0.7713000178337097,0.7929999828338623,0.7929999828338623,849329
"PROG","Progenity, Inc. - Common Stock","2021-08-25 13:30:00-04:00",0.7934100031852722,0.7998999953269958,0.7894999980926514,0.7939000129699707,0.7939000129699707,1088723
"PROG","Progenity, Inc. - Common Stock","2021-08-25 14:30:00-04:00",0.7939000129699707,0.8129000067710876,0.7932999730110168,0.8048499822616577,0.8048499822616577,803791
"PROG","Progenity, Inc. - Common Stock","2021-08-25 15:30:00-04:00",0.8032000064849854,0.8282999992370605,0.8029999732971191,0.8094000220298767,0.8094000220298767,939289
"PROG","Progenity, Inc. - Common Stock","2021-08-25 16:00:00-04:00",0.8094,0.82,0.7965,0.809,0.809,0
"PROG","Progenity, Inc. - Common Stock","2021-08-25 17:00:00-04:00",0.814,0.814,0.8,0.805,0.805,0
"PROG","Progenity, Inc. - Common Stock","2021-08-25 18:00:00-04:00",0.805,0.81,0.8,0.801,0.801,0
"PROG","Progenity, Inc. - Common Stock","2021-08-25 19:00:00-04:00",0.7998,0.815,0.7982,0.8,0.8,0
"PROG","Progenity, Inc. - Common Stock","2021-08-26 04:00:00-04:00",0.8116,0.8116,0.78,0.78,0.78,0
"PROG","Progenity, Inc. - Common Stock","2021-08-26 05:00:00-04:00",0.8,0.8,0.7802,0.7803,0.7803,0
"PROG","Progenity, Inc. - Common Stock","2021-08-26 06:00:00-04:00",0.8,0.82,0.797,0.8,0.8,0
"PROG","Progenity, Inc. - Common Stock","2021-08-26 07:00:00-04:00",0.7969,0.8,0.79,0.8,0.8,0
"PROG","Progenity, Inc. - Common Stock","2021-08-26 08:00:00-04:00",0.8,0.81,0.785,0.79,0.79,0
"PROG","Progenity, Inc. - Common Stock","2021-08-26 09:00:00-04:00",0.7951,0.8,0.782,0.798,0.798,0
"PROG","Progenity, Inc. - Common Stock","2021-08-26 09:30:00-04:00",0.7954000234603882,0.7976999878883362,0.7630000114440918,0.7630000114440918,0.7630000114440918,1797218
"PROG","Progenity, Inc. - Common Stock","2021-08-26 10:30:00-04:00",0.7699999809265137,0.7749000191688538,0.7330999970436096,0.7598999738693237,0.7598999738693237,2844789
"PROG","Progenity, Inc. - Common Stock","2021-08-26 11:30:00-04:00",0.7599499821662903,0.7789999842643738,0.7540000081062317,0.7699999809265137,0.7699999809265137,1133094
"PROG","Progenity, Inc. - Common Stock","2021-08-26 12:30:00-04:00",0.7699999809265137,0.7799999713897705,0.7609999775886536,0.7629500031471252,0.7629500031471252,667057
"PROG","Progenity, Inc. - Common Stock","2021-08-26 13:30:00-04:00",0.7629500031471252,0.7703999876976013,0.7541000247001648,0.7696999907493591,0.7696999907493591,600421
"PROG","Progenity, Inc. - Common Stock","2021-08-26 14:30:00-04:00",0.769599974155426,0.7696499824523926,0.7549999952316284,0.7591999769210815,0.7591999769210815,283948
"PROG","Progenity, Inc. - Common Stock","2021-08-26 15:30:00-04:00",0.7594000101089478,0.7699000239372253,0.7549999952316284,0.7599999904632568,0.7599999904632568,418482
"PROG","Progenity, Inc. - Common Stock","2021-08-26 16:00:00-04:00",0.7668,0.77,0.761,0.7674,0.7674,0
"PROG","Progenity, Inc. - Common Stock","2021-08-26 17:00:00-04:00",0.7674,0.7675,0.76,0.7675,0.7675,0
"PROG","Progenity, Inc. - Common Stock","2021-08-26 18:00:00-04:00",0.7675,0.7699,0.762,0.762,0.762,0
"PROG","Progenity, Inc. - Common Stock","2021-08-26 19:00:00-04:00",0.7655,0.7655,0.7612,0.7612,0.7612,0
"PROG","Progenity, Inc. - Common Stock","2021-08-27 04:00:00-04:00",0.7826,0.89,0.7826,0.8151,0.8151,0
"PROG","Progenity, Inc. - Common Stock","2021-08-27 05:00:00-04:00",0.8153,0.821,0.803,0.803,0.803,0
"PROG","Progenity, Inc. - Common Stock","2021-08-27 06:00:00-04:00",0.8035,0.8088,0.7811,0.7851,0.7851,0
"PROG","Progenity, Inc. - Common Stock","2021-08-27 07:00:00-04:00",0.7835,0.7851,0.765,0.773,0.773,0
"PROG","Progenity, Inc. - Common Stock","2021-08-27 08:00:00-04:00",0.78,0.783,0.767,0.775,0.775,0
"PROG","Progenity, Inc. - Common Stock","2021-08-27 09:00:00-04:00",0.7702,0.7774,0.7684,0.775,0.775,0
"PROG","Progenity, Inc. - Common Stock","2021-08-27 09:30:00-04:00",0.7799000144004822,0.7799000144004822,0.7450000047683716,0.7560999989509583,0.7560999989509583,1924087
"PROG","Progenity, Inc. - Common Stock","2021-08-27 10:30:00-04:00",0.7562999725341797,0.7682999968528748,0.7562999725341797,0.7634999752044678,0.7634999752044678,796684
"PROG","Progenity, Inc. - Common Stock","2021-08-27 11:30:00-04:00",0.7639999985694885,0.7699999809265137,0.7621999979019165,0.7645000219345093,0.7645000219345093,555801
"PROG","Progenity, Inc. - Common Stock","2021-08-27 12:30:00-04:00",0.7645000219345093,0.7645000219345093,0.751800000667572,0.756850004196167,0.756850004196167,1052934
"PROG","Progenity, Inc. - Common Stock","2021-08-27 13:30:00-04:00",0.756850004196167,0.7577000260353088,0.7450000047683716,0.7516999840736389,0.7516999840736389,1368180
"PROG","Progenity, Inc. - Common Stock","2021-08-27 14:30:00-04:00",0.7529000043869019,0.7674999833106995,0.7473000288009644,0.7531999945640564,0.7531999945640564,791926
"PROG","Progenity, Inc. - Common Stock","2021-08-27 15:30:00-04:00",0.7533000111579895,0.7598000168800354,0.7509999871253967,0.7560999989509583,0.7560999989509583,595739
"PROG","Progenity, Inc. - Common Stock","2021-08-27 16:00:00-04:00",0.7548,0.7603,0.75,0.755,0.755,0
"PROG","Progenity, Inc. - Common Stock","2021-08-27 17:00:00-04:00",0.755,0.7798,0.752,0.77,0.77,0
"PROG","Progenity, Inc. - Common Stock","2021-08-27 18:00:00-04:00",0.77,0.79,0.765,0.766,0.766,0
"PROG","Progenity, Inc. - Common Stock","2021-08-27 19:00:00-04:00",0.7766,0.7999,0.7615,0.78,0.78,0
"PROG","Progenity, Inc. - Common Stock","2021-08-30 04:00:00-04:00",0.78,0.804,0.7668,0.8,0.8,0
"PROG","Progenity, Inc. - Common Stock","2021-08-30 05:00:00-04:00",0.7999,0.8051,0.7796,0.8051,0.8051,0
"PROG","Progenity, Inc. - Common Stock","2021-08-30 06:00:00-04:00",0.7983,0.7983,0.76,0.76,0.76,0
"PROG","Progenity, Inc. - Common Stock","2021-08-30 07:00:00-04:00",0.7735,0.7978,0.77,0.7746,0.7746,0
"PROG","Progenity, Inc. - Common Stock","2021-08-30 08:00:00-04:00",0.77,0.7864,0.7601,0.774,0.774,0
"PROG","Progenity, Inc. - Common Stock","2021-08-30 09:00:00-04:00",0.7738,0.7869,0.7666,0.78,0.78,0
"PROG","Progenity, Inc. - Common Stock","2021-08-30 09:30:00-04:00",0.7799999713897705,0.7821999788284302,0.7549999952316284,0.7574999928474426,0.7574999928474426,3416873
"PROG","Progenity, Inc. - Common Stock","2021-08-30 10:30:00-04:00",0.7572500109672546,0.7764000296592712,0.7570000290870667,0.7730000019073486,0.7730000019073486,1919057
"PROG","Progenity, Inc. - Common Stock","2021-08-30 11:30:00-04:00",0.7700999975204468,0.7885000109672546,0.7699999809265137,0.7860900163650513,0.7860900163650513,1226501
"PROG","Progenity, Inc. - Common Stock","2021-08-30 12:30:00-04:00",0.7860000133514404,0.8633999824523926,0.7860000133514404,0.8174999952316284,0.8174999952316284,6611223
"PROG","Progenity, Inc. - Common Stock","2021-08-30 13:30:00-04:00",0.8163999915122986,0.8277000188827515,0.800000011920929,0.8152009844779968,0.8152009844779968,1902699
"PROG","Progenity, Inc. - Common Stock","2021-08-30 14:30:00-04:00",0.8152009844779968,0.8349999785423279,0.800000011920929,0.800000011920929,0.800000011920929,1856237
"PROG","Progenity, Inc. - Common Stock","2021-08-30 15:30:00-04:00",0.800000011920929,0.8100000023841858,0.7950000166893005,0.7976999878883362,0.7976999878883362,1076286
"PROG","Progenity, Inc. - Common Stock","2021-08-30 16:00:00-04:00",0.8,0.8299,0.7999,0.8089,0.8089,0
"PROG","Progenity, Inc. - Common Stock","2021-08-30 17:00:00-04:00",0.8,0.8103,0.79,0.7905,0.7905,0
"PROG","Progenity, Inc. - Common Stock","2021-08-31 18:00:00-04:00",0.909,0.92,0.9,0.92,0.92,0
"PROG","Progenity, Inc. - Common Stock","2021-08-31 19:00:00-04:00",0.92,0.94,0.9,0.9337,0.9337,0
"PROG","Progenity, Inc. - Common Stock","2021-09-01 04:00:00-04:00",0.935,0.935,0.9,0.9,0.9,0
"PROG","Progenity, Inc. - Common Stock","2021-09-01 05:00:00-04:00",0.929,0.9403,0.9116,0.925,0.925,0
"PROG","Progenity, Inc. - Common Stock","2021-09-01 06:00:00-04:00",0.9261,0.9398,0.9145,0.93,0.93,0
"PROG","Progenity, Inc. - Common Stock","2021-09-01 07:00:00-04:00",0.9257,0.9492,0.924,0.9373,0.9373,0
"PROG","Progenity, Inc. - Common Stock","2021-09-01 08:00:00-04:00",0.939,0.96,0.92,0.9552,0.9552,0
"PROG","Progenity, Inc. - Common Stock","2021-09-01 09:00:00-04:00",0.96,0.96,0.92,0.928,0.928,0
"PROG","Progenity, Inc. - Common Stock","2021-09-01 09:30:00-04:00",0.9294000267982484,0.9890000224113464,0.9100000262260436,0.9739999771118164,0.9739999771118164,8455575
"PROG","Progenity, Inc. - Common Stock","2021-09-01 10:30:00-04:00",0.9728999733924866,1.0700000524520874,0.970201015472412,1.0099999904632568,1.0099999904632568,11498402
"PROG","Progenity, Inc. - Common Stock","2021-09-01 11:30:00-04:00",1.0199999809265137,1.0199999809265137,0.949999988079071,0.9639989733695984,0.9639989733695984,5696945
"PROG","Progenity, Inc. - Common Stock","2021-09-01 12:30:00-04:00",0.9629999995231628,0.9980000257492064,0.949999988079071,0.9979000091552734,0.9979000091552734,2239267
"PROG","Progenity, Inc. - Common Stock","2021-09-01 13:30:00-04:00",0.9969000220298768,0.9970009922981262,0.9301000237464904,0.9432500004768372,0.9432500004768372,2173609
"PROG","Progenity, Inc. - Common Stock","2021-09-01 14:30:00-04:00",0.9436500072479248,0.949999988079071,0.9100000262260436,0.9490000009536744,0.9490000009536744,2421101
"PROG","Progenity, Inc. - Common Stock","2021-09-01 15:30:00-04:00",0.9490000009536744,0.977400004863739,0.9460999965667723,0.977400004863739,0.977400004863739,1524533
"PROG","Progenity, Inc. - Common Stock","2021-09-01 16:00:00-04:00",0.9774,0.989,0.9479,0.9479,0.9479,0
"PROG","Progenity, Inc. - Common Stock","2021-09-01 17:00:00-04:00",0.9426,0.95,0.925,0.945,0.945,0
"PROG","Progenity, Inc. - Common Stock","2021-09-01 18:00:00-04:00",0.9351,1.02,0.9351,1.01,1.01,0
"PROG","Progenity, Inc. - Common Stock","2021-09-01 19:00:00-04:00",1.0,1.01,0.98,0.9802,0.9802,0
"PROG","Progenity, Inc. - Common Stock","2021-09-02 04:00:00-04:00",1.0,1.04,0.9774,0.978,0.978,0
"PROG","Progenity, Inc. - Common Stock","2021-09-02 05:00:00-04:00",0.98,0.99,0.96,0.97,0.97,0
"PROG","Progenity, Inc. - Common Stock","2021-09-02 06:00:00-04:00",0.96,0.9698,0.96,0.9698,0.9698,0
"PROG","Progenity, Inc. - Common Stock","2021-09-02 07:00:00-04:00",0.9698,0.975,0.96,0.9735,0.9735,0
"PROG","Progenity, Inc. - Common Stock","2021-09-02 08:00:00-04:00",0.97,1.0,0.96,0.99,0.99,0
"PROG","Progenity, Inc. - Common Stock","2021-09-02 09:00:00-04:00",0.99,0.9995,0.97,0.9701,0.9701,0
"PROG","Progenity, Inc. - Common Stock","2021-09-02 09:30:00-04:00",0.9843000173568726,0.98989999294281,0.9265000224113464,0.9301999807357788,0.9301999807357788,3537548
"PROG","Progenity, Inc. - Common Stock","2021-09-02 10:30:00-04:00",0.9330000281333924,1.0199999809265137,0.9300000071525574,1.0049999952316284,1.0049999952316284,3798709
"PROG","Progenity, Inc. - Common Stock","2021-09-02 11:30:00-04:00",1.0099999904632568,1.0780999660491943,1.0,1.0499999523162842,1.0499999523162842,4166768
"PROG","Progenity, Inc. - Common Stock","2021-09-02 12:30:00-04:00",1.0499999523162842,1.0499999523162842,1.0099999904632568,1.034999966621399,1.034999966621399,1857246
"PROG","Progenity, Inc. - Common Stock","2021-09-02 13:30:00-04:00",1.034999966621399,1.0399999618530271,1.0299999713897705,1.034999966621399,1.034999966621399,784961
"PROG","Progenity, Inc. - Common Stock","2021-09-02 14:30:00-04:00",1.0299999713897705,1.0499999523162842,1.0299999713897705,1.034999966621399,1.034999966621399,1058230
"PROG","Progenity, Inc. - Common Stock","2021-09-02 15:30:00-04:00",1.034999966621399,1.0499999523162842,1.034999966621399,1.0499999523162842,1.0499999523162842,570108
"PROG","Progenity, Inc. - Common Stock","2021-09-02 16:00:00-04:00",1.05,1.05,1.02,1.04,1.04,0
"PROG","Progenity, Inc. - Common Stock","2021-09-02 17:00:00-04:00",1.04,1.04,1.02,1.03,1.03,0
"PROG","Progenity, Inc. - Common Stock","2021-09-02 18:00:00-04:00",1.0399,1.04,1.03,1.04,1.04,0
"PROG","Progenity, Inc. - Common Stock","2021-09-02 19:00:00-04:00",1.04,1.05,1.02,1.05,1.05,0
"PROG","Progenity, Inc. - Common Stock","2021-09-03 04:00:00-04:00",1.06,1.06,1.03,1.03,1.03,0
"PROG","Progenity, Inc. - Common Stock","2021-09-03 05:00:00-04:00",1.03,1.06,1.01,1.03,1.03,0
"PROG","Progenity, Inc. - Common Stock","2021-09-03 06:00:00-04:00",1.03,1.05,1.0,1.02,1.02,0
"PROG","Progenity, Inc. - Common Stock","2021-09-03 07:00:00-04:00",1.02,1.05,1.02,1.03,1.03,0
"PROG","Progenity, Inc. - Common Stock","2021-09-03 08:00:00-04:00",1.03,1.05,1.02,1.04,1.04,0
"PROG","Progenity, Inc. - Common Stock","2021-09-03 09:00:00-04:00",1.04,1.06,1.04,1.06,1.06,0
"PROG","Progenity, Inc. - Common Stock","2021-09-03 09:30:00-04:00",1.059999942779541,1.25,1.0499999523162842,1.1799999475479126,1.1799999475479126,11780256
"PROG","Progenity, Inc. - Common Stock","2021-09-03 10:30:00-04:00",1.1799999475479126,1.2100000381469729,1.100000023841858,1.1200000047683716,1.1200000047683716,5340395
"PROG","Progenity, Inc. - Common Stock","2021-09-03 11:30:00-04:00",1.1299999952316284,1.149999976158142,1.100000023841858,1.1399999856948853,1.1399999856948853,2261730
"PROG","Progenity, Inc. - Common Stock","2021-09-03 12:30:00-04:00",1.1399999856948853,1.159999966621399,1.1200000047683716,1.1200000047683716,1.1200000047683716,1584835
"PROG","Progenity, Inc. - Common Stock","2021-09-03 13:30:00-04:00",1.125,1.1299999952316284,1.100000023841858,1.1103999614715576,1.1103999614715576,1216071
"PROG","Progenity, Inc. - Common Stock","2021-09-03 14:30:00-04:00",1.110100030899048,1.1399999856948853,1.059999942779541,1.1008000373840332,1.1008000373840332,3076997
"PROG","Progenity, Inc. - Common Stock","2021-09-03 15:30:00-04:00",1.1050000190734863,1.1299999952316284,1.090000033378601,1.100000023841858,1.100000023841858,1218028
"PROG","Progenity, Inc. - Common Stock","2021-09-03 16:00:00-04:00",1.11,1.13,1.09,1.11,1.11,0
"PROG","Progenity, Inc. - Common Stock","2021-09-03 17:00:00-04:00",1.1,1.12,1.1,1.11,1.11,0
"PROG","Progenity, Inc. - Common Stock","2021-09-03 18:00:00-04:00",1.12,1.12,1.1,1.12,1.12,0
"PROG","Progenity, Inc. - Common Stock","2021-09-03 19:00:00-04:00",1.1199,1.14,1.1,1.14,1.14,0
"PROG","Progenity, Inc. - Common Stock","2021-09-07 04:00:00-04:00",1.15,1.23,1.14,1.17,1.17,0
"PROG","Progenity, Inc. - Common Stock","2021-09-07 05:00:00-04:00",1.19,1.21,1.17,1.2,1.2,0
"PROG","Progenity, Inc. - Common Stock","2021-09-07 06:00:00-04:00",1.2,1.2,1.15,1.16,1.16,0
"PROG","Progenity, Inc. - Common Stock","2021-09-07 07:00:00-04:00",1.16,1.19,1.16,1.17,1.17,0
"PROG","Progenity, Inc. - Common Stock","2021-09-07 08:00:00-04:00",1.18,1.2,1.16,1.19,1.19,0
"PROG","Progenity, Inc. - Common Stock","2021-09-07 09:00:00-04:00",1.18,1.19,1.17,1.17,1.17,0
"PROG","Progenity, Inc. - Common Stock","2021-09-07 09:30:00-04:00",1.1749999523162842,1.190000057220459,1.100000023841858,1.100000023841858,1.100000023841858,4706396
"PROG","Progenity, Inc. - Common Stock","2021-09-07 10:30:00-04:00",1.10099995136261,1.1200000047683716,1.059999942779541,1.0785000324249268,1.0785000324249268,3108944
"PROG","Progenity, Inc. - Common Stock","2021-09-07 11:30:00-04:00",1.0774999856948853,1.090000033378601,1.059999942779541,1.0794999599456787,1.0794999599456787,1354047
"PROG","Progenity, Inc. - Common Stock","2021-09-07 12:30:00-04:00",1.0750000476837158,1.100000023841858,1.059999942779541,1.090000033378601,1.090000033378601,1124447
"PROG","Progenity, Inc. - Common Stock","2021-09-07 13:30:00-04:00",1.0982999801635742,1.100000023841858,1.0800000429153442,1.090000033378601,1.090000033378601,445522
"PROG","Progenity, Inc. - Common Stock","2021-09-07 14:30:00-04:00",1.0850000381469729,1.090000033378601,1.065000057220459,1.0800000429153442,1.0800000429153442,721865
"PROG","Progenity, Inc. - Common Stock","2021-09-07 15:30:00-04:00",1.0750000476837158,1.0800000429153442,1.059999942779541,1.0800000429153442,1.0800000429153442,760305
"PROG","Progenity, Inc. - Common Stock","2021-09-07 16:00:00-04:00",1.07,1.09,1.06,1.07,1.07,0
"PROG","Progenity, Inc. - Common Stock","2021-09-07 17:00:00-04:00",1.07,1.09,1.06,1.09,1.09,0
"PROG","Progenity, Inc. - Common Stock","2021-09-07 18:00:00-04:00",1.09,1.12,1.08,1.11,1.11,0
"PROG","Progenity, Inc. - Common Stock","2021-09-07 19:00:00-04:00",1.1,1.1,1.07,1.09,1.09,0
"PROG","Progenity, Inc. - Common Stock","2021-09-08 04:00:00-04:00",1.1,1.12,1.07,1.07,1.07,0
"PROG","Progenity, Inc. - Common Stock","2021-09-08 05:00:00-04:00",1.08,1.12,1.08,1.08,1.08,0
"PROG","Progenity, Inc. - Common Stock","2021-09-08 06:00:00-04:00",1.09,1.12,1.08,1.08,1.08,0
"PROG","Progenity, Inc. - Common Stock","2021-09-08 07:00:00-04:00",1.11,1.12,1.06,1.06,1.06,0
"PROG","Progenity, Inc. - Common Stock","2021-09-08 08:00:00-04:00",1.07,1.12,1.06,1.07,1.07,0
"PROG","Progenity, Inc. - Common Stock","2021-09-08 09:00:00-04:00",1.08,1.08,1.04,1.07,1.07,0
"PROG","Progenity, Inc. - Common Stock","2021-09-08 09:30:00-04:00",1.0509999990463257,1.0700000524520874,0.9666000008583068,0.9865000247955322,0.9865000247955322,5478808
"PROG","Progenity, Inc. - Common Stock","2021-09-08 10:30:00-04:00",0.9826499819755554,1.0099999904632568,0.975000023841858,1.0099999904632568,1.0099999904632568,1342369
"PROG","Progenity, Inc. - Common Stock","2021-09-08 11:30:00-04:00",1.0,1.0700000524520874,1.0,1.059999942779541,1.059999942779541,1117305
"PROG","Progenity, Inc. - Common Stock","2021-09-08 12:30:00-04:00",1.065000057220459,1.090000033378601,1.0399999618530271,1.0484000444412231,1.0484000444412231,1371755
"PROG","Progenity, Inc. - Common Stock","2021-09-08 13:30:00-04:00",1.0449999570846558,1.059999942779541,1.0399999618530271,1.0549999475479126,1.0549999475479126,352062
"PROG","Progenity, Inc. - Common Stock","2021-09-08 14:30:00-04:00",1.0549999475479126,1.059999942779541,1.0499999523162842,1.059999942779541,1.059999942779541,519626
"PROG","Progenity, Inc. - Common Stock","2021-09-08 15:30:00-04:00",1.059999942779541,1.059999942779541,1.0399999618530271,1.0499999523162842,1.0499999523162842,326951
"PROG","Progenity, Inc. - Common Stock","2021-09-08 16:00:00-04:00",1.06,1.06,1.04,1.06,1.06,0
"PROG","Progenity, Inc. - Common Stock","2021-09-08 17:00:00-04:00",1.0499,1.06,1.04,1.06,1.06,0
"PROG","Progenity, Inc. - Common Stock","2021-09-08 18:00:00-04:00",1.05,1.06,1.03,1.03,1.03,0
"PROG","Progenity, Inc. - Common Stock","2021-09-08 19:00:00-04:00",1.03,1.06,1.03,1.06,1.06,0
"PROG","Progenity, Inc. - Common Stock","2021-09-09 04:00:00-04:00",1.06,1.06,1.02,1.03,1.03,0
"PROG","Progenity, Inc. - Common Stock","2021-09-09 05:00:00-04:00",1.03,1.04,1.02,1.02,1.02,0
"PROG","Progenity, Inc. - Common Stock","2021-09-09 06:00:00-04:00",1.03,1.03,1.02,1.02,1.02,0
"PROG","Progenity, Inc. - Common Stock","2021-09-09 07:00:00-04:00",1.02,1.03,1.01,1.03,1.03,0
"PROG","Progenity, Inc. - Common Stock","2021-09-09 08:00:00-04:00",1.02,1.03,1.01,1.02,1.02,0
"PROG","Progenity, Inc. - Common Stock","2021-09-09 09:00:00-04:00",1.03,1.03,0.99,1.01,1.01,0
"PROG","Progenity, Inc. - Common Stock","2021-09-09 09:30:00-04:00",0.9900000095367432,1.0499999523162842,0.9900000095367432,1.034999966621399,1.034999966621399,2041860
"PROG","Progenity, Inc. - Common Stock","2021-09-09 10:30:00-04:00",1.0299999713897705,1.0399999618530271,1.0,1.024999976158142,1.024999976158142,867398
"PROG","Progenity, Inc. - Common Stock","2021-09-09 11:30:00-04:00",1.0283000469207764,1.0399999618530271,1.0199999809265137,1.0299999713897705,1.0299999713897705,510910
"PROG","Progenity, Inc. - Common Stock","2021-09-09 12:30:00-04:00",1.0312999486923218,1.0499999523162842,1.0299999713897705,1.0399999618530271,1.0399999618530271,752613
"PROG","Progenity, Inc. - Common Stock","2021-09-09 13:30:00-04:00",1.0499999523162842,1.0700000524520874,1.0399999618530271,1.055999994277954,1.055999994277954,1073226
"PROG","Progenity, Inc. - Common Stock","2021-09-09 14:30:00-04:00",1.0499999523162842,1.0800000429153442,1.0499999523162842,1.065000057220459,1.065000057220459,823501
"PROG","Progenity, Inc. - Common Stock","2021-09-09 15:30:00-04:00",1.065000057220459,1.0700000524520874,1.0499999523162842,1.0499999523162842,1.0499999523162842,349019
"PROG","Progenity, Inc. - Common Stock","2021-09-09 16:00:00-04:00",1.06,1.06,1.04,1.04,1.04,0
"PROG","Progenity, Inc. - Common Stock","2021-09-09 17:00:00-04:00",1.05,1.05,1.03,1.03,1.03,0
"PROG","Progenity, Inc. - Common Stock","2021-09-09 18:00:00-04:00",1.03,1.04,1.03,1.04,1.04,0
"PROG","Progenity, Inc. - Common Stock","2021-09-09 19:00:00-04:00",1.04,1.04,1.03,1.04,1.04,0
"PROG","Progenity, Inc. - Common Stock","2021-09-10 04:00:00-04:00",1.06,1.07,1.04,1.04,1.04,0
"PROG","Progenity, Inc. - Common Stock","2021-09-10 05:00:00-04:00",1.05,1.09,1.04,1.09,1.09,0
"PROG","Progenity, Inc. - Common Stock","2021-09-10 06:00:00-04:00",1.07,1.08,1.06,1.06,1.06,0
"PROG","Progenity, Inc. - Common Stock","2021-09-10 07:00:00-04:00",1.06,1.08,1.06,1.07,1.07,0
"PROG","Progenity, Inc. - Common Stock","2021-09-10 08:00:00-04:00",1.06,1.08,1.04,1.04,1.04,0
"PROG","Progenity, Inc. - Common Stock","2021-09-10 09:00:00-04:00",1.0499,1.05,1.04,1.04,1.04,0
"PROG","Progenity, Inc. - Common Stock","2021-09-10 09:30:00-04:00",1.0499999523162842,1.059999942779541,1.0199999809265137,1.034999966621399,1.034999966621399,1113349
"PROG","Progenity, Inc. - Common Stock","2021-09-10 10:30:00-04:00",1.0384000539779663,1.059999942779541,1.0299999713897705,1.059999942779541,1.059999942779541,700201
"PROG","Progenity, Inc. - Common Stock","2021-09-10 11:30:00-04:00",1.0549999475479126,1.059999942779541,1.0299999713897705,1.0499999523162842,1.0499999523162842,422851
"PROG","Progenity, Inc. - Common Stock","2021-09-10 12:30:00-04:00",1.0413999557495115,1.0549999475479126,1.0299999713897705,1.0499999523162842,1.0499999523162842,628270
"PROG","Progenity, Inc. - Common Stock","2021-09-10 13:30:00-04:00",1.0449999570846558,1.0499999523162842,1.0299999713897705,1.0300999879837036,1.0300999879837036,269382
"PROG","Progenity, Inc. - Common Stock","2021-09-10 14:30:00-04:00",1.0399999618530271,1.0499999523162842,1.0299999713897705,1.034999966621399,1.034999966621399,818411
"PROG","Progenity, Inc. - Common Stock","2021-09-10 15:30:00-04:00",1.0393999814987185,1.0399999618530271,1.0084999799728394,1.0199999809265137,1.0199999809265137,707640
"PROG","Progenity, Inc. - Common Stock","2021-09-10 16:00:00-04:00",1.02,1.03,1.0,1.02,1.02,0
"PROG","Progenity, Inc. - Common Stock","2021-09-10 17:00:00-04:00",1.02,1.03,1.01,1.01,1.01,0
"PROG","Progenity, Inc. - Common Stock","2021-09-10 18:00:00-04:00",1.01,1.02,1.0,1.0,1.0,0
"PROG","Progenity, Inc. - Common Stock","2021-09-10 19:00:00-04:00",1.01,1.04,1.01,1.04,1.04,0
"PROG","Progenity, Inc. - Common Stock","2021-09-13 04:00:00-04:00",1.07,1.07,1.0,1.0,1.0,0
"PROG","Progenity, Inc. - Common Stock","2021-09-13 05:00:00-04:00",1.0,1.02,0.98,1.01,1.01,0
"PROG","Progenity, Inc. - Common Stock","2021-09-13 06:00:00-04:00",1.01,1.02,0.99,0.9987,0.9987,0
"PROG","Progenity, Inc. - Common Stock","2021-09-13 07:00:00-04:00",0.9982,1.01,0.99,1.01,1.01,0
"PROG","Progenity, Inc. - Common Stock","2021-09-13 08:00:00-04:00",1.01,1.02,0.995001,1.01,1.01,0
"PROG","Progenity, Inc. - Common Stock","2021-09-13 09:00:00-04:00",1.01,1.01,0.9935,0.9936,0.9936,0
"PROG","Progenity, Inc. - Common Stock","2021-09-13 09:30:00-04:00",0.9939000010490416,1.0099999904632568,0.9614999890327454,0.9998999834060668,0.9998999834060668,3261192
"PROG","Progenity, Inc. - Common Stock","2021-09-13 10:30:00-04:00",1.0,1.0049500465393066,0.975000023841858,0.9837999939918518,0.9837999939918518,1268545
"PROG","Progenity, Inc. - Common Stock","2021-09-13 11:30:00-04:00",0.9869999885559082,1.0049999952316284,0.9800000190734864,1.0,1.0,716877
"PROG","Progenity, Inc. - Common Stock","2021-09-13 12:30:00-04:00",1.0,1.0099999904632568,0.9800000190734864,0.9821000099182128,0.9821000099182128,729138
"PROG","Progenity, Inc. - Common Stock","2021-09-13 13:30:00-04:00",0.9821000099182128,0.9846000075340272,0.949999988079071,0.9545000195503236,0.9545000195503236,1199743
"PROG","Progenity, Inc. - Common Stock","2021-09-13 14:30:00-04:00",0.9544990062713624,0.9690999984741212,0.949999988079071,0.9639999866485596,0.9639999866485596,824248
"PROG","Progenity, Inc. - Common Stock","2021-09-13 15:30:00-04:00",0.9648000001907348,0.9648000001907348,0.9315000176429749,0.9419990181922911,0.9419990181922911,698248
"PROG","Progenity, Inc. - Common Stock","2021-09-13 16:00:00-04:00",0.9401,0.9599,0.92,0.9399,0.9399,0
"PROG","Progenity, Inc. - Common Stock","2021-09-13 17:00:00-04:00",0.9368,0.9439,0.9303,0.9439,0.9439,0
"PROG","Progenity, Inc. - Common Stock","2021-09-13 18:00:00-04:00",0.94,0.9439,0.94,0.9403,0.9403,0
"PROG","Progenity, Inc. - Common Stock","2021-09-13 19:00:00-04:00",0.9403,0.95,0.94,0.95,0.95,0
"PROG","Progenity, Inc. - Common Stock","2021-09-14 04:00:00-04:00",0.93,0.95,0.93,0.95,0.95,0
"PROG","Progenity, Inc. - Common Stock","2021-09-14 07:00:00-04:00",0.9889,0.9889,0.94,0.95,0.95,0
"PROG","Progenity, Inc. - Common Stock","2021-09-14 08:00:00-04:00",0.954,1.16,0.9402,1.12,1.12,0
"PROG","Progenity, Inc. - Common Stock","2021-09-14 09:00:00-04:00",1.12,1.12,1.05,1.1,1.1,0
"PROG","Progenity, Inc. - Common Stock","2021-09-14 09:30:00-04:00",1.0943000316619873,1.2000000476837158,1.0399999618530271,1.0399999618530271,1.0399999618530271,32844216
"PROG","Progenity, Inc. - Common Stock","2021-09-14 10:30:00-04:00",1.0442999601364136,1.0800000429153442,1.0399999618530271,1.0499999523162842,1.0499999523162842,3660501
"PROG","Progenity, Inc. - Common Stock","2021-09-14 11:30:00-04:00",1.0449999570846558,1.1100000143051147,1.0399999618530271,1.1009000539779663,1.1009000539779663,4203258
"PROG","Progenity, Inc. - Common Stock","2021-09-14 12:30:00-04:00",1.100000023841858,1.1150000095367432,1.059999942779541,1.0750000476837158,1.0750000476837158,3325903
"PROG","Progenity, Inc. - Common Stock","2021-09-14 13:30:00-04:00",1.0716999769210815,1.0800000429153442,1.0399999618530271,1.0479999780654907,1.0479999780654907,3013585
"PROG","Progenity, Inc. - Common Stock","2021-09-14 14:30:00-04:00",1.0480999946594238,1.0700000524520874,0.9901999831199646,1.0199999809265137,1.0199999809265137,5142006
"PROG","Progenity, Inc. - Common Stock","2021-09-14 15:30:00-04:00",1.0176000595092771,1.0199999809265137,1.0,1.0185999870300293,1.0185999870300293,1709961
"PROG","Progenity, Inc. - Common Stock","2021-09-14 16:00:00-04:00",1.02,1.03,1.0,1.03,1.03,0
"PROG","Progenity, Inc. - Common Stock","2021-09-14 17:00:00-04:00",1.03,1.03,1.02,1.03,1.03,0
"PROG","Progenity, Inc. - Common Stock","2021-09-14 18:00:00-04:00",1.03,1.04,1.02,1.04,1.04,0
"PROG","Progenity, Inc. - Common Stock","2021-09-14 19:00:00-04:00",1.04,1.06,1.03,1.06,1.06,0
"PROG","Progenity, Inc. - Common Stock","2021-09-15 04:00:00-04:00",1.05,1.08,1.05,1.06,1.06,0
"PROG","Progenity, Inc. - Common Stock","2021-09-15 05:00:00-04:00",1.06,1.07,1.04,1.06,1.06,0
"PROG","Progenity, Inc. - Common Stock","2021-09-15 06:00:00-04:00",1.06,1.07,1.02,1.07,1.07,0
"PROG","Progenity, Inc. - Common Stock","2021-09-15 07:00:00-04:00",1.07,1.08,1.04,1.05,1.05,0
"PROG","Progenity, Inc. - Common Stock","2021-09-15 08:00:00-04:00",1.05,1.06,1.02,1.04,1.04,0
"PROG","Progenity, Inc. - Common Stock","2021-09-15 09:00:00-04:00",1.04,1.04,0.9397,1.0,1.0,0
"PROG","Progenity, Inc. - Common Stock","2021-09-15 09:30:00-04:00",1.0099999904632568,1.0299999713897705,0.9559999704360962,1.000100016593933,1.000100016593933,3739430
"PROG","Progenity, Inc. - Common Stock","2021-09-15 10:30:00-04:00",1.0,1.0099999904632568,0.973699986934662,0.9778990149497986,0.9778990149497986,1140484
"PROG","Progenity, Inc. - Common Stock","2021-09-15 11:30:00-04:00",0.9778000116348268,0.9789000153541564,0.9549999833106996,0.9649999737739564,0.9649999737739564,1763080
"PROG","Progenity, Inc. - Common Stock","2021-09-15 12:30:00-04:00",0.9672999978065492,0.9789000153541564,0.9649999737739564,0.9713000059127808,0.9713000059127808,781033
"PROG","Progenity, Inc. - Common Stock","2021-09-15 13:30:00-04:00",0.9718999862670898,1.0099999904632568,0.9660000205039978,0.9900000095367432,0.9900000095367432,668201
"PROG","Progenity, Inc. - Common Stock","2021-09-15 14:30:00-04:00",0.9899500012397766,0.9969000220298768,0.972100019454956,0.9842000007629396,0.9842000007629396,2327215
"PROG","Progenity, Inc. - Common Stock","2021-09-15 15:30:00-04:00",0.9800999760627748,0.9869999885559082,0.9700000286102296,0.9841499924659728,0.9841499924659728,621437
"PROG","Progenity, Inc. - Common Stock","2021-09-15 16:00:00-04:00",0.9657,0.99,0.96,0.975,0.975,0
"PROG","Progenity, Inc. - Common Stock","2021-09-15 17:00:00-04:00",0.97,0.99,0.9688,0.99,0.99,0
"PROG","Progenity, Inc. - Common Stock","2021-09-15 18:00:00-04:00",0.98,0.988,0.97,0.988,0.988,0
"PROG","Progenity, Inc. - Common Stock","2021-09-15 19:00:00-04:00",0.988,0.988,0.97,0.988,0.988,0
"PROG","Progenity, Inc. - Common Stock","2021-09-16 04:00:00-04:00",0.97,0.988,0.9699,0.97,0.97,0
"PROG","Progenity, Inc. - Common Stock","2021-09-16 05:00:00-04:00",0.97,0.97,0.9516,0.9649,0.9649,0
"PROG","Progenity, Inc. - Common Stock","2021-09-16 06:00:00-04:00",0.9649,0.9652,0.9516,0.9516,0.9516,0
"PROG","Progenity, Inc. - Common Stock","2021-09-16 07:00:00-04:00",0.9517,0.988,0.9517,0.961,0.961,0
"PROG","Progenity, Inc. - Common Stock","2021-09-16 08:00:00-04:00",0.96,0.98,0.96,0.96,0.96,0
"PROG","Progenity, Inc. - Common Stock","2021-09-16 09:00:00-04:00",0.96,0.97,0.96,0.961,0.961,0
"PROG","Progenity, Inc. - Common Stock","2021-09-16 09:30:00-04:00",0.9652000069618224,0.9998000264167786,0.9409999847412108,0.9598990082740784,0.9598990082740784,2934684
"PROG","Progenity, Inc. - Common Stock","2021-09-16 10:30:00-04:00",0.959999978542328,0.9636030197143556,0.9409999847412108,0.9610999822616576,0.9610999822616576,1248365
"PROG","Progenity, Inc. - Common Stock","2021-09-16 11:30:00-04:00",0.9621000289916992,0.9896000027656556,0.9520999789237976,0.982450008392334,0.982450008392334,935720
"PROG","Progenity, Inc. - Common Stock","2021-09-16 12:30:00-04:00",0.9828000068664552,0.9850000143051147,0.972100019454956,0.9791499972343444,0.9791499972343444,599484
"PROG","Progenity, Inc. - Common Stock","2021-09-16 13:30:00-04:00",0.97979998588562,0.9950000047683716,0.977999985218048,0.9886000156402588,0.9886000156402588,1164182
"PROG","Progenity, Inc. - Common Stock","2021-09-16 14:30:00-04:00",0.9886000156402588,1.0800000429153442,0.9811000227928162,1.0585999488830566,1.0585999488830566,4695728
"PROG","Progenity, Inc. - Common Stock","2021-09-16 15:30:00-04:00",1.0499999523162842,1.090000033378601,1.0299999713897705,1.0341999530792236,1.0341999530792236,3603291
"PROG","Progenity, Inc. - Common Stock","2021-09-16 16:00:00-04:00",1.03,1.07,1.03,1.07,1.07,0
"PROG","Progenity, Inc. - Common Stock","2021-09-16 17:00:00-04:00",1.07,1.07,1.03,1.04,1.04,0
"PROG","Progenity, Inc. - Common Stock","2021-09-16 18:00:00-04:00",1.04,1.05,1.02,1.04,1.04,0
"PROG","Progenity, Inc. - Common Stock","2021-09-16 19:00:00-04:00",1.03,1.05,1.03,1.04,1.04,0
"PROG","Progenity, Inc. - Common Stock","2021-09-17 04:00:00-04:00",1.1,1.1,1.05,1.07,1.07,0
"PROG","Progenity, Inc. - Common Stock","2021-09-17 05:00:00-04:00",1.07,1.08,1.05,1.07,1.07,0
"PROG","Progenity, Inc. - Common Stock","2021-09-17 06:00:00-04:00",1.08,1.08,1.04,1.05,1.05,0
"PROG","Progenity, Inc. - Common Stock","2021-09-17 07:00:00-04:00",1.05,1.06,1.04,1.04,1.04,0
"PROG","Progenity, Inc. - Common Stock","2021-09-17 08:00:00-04:00",1.04,1.05,1.0299,1.03,1.03,0
"PROG","Progenity, Inc. - Common Stock","2021-09-17 09:00:00-04:00",1.03,1.04,1.03,1.04,1.04,0
"PROG","Progenity, Inc. - Common Stock","2021-09-17 09:30:00-04:00",1.038699984550476,1.0399999618530271,1.0,1.010699987411499,1.010699987411499,1406007
"PROG","Progenity, Inc. - Common Stock","2021-09-17 10:30:00-04:00",1.0198999643325806,1.0299999713897705,1.0099999904632568,1.024999976158142,1.024999976158142,528259
"PROG","Progenity, Inc. - Common Stock","2021-09-17 11:30:00-04:00",1.0297000408172607,1.0299999713897705,1.0199999809265137,1.0269999504089355,1.0269999504089355,531680
"PROG","Progenity, Inc. - Common Stock","2021-09-17 12:30:00-04:00",1.0199999809265137,1.0299999713897705,1.0199999809265137,1.0282000303268433,1.0282000303268433,332892
"PROG","Progenity, Inc. - Common Stock","2021-09-17 13:30:00-04:00",1.0199999809265137,1.0399999618530271,1.0099999904632568,1.0199999809265137,1.0199999809265137,1082354
"PROG","Progenity, Inc. - Common Stock","2021-09-17 14:30:00-04:00",1.0099999904632568,1.0499999523162842,1.0099999904632568,1.024999976158142,1.024999976158142,805484
"PROG","Progenity, Inc. - Common Stock","2021-09-17 15:30:00-04:00",1.024999976158142,1.0299999713897705,1.0099999904632568,1.0195000171661377,1.0195000171661377,575364
"PROG","Progenity, Inc. - Common Stock","2021-09-17 16:00:00-04:00",1.01,1.02,0.99,1.01,1.01,0
"PROG","Progenity, Inc. - Common Stock","2021-09-17 17:00:00-04:00",1.0099,1.02,1.0,1.02,1.02,0
"PROG","Progenity, Inc. - Common Stock","2021-09-17 18:00:00-04:00",1.01,1.02,1.0,1.01,1.01,0
"PROG","Progenity, Inc. - Common Stock","2021-09-17 19:00:00-04:00",1.01,1.02,1.0,1.01,1.01,0
"PROG","Progenity, Inc. - Common Stock","2021-09-20 04:00:00-04:00",1.07,1.09,0.97,1.0,1.0,0
"PROG","Progenity, Inc. - Common Stock","2021-09-20 05:00:00-04:00",1.0,1.01,0.98,0.9892,0.9892,0
"PROG","Progenity, Inc. - Common Stock","2021-09-20 06:00:00-04:00",0.9805,1.0,0.96,0.964,0.964,0
"PROG","Progenity, Inc. - Common Stock","2021-09-20 07:00:00-04:00",0.9698,0.9999,0.94,0.9545,0.9545,0
"PROG","Progenity, Inc. - Common Stock","2021-09-20 08:00:00-04:00",0.955,0.99,0.94,0.945,0.945,0
"PROG","Progenity, Inc. - Common Stock","2021-09-20 09:00:00-04:00",0.945,0.9699,0.945,0.9499,0.9499,0
"PROG","Progenity, Inc. - Common Stock","2021-09-20 09:30:00-04:00",0.9574000239372252,1.0187000036239624,0.9503009915351868,0.975600004196167,0.975600004196167,3672626
"PROG","Progenity, Inc. - Common Stock","2021-09-20 10:30:00-04:00",0.9743000268936156,0.9977350234985352,0.9675999879837036,0.9800999760627748,0.9800999760627748,938821
"PROG","Progenity, Inc. - Common Stock","2021-09-20 11:30:00-04:00",0.9876329898834229,0.9900000095367432,0.9624000191688538,0.9646999835968018,0.9646999835968018,936638
"PROG","Progenity, Inc. - Common Stock","2021-09-20 12:30:00-04:00",0.9688000082969666,0.9800000190734864,0.9509999752044678,0.9609000086784364,0.9609000086784364,875024
"PROG","Progenity, Inc. - Common Stock","2021-09-20 13:30:00-04:00",0.9609000086784364,0.9800000190734864,0.9531999826431274,0.9651010036468506,0.9651010036468506,854120
"PROG","Progenity, Inc. - Common Stock","2021-09-20 14:30:00-04:00",0.9668999910354614,0.968599021434784,0.9361000061035156,0.9549999833106996,0.9549999833106996,1882341
"PROG","Progenity, Inc. - Common Stock","2021-09-20 15:30:00-04:00",0.9549999833106996,0.9733999967575072,0.9474999904632568,0.94760000705719,0.94760000705719,1671211
"PROG","Progenity, Inc. - Common Stock","2021-09-20 16:00:00-04:00",0.9446,0.96,0.9446,0.96,0.96,0
"PROG","Progenity, Inc. - Common Stock","2021-09-20 17:00:00-04:00",0.9525,0.96,0.952,0.955,0.955,0
"PROG","Progenity, Inc. - Common Stock","2021-09-20 18:00:00-04:00",0.96,0.96,0.955,0.955,0.955,0
"PROG","Progenity, Inc. - Common Stock","2021-09-20 19:00:00-04:00",0.96,0.96,0.94,0.94,0.94,0
"PROG","Progenity, Inc. - Common Stock","2021-09-21 04:00:00-04:00",0.9453,0.95,0.94,0.9446,0.9446,0
"PROG","Progenity, Inc. - Common Stock","2021-09-21 05:00:00-04:00",0.9446,0.9716,0.943,0.9716,0.9716,0
"PROG","Progenity, Inc. - Common Stock","2021-09-21 06:00:00-04:00",0.952,0.9688,0.95,0.96,0.96,0
"PROG","Progenity, Inc. - Common Stock","2021-09-21 07:00:00-04:00",0.96,0.9612,0.96,0.9612,0.9612,0
"PROG","Progenity, Inc. - Common Stock","2021-09-21 08:00:00-04:00",0.9699,0.9716,0.96,0.969,0.969,0
"PROG","Progenity, Inc. - Common Stock","2021-09-21 09:00:00-04:00",0.9695,0.9715,0.95,0.95,0.95,0
"PROG","Progenity, Inc. - Common Stock","2021-09-21 09:30:00-04:00",0.949999988079071,0.9689000248908995,0.9300000071525574,0.9464510083198548,0.9464510083198548,1829053
"PROG","Progenity, Inc. - Common Stock","2021-09-21 10:30:00-04:00",0.9449999928474426,0.9478999972343444,0.9319999814033508,0.9388999938964844,0.9388999938964844,896566
"PROG","Progenity, Inc. - Common Stock","2021-09-21 11:30:00-04:00",0.9373999834060668,0.9649999737739564,0.9350000023841858,0.9452000260353088,0.9452000260353088,861892
"PROG","Progenity, Inc. - Common Stock","2021-09-21 12:30:00-04:00",0.941100001335144,0.9452999830245972,0.9194999933242798,0.9297059774398804,0.9297059774398804,1052082
"PROG","Progenity, Inc. - Common Stock","2021-09-21 13:30:00-04:00",0.9297999739646912,0.9535999894142152,0.9200000166893004,0.9426000118255616,0.9426000118255616,796944
"PROG","Progenity, Inc. - Common Stock","2021-09-21 14:30:00-04:00",0.9423999786376952,0.9469000101089478,0.9323009848594666,0.9399999976158142,0.9399999976158142,384316
"PROG","Progenity, Inc. - Common Stock","2021-09-21 15:30:00-04:00",0.9399999976158142,0.9417999982833862,0.9300000071525574,0.9315999746322632,0.9315999746322632,505587
"PROG","Progenity, Inc. - Common Stock","2021-09-21 16:00:00-04:00",0.9208,0.93,0.9208,0.927,0.927,0
"PROG","Progenity, Inc. - Common Stock","2021-09-21 17:00:00-04:00",0.928,0.935,0.925,0.93,0.93,0
"PROG","Progenity, Inc. - Common Stock","2021-09-21 18:00:00-04:00",0.93,0.934,0.929,0.934,0.934,0
"PROG","Progenity, Inc. - Common Stock","2021-09-21 19:00:00-04:00",0.934,0.938,0.93,0.938,0.938,0
"PROG","Progenity, Inc. - Common Stock","2021-09-22 04:00:00-04:00",0.95,0.95,0.929,0.929,0.929,0
"PROG","Progenity, Inc. - Common Stock","2021-09-22 05:00:00-04:00",0.93,0.93,0.929,0.929,0.929,0
"PROG","Progenity, Inc. - Common Stock","2021-09-22 06:00:00-04:00",0.93,0.93,0.929,0.929,0.929,0
"PROG","Progenity, Inc. - Common Stock","2021-09-22 07:00:00-04:00",0.9306,0.938,0.93,0.93,0.93,0
"PROG","Progenity, Inc. - Common Stock","2021-09-22 08:00:00-04:00",0.93,0.938,0.93,0.936,0.936,0
"PROG","Progenity, Inc. - Common Stock","2021-09-22 09:00:00-04:00",0.936,0.936,0.93,0.93,0.93,0
"PROG","Progenity, Inc. - Common Stock","2021-09-22 09:30:00-04:00",0.9300000071525574,0.9319999814033508,0.9020000100135804,0.910099983215332,0.910099983215332,1871423
"PROG","Progenity, Inc. - Common Stock","2021-09-22 10:30:00-04:00",0.9103000164031982,0.9197999835014344,0.8888000249862671,0.8970999717712402,0.8970999717712402,1464340
"PROG","Progenity, Inc. - Common Stock","2021-09-22 11:30:00-04:00",0.8970999717712402,0.9078999757766724,0.8960260152816772,0.9000999927520752,0.9000999927520752,821497
"PROG","Progenity, Inc. - Common Stock","2021-09-22 12:30:00-04:00",0.9000999927520752,0.9039999842643738,0.8899999856948853,0.8989999890327454,0.8989999890327454,889700
"PROG","Progenity, Inc. - Common Stock","2021-09-22 13:30:00-04:00",0.8999999761581421,0.9099000096321106,0.8899999856948853,0.9096999764442444,0.9096999764442444,629247
"PROG","Progenity, Inc. - Common Stock","2021-09-22 14:30:00-04:00",0.9093000292778016,0.9100000262260436,0.902999997138977,0.9065999984741212,0.9065999984741212,337857
"PROG","Progenity, Inc. - Common Stock","2021-09-22 15:30:00-04:00",0.9050999879837036,0.9099000096321106,0.9016000032424928,0.909600019454956,0.909600019454956,255913
"PROG","Progenity, Inc. - Common Stock","2021-09-22 16:00:00-04:00",0.9048,0.9105,0.8999,0.8999,0.8999,0
"PROG","Progenity, Inc. - Common Stock","2021-09-22 17:00:00-04:00",0.9,0.91,0.899,0.905,0.905,0
"PROG","Progenity, Inc. - Common Stock","2021-09-22 18:00:00-04:00",0.909,0.91,0.905,0.91,0.91,0
"PROG","Progenity, Inc. - Common Stock","2021-09-22 19:00:00-04:00",0.91,0.914,0.902,0.9064,0.9064,0
"PROG","Progenity, Inc. - Common Stock","2021-09-23 05:00:00-04:00",0.91,0.947,0.91,0.947,0.947,0
"PROG","Progenity, Inc. - Common Stock","2021-09-23 07:00:00-04:00",0.93,0.93,0.9,0.92,0.92,0
"PROG","Progenity, Inc. - Common Stock","2021-09-23 08:00:00-04:00",0.92,0.92,0.91,0.919,0.919,0
"PROG","Progenity, Inc. - Common Stock","2021-09-23 09:00:00-04:00",0.919,0.919,0.89,0.9,0.9,0
"PROG","Progenity, Inc. - Common Stock","2021-09-23 09:30:00-04:00",0.8999999761581421,0.8999999761581421,0.8888000249862671,0.8946499824523926,0.8946499824523926,1048707
"PROG","Progenity, Inc. - Common Stock","2021-09-23 10:30:00-04:00",0.894599974155426,0.9248999953269958,0.894599974155426,0.9240000247955322,0.9240000247955322,944638
"PROG","Progenity, Inc. - Common Stock","2021-09-23 11:30:00-04:00",0.921999990940094,0.949899971485138,0.9211000204086304,0.9258000254631042,0.9258000254631042,988528
"PROG","Progenity, Inc. - Common Stock","2021-09-23 12:30:00-04:00",0.9258000254631042,0.949999988079071,0.925100028514862,0.9452000260353088,0.9452000260353088,436465
"PROG","Progenity, Inc. - Common Stock","2021-09-23 13:30:00-04:00",0.9401000142097472,0.9455000162124634,0.9376000165939332,0.9430999755859376,0.9430999755859376,489700
"PROG","Progenity, Inc. - Common Stock","2021-09-23 14:30:00-04:00",0.9449999928474426,0.9749000072479248,0.9426000118255616,0.9678990244865416,0.9678990244865416,1048646
"PROG","Progenity, Inc. - Common Stock","2021-09-23 15:30:00-04:00",0.9678990244865416,0.9679999947547911,0.9501000046730042,0.953499972820282,0.953499972820282,329827
"PROG","Progenity, Inc. - Common Stock","2021-09-23 16:00:00-04:00",0.9544,0.9544,0.94,0.94,0.94,0
"PROG","Progenity, Inc. - Common Stock","2021-09-23 17:00:00-04:00",0.95,0.95,0.939,0.95,0.95,0
"PROG","Progenity, Inc. - Common Stock","2021-09-23 18:00:00-04:00",0.95,0.9544,0.9499,0.9544,0.9544,0
"PROG","Progenity, Inc. - Common Stock","2021-09-23 19:00:00-04:00",0.9544,0.9544,0.9206,0.9301,0.9301,0
"PROG","Progenity, Inc. - Common Stock","2021-09-24 04:00:00-04:00",0.9206,0.94,0.9206,0.94,0.94,0
"PROG","Progenity, Inc. - Common Stock","2021-09-24 06:00:00-04:00",0.9544,0.9544,0.9544,0.9544,0.9544,0
"PROG","Progenity, Inc. - Common Stock","2021-09-24 07:00:00-04:00",0.9544,0.9544,0.929,0.93,0.93,0
"PROG","Progenity, Inc. - Common Stock","2021-09-24 08:00:00-04:00",0.95,0.95,0.9299,0.95,0.95,0
"PROG","Progenity, Inc. - Common Stock","2021-09-24 09:00:00-04:00",0.945,0.97,0.94,0.9609,0.9609,0
"PROG","Progenity, Inc. - Common Stock","2021-09-24 09:30:00-04:00",0.9609000086784364,0.9609000086784364,0.9229999780654908,0.9261000156402588,0.9261000156402588,1259272
"PROG","Progenity, Inc. - Common Stock","2021-09-24 10:30:00-04:00",0.9259999990463256,0.9448000192642212,0.9259999990463256,0.9351770281791688,0.9351770281791688,437963
"PROG","Progenity, Inc. - Common Stock","2021-09-24 11:30:00-04:00",0.9350000023841858,0.9470999836921692,0.9301000237464904,0.9406999945640564,0.9406999945640564,295280
"PROG","Progenity, Inc. - Common Stock","2021-09-24 12:30:00-04:00",0.9406999945640564,0.9408000111579896,0.9212999939918518,0.9218000173568726,0.9218000173568726,355017
"PROG","Progenity, Inc. - Common Stock","2021-09-24 13:30:00-04:00",0.9218000173568726,0.9298999905586244,0.9142000079154968,0.914650022983551,0.914650022983551,501571
"PROG","Progenity, Inc. - Common Stock","2021-09-24 14:30:00-04:00",0.9146000146865844,0.9168999791145324,0.9010000228881836,0.9124500155448914,0.9124500155448914,510296
"PROG","Progenity, Inc. - Common Stock","2021-09-24 15:30:00-04:00",0.9124500155448914,0.921999990940094,0.8999999761581421,0.9059000015258788,0.9059000015258788,502819
"PROG","Progenity, Inc. - Common Stock","2021-09-24 16:00:00-04:00",0.9,0.922,0.9,0.905,0.905,0
"PROG","Progenity, Inc. - Common Stock","2021-09-24 17:00:00-04:00",0.911,0.92,0.9,0.9097,0.9097,0
"PROG","Progenity, Inc. - Common Stock","2021-09-24 18:00:00-04:00",0.9035,0.91,0.9,0.9031,0.9031,0
"PROG","Progenity, Inc. - Common Stock","2021-09-24 19:00:00-04:00",0.91,0.91,0.9,0.91,0.91,0
"PROG","Progenity, Inc. - Common Stock","2021-09-27 04:00:00-04:00",0.99,1.0,0.8963,0.8963,0.8963,0
"PROG","Progenity, Inc. - Common Stock","2021-09-27 06:00:00-04:00",0.9,0.9,0.9,0.9,0.9,0
"PROG","Progenity, Inc. - Common Stock","2021-09-27 07:00:00-04:00",0.9,0.91,0.9,0.905,0.905,0
"PROG","Progenity, Inc. - Common Stock","2021-09-27 08:00:00-04:00",0.9,0.92,0.9,0.9,0.9,0
"PROG","Progenity, Inc. - Common Stock","2021-09-27 09:00:00-04:00",0.91,0.9199,0.9,0.91,0.91,0
"PROG","Progenity, Inc. - Common Stock","2021-09-27 09:30:00-04:00",0.909600019454956,0.9100000262260436,0.8654999732971191,0.8928999900817871,0.8928999900817871,1499397
"PROG","Progenity, Inc. - Common Stock","2021-09-27 10:30:00-04:00",0.8899999856948853,0.8991000056266785,0.8809999823570251,0.8945990204811096,0.8945990204811096,373585
"PROG","Progenity, Inc. - Common Stock","2021-09-27 11:30:00-04:00",0.8946999907493591,0.9287139773368835,0.8902999758720398,0.9230999946594238,0.9230999946594238,938233
"PROG","Progenity, Inc. - Common Stock","2021-09-27 12:30:00-04:00",0.9210000038146972,0.9247999787330629,0.9121000170707704,0.9190000295639038,0.9190000295639038,260732
"PROG","Progenity, Inc. - Common Stock","2021-09-27 13:30:00-04:00",0.9190000295639038,0.9200000166893004,0.910099983215332,0.9193999767303468,0.9193999767303468,230287
"PROG","Progenity, Inc. - Common Stock","2021-09-27 14:30:00-04:00",0.9164000153541564,0.9193999767303468,0.9110999703407288,0.91430002450943,0.91430002450943,175446
"PROG","Progenity, Inc. - Common Stock","2021-09-27 15:30:00-04:00",0.9115999937057496,0.9132000207901,0.9003000259399414,0.9046000242233276,0.9046000242233276,290460
"PROG","Progenity, Inc. - Common Stock","2021-09-27 16:00:00-04:00",0.9022,0.91,0.9,0.9,0.9,0
"PROG","Progenity, Inc. - Common Stock","2021-09-27 17:00:00-04:00",0.9,0.9039,0.9,0.9039,0.9039,0
"PROG","Progenity, Inc. - Common Stock","2021-09-27 18:00:00-04:00",0.9039,0.9039,0.9,0.9,0.9,0
"PROG","Progenity, Inc. - Common Stock","2021-09-27 19:00:00-04:00",0.9,0.9,0.89,0.9,0.9,0
"PROG","Progenity, Inc. - Common Stock","2021-09-28 04:00:00-04:00",0.9,0.91,0.9,0.91,0.91,0
"PROG","Progenity, Inc. - Common Stock","2021-09-28 05:00:00-04:00",0.9022,0.9022,0.9022,0.9022,0.9022,0
"PROG","Progenity, Inc. - Common Stock","2021-09-28 06:00:00-04:00",0.9022,0.919,0.9022,0.919,0.919,0
"PROG","Progenity, Inc. - Common Stock","2021-09-28 07:00:00-04:00",0.9022,0.9022,0.9,0.9,0.9,0
"PROG","Progenity, Inc. - Common Stock","2021-09-28 08:00:00-04:00",0.9022,0.9474,0.9,0.92,0.92,0
"PROG","Progenity, Inc. - Common Stock","2021-09-28 09:00:00-04:00",0.8914,0.9155,0.8914,0.8999,0.8999,0
"PROG","Progenity, Inc. - Common Stock","2021-09-28 09:30:00-04:00",0.9077000021934508,0.9100000262260436,0.8691999912261963,0.8758000135421753,0.8758000135421753,1873757
"PROG","Progenity, Inc. - Common Stock","2021-09-28 10:30:00-04:00",0.8751000165939331,0.8896999955177307,0.8720999956130981,0.8761780261993408,0.8761780261993408,654406
"PROG","Progenity, Inc. - Common Stock","2021-09-28 11:30:00-04:00",0.8765000104904175,0.8798999786376953,0.862500011920929,0.8769000172615051,0.8769000172615051,900141
"PROG","Progenity, Inc. - Common Stock","2021-09-28 12:30:00-04:00",0.876800000667572,0.8798999786376953,0.8650000095367432,0.8684359788894653,0.8684359788894653,551955
"PROG","Progenity, Inc. - Common Stock","2021-09-28 13:30:00-04:00",0.8687989711761475,0.882099986076355,0.8662999868392944,0.8738999962806702,0.8738999962806702,510634
"PROG","Progenity, Inc. - Common Stock","2021-09-28 14:30:00-04:00",0.8741000294685364,0.8822000026702881,0.8700000047683716,0.8765000104904175,0.8765000104904175,384472
"PROG","Progenity, Inc. - Common Stock","2021-09-28 15:30:00-04:00",0.8761000037193298,0.8877999782562256,0.8716999888420105,0.8847000002861023,0.8847000002861023,741813
"PROG","Progenity, Inc. - Common Stock","2021-09-28 16:00:00-04:00",0.8868,0.8964,0.8824,0.888,0.888,0
"PROG","Progenity, Inc. - Common Stock","2021-09-28 17:00:00-04:00",0.888,0.888,0.88,0.888,0.888,0
"PROG","Progenity, Inc. - Common Stock","2021-09-28 18:00:00-04:00",0.888,0.89,0.88,0.89,0.89,0
"PROG","Progenity, Inc. - Common Stock","2021-09-28 19:00:00-04:00",0.8899,0.89,0.88,0.89,0.89,0
"PROG","Progenity, Inc. - Common Stock","2021-09-29 04:00:00-04:00",0.9,0.9,0.89,0.89,0.89,0
"PROG","Progenity, Inc. - Common Stock","2021-09-29 05:00:00-04:00",0.9027,0.9154,0.9027,0.9154,0.9154,0
"PROG","Progenity, Inc. - Common Stock","2021-09-29 06:00:00-04:00",0.9154,0.92,0.9027,0.91,0.91,0
"PROG","Progenity, Inc. - Common Stock","2021-09-29 07:00:00-04:00",0.9027,0.92,0.8995,0.8995,0.8995,0
"PROG","Progenity, Inc. - Common Stock","2021-09-29 08:00:00-04:00",0.9196,0.9196,0.8995,0.9058,0.9058,0
"PROG","Progenity, Inc. - Common Stock","2021-09-29 09:00:00-04:00",0.9051,0.91,0.9,0.901,0.901,0
"PROG","Progenity, Inc. - Common Stock","2021-09-29 09:30:00-04:00",0.8937000036239624,0.9700000286102296,0.8899999856948853,0.9664000272750854,0.9664000272750854,2716245
"PROG","Progenity, Inc. - Common Stock","2021-09-29 10:30:00-04:00",0.965749979019165,1.0199999809265137,0.9610000252723694,0.973900020122528,0.973900020122528,4186287
"PROG","Progenity, Inc. - Common Stock","2021-09-29 11:30:00-04:00",0.970300018787384,1.0299999713897705,0.9509999752044678,1.0199999809265137,1.0199999809265137,2941592
"PROG","Progenity, Inc. - Common Stock","2021-09-29 12:30:00-04:00",1.0099999904632568,1.0800000429153442,1.0,1.065500020980835,1.065500020980835,4416657
"PROG","Progenity, Inc. - Common Stock","2021-09-29 13:30:00-04:00",1.0643999576568604,1.0700000524520874,1.0299999713897705,1.0688999891281128,1.0688999891281128,2140018
"PROG","Progenity, Inc. - Common Stock","2021-09-29 14:30:00-04:00",1.0608999729156494,1.0700000524520874,1.0299999713897705,1.0456000566482544,1.0456000566482544,1873607
"PROG","Progenity, Inc. - Common Stock","2021-09-29 15:30:00-04:00",1.0461000204086304,1.0800000429153442,1.0299999713897705,1.0700000524520874,1.0700000524520874,1949103
"PROG","Progenity, Inc. - Common Stock","2021-09-29 16:00:00-04:00",1.08,1.08,1.05,1.07,1.07,0
"PROG","Progenity, Inc. - Common Stock","2021-09-29 17:00:00-04:00",1.07,1.18,1.05,1.12,1.12,0
"PROG","Progenity, Inc. - Common Stock","2021-09-30 18:00:00-04:00",1.63,1.68,1.6,1.66,1.66,0
"PROG","Progenity, Inc. - Common Stock","2021-09-30 19:00:00-04:00",1.66,1.81,1.66,1.76,1.76,0
"PROG","Progenity, Inc. - Common Stock","2021-10-01 04:00:00-04:00",1.59,2.15,1.59,2.12,2.12,0
"PROG","Progenity, Inc. - Common Stock","2021-10-01 05:00:00-04:00",2.13,2.45,1.93,1.99,1.99,0
"PROG","Progenity, Inc. - Common Stock","2021-10-01 06:00:00-04:00",1.99,2.13,1.96,2.06,2.06,0
"PROG","Progenity, Inc. - Common Stock","2021-10-01 07:00:00-04:00",2.07,2.07,1.85,1.89,1.89,0
"PROG","Progenity, Inc. - Common Stock","2021-10-01 08:00:00-04:00",1.89,1.97,1.81,1.85,1.85,0
"PROG","Progenity, Inc. - Common Stock","2021-10-01 09:00:00-04:00",1.84,1.91,1.75,1.89,1.89,0
"PROG","Progenity, Inc. - Common Stock","2021-10-01 09:30:00-04:00",1.8899999856948853,2.200000047683716,1.7599999904632568,1.9105000495910645,1.9105000495910645,116013927
"PROG","Progenity, Inc. - Common Stock","2021-10-01 10:30:00-04:00",1.909999966621399,2.049999952316284,1.8799999952316284,1.9700000286102293,1.9700000286102293,38998552
"PROG","Progenity, Inc. - Common Stock","2021-10-01 11:30:00-04:00",1.950000047683716,1.9600000381469729,1.7599999904632568,1.7799999713897705,1.7799999713897705,22067580
"PROG","Progenity, Inc. - Common Stock","2021-10-01 12:30:00-04:00",1.7899999618530271,1.850000023841858,1.5800000429153442,1.6100000143051147,1.6100000143051147,33441898
"PROG","Progenity, Inc. - Common Stock","2021-10-01 13:30:00-04:00",1.600000023841858,1.690000057220459,1.559999942779541,1.610100030899048,1.610100030899048,12347933
"PROG","Progenity, Inc. - Common Stock","2021-10-01 14:30:00-04:00",1.6200000047683716,1.6699999570846558,1.6100000143051147,1.6449999809265137,1.6449999809265137,8073856
"PROG","Progenity, Inc. - Common Stock","2021-10-01 15:30:00-04:00",1.6449999809265137,1.830000042915344,1.6399999856948853,1.7799999713897705,1.7799999713897705,15136040
"PROG","Progenity, Inc. - Common Stock","2021-10-01 16:00:00-04:00",1.78,1.8,1.69,1.7199,1.7199,0
"PROG","Progenity, Inc. - Common Stock","2021-10-01 17:00:00-04:00",1.71,1.73,1.69,1.72,1.72,0
"PROG","Progenity, Inc. - Common Stock","2021-10-01 18:00:00-04:00",1.72,1.73,1.69,1.695,1.695,0
"PROG","Progenity, Inc. - Common Stock","2021-10-01 19:00:00-04:00",1.7,1.71,1.67,1.7,1.7,0
"PROG","Progenity, Inc. - Common Stock","2021-10-04 04:00:00-04:00",1.8,1.99,1.73,1.75,1.75,0
"PROG","Progenity, Inc. - Common Stock","2021-10-04 05:00:00-04:00",1.76,1.78,1.7,1.76,1.76,0
"PROG","Progenity, Inc. - Common Stock","2021-10-04 06:00:00-04:00",1.77,1.83,1.75,1.78,1.78,0
"PROG","Progenity, Inc. - Common Stock","2021-10-04 07:00:00-04:00",1.78,1.81,1.76,1.77,1.77,0
"PROG","Progenity, Inc. - Common Stock","2021-10-04 08:00:00-04:00",1.78,1.81,1.68,1.75,1.75,0
"PROG","Progenity, Inc. - Common Stock","2021-10-04 09:00:00-04:00",1.75,1.86,1.73,1.75,1.75,0
"PROG","Progenity, Inc. - Common Stock","2021-10-04 09:30:00-04:00",1.7400000095367432,2.049999952316284,1.7400000095367432,1.9182000160217283,1.9182000160217283,51509708
"PROG","Progenity, Inc. - Common Stock","2021-10-04 10:30:00-04:00",1.919999957084656,1.9600000381469729,1.830000042915344,1.8795000314712524,1.8795000314712524,17284705
"PROG","Progenity, Inc. - Common Stock","2021-10-04 11:30:00-04:00",1.875,2.1700000762939453,1.8600000143051147,2.10479998588562,2.10479998588562,24482966
"PROG","Progenity, Inc. - Common Stock","2021-10-04 12:30:00-04:00",2.0999999046325684,2.1600000858306885,1.9700000286102293,2.0299999713897705,2.0299999713897705,26816420
"PROG","Progenity, Inc. - Common Stock","2021-10-04 13:30:00-04:00",2.0390000343322754,2.140000104904175,1.340000033378601,1.5,1.5,79478498
"PROG","Progenity, Inc. - Common Stock","2021-10-04 14:30:00-04:00",1.500100016593933,1.559999942779541,1.409999966621399,1.475000023841858,1.475000023841858,26592411
"PROG","Progenity, Inc. - Common Stock","2021-10-04 15:30:00-04:00",1.475000023841858,1.4800000190734863,1.3700000047683716,1.3949999809265137,1.3949999809265137,10302935
"PROG","Progenity, Inc. - Common Stock","2021-10-04 16:00:00-04:00",1.395,1.44,1.39,1.43,1.43,0
"PROG","Progenity, Inc. - Common Stock","2021-10-04 17:00:00-04:00",1.42,1.43,1.39,1.4,1.4,0
"PROG","Progenity, Inc. - Common Stock","2021-10-04 18:00:00-04:00",1.39,1.44,1.39,1.42,1.42,0
"PROG","Progenity, Inc. - Common Stock","2021-10-04 19:00:00-04:00",1.43,1.44,1.4,1.42,1.42,0
"PROG","Progenity, Inc. - Common Stock","2021-10-05 04:00:00-04:00",1.42,1.62,1.41,1.57,1.57,0
"PROG","Progenity, Inc. - Common Stock","2021-10-05 05:00:00-04:00",1.57,1.58,1.48,1.51,1.51,0
"PROG","Progenity, Inc. - Common Stock","2021-10-05 06:00:00-04:00",1.52,1.52,1.49,1.5,1.5,0
"PROG","Progenity, Inc. - Common Stock","2021-10-05 07:00:00-04:00",1.495,1.5,1.42,1.465,1.465,0
"PROG","Progenity, Inc. - Common Stock","2021-10-05 08:00:00-04:00",1.47,1.51,1.43,1.5,1.5,0
"PROG","Progenity, Inc. - Common Stock","2021-10-05 09:00:00-04:00",1.5,1.55,1.49,1.54,1.54,0
"PROG","Progenity, Inc. - Common Stock","2021-10-05 09:30:00-04:00",1.5499999523162842,1.559999942779541,1.4299999475479126,1.4502999782562256,1.4502999782562256,25615204
"PROG","Progenity, Inc. - Common Stock","2021-10-05 10:30:00-04:00",1.4575999975204468,1.4600000381469729,1.309999942779541,1.399999976158142,1.399999976158142,22113904
"PROG","Progenity, Inc. - Common Stock","2021-10-05 11:30:00-04:00",1.3925000429153442,1.399999976158142,1.2100000381469729,1.2350000143051147,1.2350000143051147,16880753
"PROG","Progenity, Inc. - Common Stock","2021-10-05 12:30:00-04:00",1.2350000143051147,1.3200000524520874,1.2100000381469729,1.3118000030517578,1.3118000030517578,12832751
"PROG","Progenity, Inc. - Common Stock","2021-10-05 13:30:00-04:00",1.315000057220459,1.4199999570846558,1.309999942779541,1.4149999618530271,1.4149999618530271,9281170
"PROG","Progenity, Inc. - Common Stock","2021-10-05 14:30:00-04:00",1.4149999618530271,1.4299999475479126,1.2899999618530271,1.340000033378601,1.340000033378601,8079831
"PROG","Progenity, Inc. - Common Stock","2021-10-05 15:30:00-04:00",1.3450000286102295,1.3600000143051147,1.309999942779541,1.3600000143051147,1.3600000143051147,3058314
"PROG","Progenity, Inc. - Common Stock","2021-10-05 16:00:00-04:00",1.36,1.44,1.34,1.4,1.4,0
"PROG","Progenity, Inc. - Common Stock","2021-10-05 17:00:00-04:00",1.4,1.42,1.36,1.37,1.37,0
"PROG","Progenity, Inc. - Common Stock","2021-10-05 18:00:00-04:00",1.37,1.42,1.36,1.4,1.4,0
"PROG","Progenity, Inc. - Common Stock","2021-10-05 19:00:00-04:00",1.41,1.42,1.4,1.41,1.41,0
"PROG","Progenity, Inc. - Common Stock","2021-10-06 04:00:00-04:00",1.41,1.44,1.34,1.36,1.36,0
"PROG","Progenity, Inc. - Common Stock","2021-10-06 05:00:00-04:00",1.35,1.36,1.24,1.28,1.28,0
"PROG","Progenity, Inc. - Common Stock","2021-10-06 06:00:00-04:00",1.28,1.42,1.27,1.42,1.42,0
"PROG","Progenity, Inc. - Common Stock","2021-10-06 07:00:00-04:00",1.43,1.45,1.39,1.42,1.42,0
"PROG","Progenity, Inc. - Common Stock","2021-10-06 08:00:00-04:00",1.42,1.44,1.39,1.43,1.43,0
"PROG","Progenity, Inc. - Common Stock","2021-10-06 09:00:00-04:00",1.43,1.47,1.36,1.46,1.46,0
"PROG","Progenity, Inc. - Common Stock","2021-10-06 09:30:00-04:00",1.4191999435424805,1.5299999713897705,1.3899999856948853,1.4498000144958496,1.4498000144958496,27192152
"PROG","Progenity, Inc. - Common Stock","2021-10-06 10:30:00-04:00",1.448199987411499,1.4900000095367432,1.3899999856948853,1.468999981880188,1.468999981880188,8754709
"PROG","Progenity, Inc. - Common Stock","2021-10-06 11:30:00-04:00",1.465000033378601,1.4700000286102295,1.4299999475479126,1.439900040626526,1.439900040626526,3455044
"PROG","Progenity, Inc. - Common Stock","2021-10-06 12:30:00-04:00",1.4381999969482422,1.440000057220459,1.409999966621399,1.409999966621399,1.409999966621399,3031245
"PROG","Progenity, Inc. - Common Stock","2021-10-06 13:30:00-04:00",1.4184000492095947,1.4600000381469729,1.409999966621399,1.4299999475479126,1.4299999475479126,3586239
"PROG","Progenity, Inc. - Common Stock","2021-10-06 14:30:00-04:00",1.4215999841690063,1.4500000476837158,1.4199999570846558,1.434999942779541,1.434999942779541,2777917
"PROG","Progenity, Inc. - Common Stock","2021-10-06 15:30:00-04:00",1.437000036239624,1.440000057220459,1.399999976158142,1.409999966621399,1.409999966621399,2725317
"PROG","Progenity, Inc. - Common Stock","2021-10-06 16:00:00-04:00",1.43,1.55,1.41,1.53,1.53,0
"PROG","Progenity, Inc. - Common Stock","2021-10-06 17:00:00-04:00",1.53,1.54,1.42,1.47,1.47,0
"PROG","Progenity, Inc. - Common Stock","2021-10-06 18:00:00-04:00",1.47,1.53,1.4599,1.51,1.51,0
"PROG","Progenity, Inc. - Common Stock","2021-10-06 19:00:00-04:00",1.5,1.56,1.5,1.54,1.54,0
"PROG","Progenity, Inc. - Common Stock","2021-10-07 04:00:00-04:00",1.53,1.61,1.5,1.52,1.52,0
"PROG","Progenity, Inc. - Common Stock","2021-10-07 05:00:00-04:00",1.52,1.54,1.5,1.5,1.5,0
"PROG","Progenity, Inc. - Common Stock","2021-10-07 06:00:00-04:00",1.5,1.53,1.49,1.49,1.49,0
"PROG","Progenity, Inc. - Common Stock","2021-10-07 07:00:00-04:00",1.49,1.55,1.48,1.52,1.52,0
"PROG","Progenity, Inc. - Common Stock","2021-10-07 08:00:00-04:00",1.52,1.55,1.47,1.49,1.49,0
"PROG","Progenity, Inc. - Common Stock","2021-10-07 09:00:00-04:00",1.49,1.53,1.48,1.51,1.51,0
"PROG","Progenity, Inc. - Common Stock","2021-10-07 09:30:00-04:00",1.5,1.5199999809265137,1.3600000143051147,1.412500023841858,1.412500023841858,18310397
"PROG","Progenity, Inc. - Common Stock","2021-10-07 10:30:00-04:00",1.4149999618530271,1.4199999570846558,1.3700000047683716,1.4017000198364258,1.4017000198364258,4129919
"PROG","Progenity, Inc. - Common Stock","2021-10-07 11:30:00-04:00",1.399999976158142,1.4700000286102295,1.3799999952316284,1.3799999952316284,1.3799999952316284,6604095
"PROG","Progenity, Inc. - Common Stock","2021-10-07 12:30:00-04:00",1.3849999904632568,1.3899999856948853,1.3300000429153442,1.3600000143051147,1.3600000143051147,7879430
"PROG","Progenity, Inc. - Common Stock","2021-10-07 13:30:00-04:00",1.3650000095367432,1.3899999856948853,1.3600000143051147,1.3801000118255615,1.3801000118255615,2635565
"PROG","Progenity, Inc. - Common Stock","2021-10-07 14:30:00-04:00",1.3899999856948853,1.4500000476837158,1.3799999952316284,1.4082000255584717,1.4082000255584717,5219976
"PROG","Progenity, Inc. - Common Stock","2021-10-07 15:30:00-04:00",1.4098999500274658,1.4199999570846558,1.3799999952316284,1.399999976158142,1.399999976158142,2359517
"PROG","Progenity, Inc. - Common Stock","2021-10-07 16:00:00-04:00",1.4,1.4,1.36,1.39,1.39,0
"PROG","Progenity, Inc. - Common Stock","2021-10-07 17:00:00-04:00",1.39,1.41,1.37,1.41,1.41,0
"PROG","Progenity, Inc. - Common Stock","2021-10-07 18:00:00-04:00",1.41,1.42,1.39,1.41,1.41,0
"PROG","Progenity, Inc. - Common Stock","2021-10-07 19:00:00-04:00",1.41,1.42,1.4,1.41,1.41,0
"PROG","Progenity, Inc. - Common Stock","2021-10-08 04:00:00-04:00",1.4,1.4,1.3,1.33,1.33,0
"PROG","Progenity, Inc. - Common Stock","2021-10-08 05:00:00-04:00",1.34,1.38,1.3,1.37,1.37,0
"PROG","Progenity, Inc. - Common Stock","2021-10-08 06:00:00-04:00",1.38,1.39,1.35,1.38,1.38,0
"PROG","Progenity, Inc. - Common Stock","2021-10-08 07:00:00-04:00",1.38,1.39,1.36,1.38,1.38,0
"PROG","Progenity, Inc. - Common Stock","2021-10-08 08:00:00-04:00",1.38,1.39,1.34,1.36,1.36,0
"PROG","Progenity, Inc. - Common Stock","2021-10-08 09:00:00-04:00",1.36,1.37,1.35,1.36,1.36,0
"PROG","Progenity, Inc. - Common Stock","2021-10-08 09:30:00-04:00",1.3600000143051147,1.3700000047683716,1.2799999713897705,1.3200000524520874,1.3200000524520874,15683419
"PROG","Progenity, Inc. - Common Stock","2021-10-08 10:30:00-04:00",1.3181999921798706,1.3899999856948853,1.2999999523162842,1.371500015258789,1.371500015258789,11691504
"PROG","Progenity, Inc. - Common Stock","2021-10-08 11:30:00-04:00",1.375499963760376,1.3799999952316284,1.309999942779541,1.3285000324249268,1.3285000324249268,4997711
"PROG","Progenity, Inc. - Common Stock","2021-10-08 12:30:00-04:00",1.3299000263214111,1.340000033378601,1.2999999523162842,1.325899958610535,1.325899958610535,4768934
"PROG","Progenity, Inc. - Common Stock","2021-10-08 13:30:00-04:00",1.3250000476837158,1.3600000143051147,1.3200000524520874,1.3320000171661377,1.3320000171661377,4494583
"PROG","Progenity, Inc. - Common Stock","2021-10-08 14:30:00-04:00",1.3313000202178955,1.340000033378601,1.309999942779541,1.3350000381469729,1.3350000381469729,2479790
"PROG","Progenity, Inc. - Common Stock","2021-10-08 15:30:00-04:00",1.3350000381469729,1.3700000047683716,1.3300000429153442,1.3600000143051147,1.3600000143051147,3019600
"PROG","Progenity, Inc. - Common Stock","2021-10-08 16:00:00-04:00",1.35,1.37,1.33,1.34,1.34,0
"PROG","Progenity, Inc. - Common Stock","2021-10-08 17:00:00-04:00",1.34,1.36,1.34,1.35,1.35,0
"PROG","Progenity, Inc. - Common Stock","2021-10-08 18:00:00-04:00",1.35,1.36,1.34,1.36,1.36,0
"PROG","Progenity, Inc. - Common Stock","2021-10-08 19:00:00-04:00",1.36,1.37,1.35,1.37,1.37,0
"PROG","Progenity, Inc. - Common Stock","2021-10-11 04:00:00-04:00",1.4,1.43,1.35,1.4,1.4,0
"PROG","Progenity, Inc. - Common Stock","2021-10-11 05:00:00-04:00",1.4,1.41,1.37,1.38,1.38,0
"PROG","Progenity, Inc. - Common Stock","2021-10-11 06:00:00-04:00",1.38,1.4,1.38,1.4,1.4,0
"PROG","Progenity, Inc. - Common Stock","2021-10-11 07:00:00-04:00",1.4,1.41,1.37,1.38,1.38,0
"PROG","Progenity, Inc. - Common Stock","2021-10-11 08:00:00-04:00",1.37,1.41,1.37,1.37,1.37,0
"PROG","Progenity, Inc. - Common Stock","2021-10-11 09:00:00-04:00",1.37,1.38,1.36,1.36,1.36,0
"PROG","Progenity, Inc. - Common Stock","2021-10-11 09:30:00-04:00",1.3700000047683716,1.7000000476837158,1.3600000143051147,1.6486999988555908,1.6486999988555908,35370199
"PROG","Progenity, Inc. - Common Stock","2021-10-11 10:30:00-04:00",1.6399999856948853,1.6549999713897705,1.5199999809265137,1.625,1.625,14438231
"PROG","Progenity, Inc. - Common Stock","2021-10-11 11:30:00-04:00",1.6299999952316284,1.950000047683716,1.590000033378601,1.830000042915344,1.830000042915344,31647007
"PROG","Progenity, Inc. - Common Stock","2021-10-11 12:30:00-04:00",1.830000042915344,1.9600000381469729,1.7699999809265137,1.851699948310852,1.851699948310852,33769780
"PROG","Progenity, Inc. - Common Stock","2021-10-11 13:30:00-04:00",1.8598999977111816,1.919999957084656,1.7799999713897705,1.8523999452590945,1.8523999452590945,18302917
"PROG","Progenity, Inc. - Common Stock","2021-10-11 14:30:00-04:00",1.8593000173568728,1.9900000095367432,1.809999942779541,1.9781999588012693,1.9781999588012693,18358790
"PROG","Progenity, Inc. - Common Stock","2021-10-11 15:30:00-04:00",1.9723999500274656,2.150000095367432,1.9299999475479128,2.140000104904175,2.140000104904175,31865679
"PROG","Progenity, Inc. - Common Stock","2021-10-11 16:00:00-04:00",2.1399,2.36,2.11,2.24,2.24,0
"PROG","Progenity, Inc. - Common Stock","2021-10-11 17:00:00-04:00",2.24,2.28,2.19,2.27,2.27,0
"PROG","Progenity, Inc. - Common Stock","2021-10-11 18:00:00-04:00",2.27,2.28,2.23,2.25,2.25,0
"PROG","Progenity, Inc. - Common Stock","2021-10-11 19:00:00-04:00",2.25,2.32,2.24,2.31,2.31,0
"PROG","Progenity, Inc. - Common Stock","2021-10-12 04:00:00-04:00",2.3,2.46,2.2,2.33,2.33,0
"PROG","Progenity, Inc. - Common Stock","2021-10-12 05:00:00-04:00",2.33,2.45,2.32,2.4,2.4,0
"PROG","Progenity, Inc. - Common Stock","2021-10-12 06:00:00-04:00",2.4,2.43,2.36,2.38,2.38,0
"PROG","Progenity, Inc. - Common Stock","2021-10-12 07:00:00-04:00",2.38,2.39,1.97,2.04,2.04,0
"PROG","Progenity, Inc. - Common Stock","2021-10-12 08:00:00-04:00",2.04,2.26,1.97,2.02,2.02,0
"PROG","Progenity, Inc. - Common Stock","2021-10-12 09:00:00-04:00",2.0299,2.17,2.02,2.11,2.11,0
"PROG","Progenity, Inc. - Common Stock","2021-10-12 09:30:00-04:00",2.01990008354187,2.369999885559082,1.940000057220459,2.220999956130981,2.220999956130981,101026561
"PROG","Progenity, Inc. - Common Stock","2021-10-12 10:30:00-04:00",2.22379994392395,2.700000047683716,2.2100000381469727,2.4800000190734863,2.4800000190734863,83640719
"PROG","Progenity, Inc. - Common Stock","2021-10-12 11:30:00-04:00",2.479899883270264,2.5,2.220000028610229,2.3949999809265137,2.3949999809265137,52945949
"PROG","Progenity, Inc. - Common Stock","2021-10-12 12:30:00-04:00",2.3901000022888184,2.4800000190734863,2.299999952316284,2.407500028610229,2.407500028610229,30853473
"PROG","Progenity, Inc. - Common Stock","2021-10-12 13:30:00-04:00",2.400000095367432,2.539999961853028,2.299999952316284,2.378200054168701,2.378200054168701,27286148
"PROG","Progenity, Inc. - Common Stock","2021-10-12 14:30:00-04:00",2.378900051116944,2.4100000858306885,2.109999895095825,2.189500093460083,2.189500093460083,30760300
"PROG","Progenity, Inc. - Common Stock","2021-10-12 15:30:00-04:00",2.188100099563598,2.240000009536743,2.140000104904175,2.2149999141693115,2.2149999141693115,14007998
"PROG","Progenity, Inc. - Common Stock","2021-10-12 16:00:00-04:00",2.22,2.22,2.1,2.13,2.13,0
"PROG","Progenity, Inc. - Common Stock","2021-10-12 17:00:00-04:00",2.14,2.2,2.13,2.15,2.15,0
"PROG","Progenity, Inc. - Common Stock","2021-10-12 18:00:00-04:00",2.15,2.19,2.15,2.17,2.17,0
"PROG","Progenity, Inc. - Common Stock","2021-10-12 19:00:00-04:00",2.17,2.17,2.13,2.16,2.16,0
"PROG","Progenity, Inc. - Common Stock","2021-10-13 04:00:00-04:00",2.17,2.26,2.03,2.22,2.22,0
"PROG","Progenity, Inc. - Common Stock","2021-10-13 05:00:00-04:00",2.22,2.24,2.13,2.14,2.14,0
"PROG","Progenity, Inc. - Common Stock","2021-10-13 06:00:00-04:00",2.15,2.16,2.11,2.14,2.14,0
"PROG","Progenity, Inc. - Common Stock","2021-10-13 07:00:00-04:00",2.14,2.15,2.1,2.11,2.11,0
"PROG","Progenity, Inc. - Common Stock","2021-10-13 08:00:00-04:00",2.115,2.45,2.1,2.38,2.38,0
"PROG","Progenity, Inc. - Common Stock","2021-10-13 09:00:00-04:00",2.38,2.47,2.37,2.42,2.42,0
"PROG","Progenity, Inc. - Common Stock","2021-10-13 09:30:00-04:00",2.430000066757202,2.4800000190734863,2.259999990463257,2.4275999069213867,2.4275999069213867,60345396
"PROG","Progenity, Inc. - Common Stock","2021-10-13 10:30:00-04:00",2.4214000701904297,2.430000066757202,2.2799999713897705,2.3299999237060547,2.3299999237060547,20318604
"PROG","Progenity, Inc. - Common Stock","2021-10-13 11:30:00-04:00",2.338599920272827,2.380000114440918,2.1700000762939453,2.200000047683716,2.200000047683716,21946854
"PROG","Progenity, Inc. - Common Stock","2021-10-13 12:30:00-04:00",2.2100000381469727,2.227499961853028,2.0899999141693115,2.140000104904175,2.140000104904175,21072857
"PROG","Progenity, Inc. - Common Stock","2021-10-13 13:30:00-04:00",2.1449999809265137,2.1600000858306885,2.039999961853028,2.119999885559082,2.119999885559082,14326930
"PROG","Progenity, Inc. - Common Stock","2021-10-13 14:30:00-04:00",2.111000061035156,2.150000095367432,2.059999942779541,2.071799993515014,2.071799993515014,8321178
"PROG","Progenity, Inc. - Common Stock","2021-10-13 15:30:00-04:00",2.0799999237060547,2.0999999046325684,1.9900000095367432,2.049999952316284,2.049999952316284,11304316
"PROG","Progenity, Inc. - Common Stock","2021-10-13 16:00:00-04:00",2.05,2.1,2.03,2.08,2.08,0
"PROG","Progenity, Inc. - Common Stock","2021-10-13 17:00:00-04:00",2.08,2.08,2.04,2.055,2.055,0
"PROG","Progenity, Inc. - Common Stock","2021-10-13 18:00:00-04:00",2.06,2.06,2.03,2.05,2.05,0
"PROG","Progenity, Inc. - Common Stock","2021-10-13 19:00:00-04:00",2.05,2.07,2.03,2.04,2.04,0
"PROG","Progenity, Inc. - Common Stock","2021-10-14 04:00:00-04:00",1.97,2.15,1.97,2.08,2.08,0
"PROG","Progenity, Inc. - Common Stock","2021-10-14 05:00:00-04:00",2.1,2.1,2.01,2.04,2.04,0
"PROG","Progenity, Inc. - Common Stock","2021-10-14 06:00:00-04:00",2.04,2.11,1.95,2.09,2.09,0
"PROG","Progenity, Inc. - Common Stock","2021-10-14 07:00:00-04:00",2.1,2.24,2.09,2.175,2.175,0
"PROG","Progenity, Inc. - Common Stock","2021-10-14 08:00:00-04:00",2.18,2.23,2.11,2.155,2.155,0
"PROG","Progenity, Inc. - Common Stock","2021-10-14 09:00:00-04:00",2.16,2.18,2.1,2.11,2.11,0
"PROG","Progenity, Inc. - Common Stock","2021-10-14 09:30:00-04:00",2.130000114440918,2.3499999046325684,2.049999952316284,2.2399001121521,2.2399001121521,39730139
"PROG","Progenity, Inc. - Common Stock","2021-10-14 10:30:00-04:00",2.240000009536743,2.240000009536743,2.109999895095825,2.1679000854492188,2.1679000854492188,17643770
"PROG","Progenity, Inc. - Common Stock","2021-10-14 11:30:00-04:00",2.164999961853028,2.180000066757202,2.0899999141693115,2.1401000022888184,2.1401000022888184,10449133
"PROG","Progenity, Inc. - Common Stock","2021-10-14 12:30:00-04:00",2.1401000022888184,2.200000047683716,2.109999895095825,2.150000095367432,2.150000095367432,7194461
"PROG","Progenity, Inc. - Common Stock","2021-10-14 13:30:00-04:00",2.1410999298095703,2.1700000762939453,2.115000009536743,2.1700000762939453,2.1700000762939453,3845552
"PROG","Progenity, Inc. - Common Stock","2021-10-14 14:30:00-04:00",2.1700000762939453,2.1700000762939453,2.059999942779541,2.0738000869750977,2.0738000869750977,8011902
"PROG","Progenity, Inc. - Common Stock","2021-10-14 15:30:00-04:00",2.0724000930786133,2.110100030899048,2.049999952316284,2.0899999141693115,2.0899999141693115,4143478
"PROG","Progenity, Inc. - Common Stock","2021-10-14 16:00:00-04:00",2.09,2.11,2.06,2.09,2.09,0
"PROG","Progenity, Inc. - Common Stock","2021-10-14 17:00:00-04:00",2.1,2.11,2.08,2.1,2.1,0
"PROG","Progenity, Inc. - Common Stock","2021-10-14 18:00:00-04:00",2.1,2.11,2.08,2.09,2.09,0
"PROG","Progenity, Inc. - Common Stock","2021-10-14 19:00:00-04:00",2.09,2.13,2.09,2.11,2.11,0
"PROG","Progenity, Inc. - Common Stock","2021-10-15 04:00:00-04:00",2.13,2.16,2.1,2.14,2.14,0
"PROG","Progenity, Inc. - Common Stock","2021-10-15 05:00:00-04:00",2.15,2.15,2.12,2.13,2.13,0
"PROG","Progenity, Inc. - Common Stock","2021-10-15 06:00:00-04:00",2.13,2.14,2.11,2.12,2.12,0
"PROG","Progenity, Inc. - Common Stock","2021-10-15 07:00:00-04:00",2.11,2.14,2.09,2.1,2.1,0
"PROG","Progenity, Inc. - Common Stock","2021-10-15 08:00:00-04:00",2.09,2.14,2.06,2.09,2.09,0
"PROG","Progenity, Inc. - Common Stock","2021-10-15 09:00:00-04:00",2.09,2.12,2.08,2.12,2.12,0
"PROG","Progenity, Inc. - Common Stock","2021-10-15 09:30:00-04:00",2.119999885559082,2.2699999809265137,2.0799999237060547,2.148099899291992,2.148099899291992,24070670
"PROG","Progenity, Inc. - Common Stock","2021-10-15 10:30:00-04:00",2.150000095367432,2.150000095367432,2.059999942779541,2.0920000076293945,2.0920000076293945,9369469
"PROG","Progenity, Inc. - Common Stock","2021-10-15 11:30:00-04:00",2.095000028610229,2.140000104904175,2.069999933242798,2.0999999046325684,2.0999999046325684,4288044
"PROG","Progenity, Inc. - Common Stock","2021-10-15 12:30:00-04:00",2.108799934387207,2.119999885559082,2.0799999237060547,2.0899999141693115,2.0899999141693115,2728792
"PROG","Progenity, Inc. - Common Stock","2021-10-15 13:30:00-04:00",2.095000028610229,2.200000047683716,2.0799999237060547,2.1912999153137207,2.1912999153137207,8032388
"PROG","Progenity, Inc. - Common Stock","2021-10-15 14:30:00-04:00",2.194999933242798,2.25,2.109999895095825,2.134999990463257,2.134999990463257,17879275
"PROG","Progenity, Inc. - Common Stock","2021-10-15 15:30:00-04:00",2.119999885559082,2.1700000762939453,2.0999999046325684,2.138499975204468,2.138499975204468,4149864
"PROG","Progenity, Inc. - Common Stock","2021-10-15 16:00:00-04:00",2.14,2.17,2.11,2.13,2.13,0
"PROG","Progenity, Inc. - Common Stock","2021-10-15 17:00:00-04:00",2.13,2.15,2.12,2.13,2.13,0
"PROG","Progenity, Inc. - Common Stock","2021-10-15 18:00:00-04:00",2.14,2.15,2.13,2.14,2.14,0
"PROG","Progenity, Inc. - Common Stock","2021-10-15 19:00:00-04:00",2.14,2.16,2.12,2.15,2.15,0
"PROG","Progenity, Inc. - Common Stock","2021-10-18 04:00:00-04:00",2.16,2.32,2.16,2.23,2.23,0
"PROG","Progenity, Inc. - Common Stock","2021-10-18 05:00:00-04:00",2.23,2.25,2.19,2.23,2.23,0
"PROG","Progenity, Inc. - Common Stock","2021-10-18 06:00:00-04:00",2.24,2.26,2.21,2.23,2.23,0
"PROG","Progenity, Inc. - Common Stock","2021-10-18 07:00:00-04:00",2.22,2.28,2.2,2.26,2.26,0
"PROG","Progenity, Inc. - Common Stock","2021-10-18 08:00:00-04:00",2.26,2.26,2.2,2.26,2.26,0
"PROG","Progenity, Inc. - Common Stock","2021-10-18 09:00:00-04:00",2.25,2.34,2.22,2.29,2.29,0
"PROG","Progenity, Inc. - Common Stock","2021-10-18 09:30:00-04:00",2.309999942779541,2.549999952316284,2.25,2.469899892807007,2.469899892807007,55141873
"PROG","Progenity, Inc. - Common Stock","2021-10-18 10:30:00-04:00",2.461400032043457,2.5899999141693115,2.390000104904175,2.461800098419189,2.461800098419189,36651714
"PROG","Progenity, Inc. - Common Stock","2021-10-18 11:30:00-04:00",2.460099935531616,2.890000104904175,2.440000057220459,2.880100011825561,2.880100011825561,61543221
"PROG","Progenity, Inc. - Common Stock","2021-10-18 12:30:00-04:00",2.8838000297546387,2.940000057220459,2.559999942779541,2.688199996948242,2.688199996948242,54156376
"PROG","Progenity, Inc. - Common Stock","2021-10-18 13:30:00-04:00",2.6800999641418457,2.970000028610229,2.6700000762939453,2.9049999713897705,2.9049999713897705,37473694
"PROG","Progenity, Inc. - Common Stock","2021-10-18 14:30:00-04:00",2.90910005569458,3.0799999237060547,2.819999933242798,2.9114999771118164,2.9114999771118164,58748747
"PROG","Progenity, Inc. - Common Stock","2021-10-18 15:30:00-04:00",2.9100000858306885,3.0,2.75,2.984999895095825,2.984999895095825,26232986
"PROG","Progenity, Inc. - Common Stock","2021-10-18 16:00:00-04:00",2.98,3.19,2.83,3.145,3.145,0
"PROG","Progenity, Inc. - Common Stock","2021-10-18 17:00:00-04:00",3.15,3.15,2.98,3.0,3.0,0
"PROG","Progenity, Inc. - Common Stock","2021-10-18 18:00:00-04:00",3.0,3.11,2.99,3.07,3.07,0
"PROG","Progenity, Inc. - Common Stock","2021-10-18 19:00:00-04:00",3.07,3.09,2.95,2.96,2.96,0
"PROG","Progenity, Inc. - Common Stock","2021-10-19 04:00:00-04:00",3.0,3.16,2.98,3.14,3.14,0
"PROG","Progenity, Inc. - Common Stock","2021-10-19 05:00:00-04:00",3.14,3.15,3.05,3.08,3.08,0
"PROG","Progenity, Inc. - Common Stock","2021-10-19 06:00:00-04:00",3.08,3.09,3.05,3.08,3.08,0
"PROG","Progenity, Inc. - Common Stock","2021-10-19 07:00:00-04:00",3.08,3.09,3.0,3.05,3.05,0
"PROG","Progenity, Inc. - Common Stock","2021-10-19 08:00:00-04:00",3.05,3.1,2.91,3.04,3.04,0
"PROG","Progenity, Inc. - Common Stock","2021-10-19 09:00:00-04:00",3.04,3.34,3.03,3.34,3.34,0
"PROG","Progenity, Inc. - Common Stock","2021-10-19 09:30:00-04:00",3.338200092315674,3.549999952316284,2.9800000190734863,3.101799964904785,3.101799964904785,132177849
"PROG","Progenity, Inc. - Common Stock","2021-10-19 10:30:00-04:00",3.1085000038146973,3.240000009536743,2.930000066757202,3.069999933242798,3.069999933242798,32786411
"PROG","Progenity, Inc. - Common Stock","2021-10-19 11:30:00-04:00",3.069999933242798,3.0850000381469727,2.759999990463257,2.9200000762939453,2.9200000762939453,39497550
"PROG","Progenity, Inc. - Common Stock","2021-10-19 12:30:00-04:00",2.927799940109253,3.130000114440918,2.859999895095825,3.129600048065185,3.129600048065185,20399960
"PROG","Progenity, Inc. - Common Stock","2021-10-19 13:30:00-04:00",3.1201000213623047,3.180000066757202,3.009999990463257,3.069999933242798,3.069999933242798,18763844
"PROG","Progenity, Inc. - Common Stock","2021-10-19 14:30:00-04:00",3.075000047683716,3.130000114440918,2.930000066757202,3.060100078582764,3.060100078582764,15769864
"PROG","Progenity, Inc. - Common Stock","2021-10-19 15:30:00-04:00",3.069999933242798,3.0799999237060547,2.9200000762939453,2.9814999103546143,2.9814999103546143,9780771
"PROG","Progenity, Inc. - Common Stock","2021-10-19 16:00:00-04:00",3.0,3.04,2.91,2.95,2.95,0
"PROG","Progenity, Inc. - Common Stock","2021-10-19 17:00:00-04:00",2.94,2.99,2.91,2.93,2.93,0
"PROG","Progenity, Inc. - Common Stock","2021-10-19 18:00:00-04:00",2.93,2.93,2.81,2.91,2.91,0
"PROG","Progenity, Inc. - Common Stock","2021-10-19 19:00:00-04:00",2.9,2.94,2.89,2.93,2.93,0
"PROG","Progenity, Inc. - Common Stock","2021-10-20 04:00:00-04:00",2.93,3.01,2.86,2.95,2.95,0
"PROG","Progenity, Inc. - Common Stock","2021-10-20 05:00:00-04:00",2.95,2.97,2.92,2.94,2.94,0
"PROG","Progenity, Inc. - Common Stock","2021-10-20 06:00:00-04:00",2.94,2.99,2.94,2.97,2.97,0
"PROG","Progenity, Inc. - Common Stock","2021-10-20 07:00:00-04:00",2.97,3.0,2.92,2.93,2.93,0
"PROG","Progenity, Inc. - Common Stock","2021-10-20 08:00:00-04:00",2.93,2.99,2.89,2.92,2.92,0
"PROG","Progenity, Inc. - Common Stock","2021-10-20 09:00:00-04:00",2.93,2.93,2.85,2.87,2.87,0
"PROG","Progenity, Inc. - Common Stock","2021-10-20 09:30:00-04:00",2.8399999141693115,2.9200000762939453,2.680000066757202,2.829900026321411,2.829900026321411,32432431
"PROG","Progenity, Inc. - Common Stock","2021-10-20 10:30:00-04:00",2.819999933242798,2.859999895095825,2.740000009536743,2.755000114440918,2.755000114440918,10482997
"PROG","Progenity, Inc. - Common Stock","2021-10-20 11:30:00-04:00",2.7599000930786133,2.8399999141693115,2.75,2.7701001167297363,2.7701001167297363,6067112
"PROG","Progenity, Inc. - Common Stock","2021-10-20 12:30:00-04:00",2.7699999809265137,2.819999933242798,2.700000047683716,2.734999895095825,2.734999895095825,7197496
"PROG","Progenity, Inc. - Common Stock","2021-10-20 13:30:00-04:00",2.740000009536743,2.759999990463257,2.6600000858306885,2.734999895095825,2.734999895095825,7099421
"PROG","Progenity, Inc. - Common Stock","2021-10-20 14:30:00-04:00",2.737799882888794,2.7799999713897705,2.7100000381469727,2.720000028610229,2.720000028610229,3774785
"PROG","Progenity, Inc. - Common Stock","2021-10-20 15:30:00-04:00",2.720000028610229,2.740000009536743,2.7100000381469727,2.734999895095825,2.734999895095825,3792744
"PROG","Progenity, Inc. - Common Stock","2021-10-20 16:00:00-04:00",2.72,2.74,2.71,2.73,2.73,0
"PROG","Progenity, Inc. - Common Stock","2021-10-20 17:00:00-04:00",2.73,2.77,2.73,2.74,2.74,0
"PROG","Progenity, Inc. - Common Stock","2021-10-20 18:00:00-04:00",2.74,2.76,2.73,2.75,2.75,0
"PROG","Progenity, Inc. - Common Stock","2021-10-20 19:00:00-04:00",2.75,2.77,2.74,2.76,2.76,0
"PROG","Progenity, Inc. - Common Stock","2021-10-21 04:00:00-04:00",2.76,2.82,2.76,2.78,2.78,0
"PROG","Progenity, Inc. - Common Stock","2021-10-21 05:00:00-04:00",2.78,2.81,2.76,2.78,2.78,0
"PROG","Progenity, Inc. - Common Stock","2021-10-21 06:00:00-04:00",2.78,2.79,2.75,2.76,2.76,0
"PROG","Progenity, Inc. - Common Stock","2021-10-21 07:00:00-04:00",2.76,2.8,2.75,2.76,2.76,0
"PROG","Progenity, Inc. - Common Stock","2021-10-21 08:00:00-04:00",2.77,2.8,2.75,2.775,2.775,0
"PROG","Progenity, Inc. - Common Stock","2021-10-21 09:00:00-04:00",2.77,2.79,2.73,2.73,2.73,0
"PROG","Progenity, Inc. - Common Stock","2021-10-21 09:30:00-04:00",2.7376999855041504,2.8399999141693115,2.619999885559082,2.690000057220459,2.690000057220459,16806197
"PROG","Progenity, Inc. - Common Stock","2021-10-21 10:30:00-04:00",2.696199893951416,2.718300104141236,2.299999952316284,2.4800000190734863,2.4800000190734863,18066154
"PROG","Progenity, Inc. - Common Stock","2021-10-21 11:30:00-04:00",2.488600015640259,2.549999952316284,2.430000066757202,2.4899001121521,2.4899001121521,9000505
"PROG","Progenity, Inc. - Common Stock","2021-10-21 12:30:00-04:00",2.4823999404907227,2.549999952316284,2.450000047683716,2.4679999351501465,2.4679999351501465,4792878
"PROG","Progenity, Inc. - Common Stock","2021-10-21 13:30:00-04:00",2.470000028610229,2.4800000190734863,2.3499999046325684,2.4800000190734863,2.4800000190734863,8499829
"PROG","Progenity, Inc. - Common Stock","2021-10-21 14:30:00-04:00",2.4749999046325684,2.4800000190734863,2.400000095367432,2.450000047683716,2.450000047683716,3728612
"PROG","Progenity, Inc. - Common Stock","2021-10-21 15:30:00-04:00",2.4549999237060547,2.5299999713897705,2.440000057220459,2.4886999130249023,2.4886999130249023,3989930
"PROG","Progenity, Inc. - Common Stock","2021-10-21 16:00:00-04:00",2.5,2.6,2.49,2.53,2.53,0
"PROG","Progenity, Inc. - Common Stock","2021-10-21 17:00:00-04:00",2.54,2.59,2.46,2.58,2.58,0
"PROG","Progenity, Inc. - Common Stock","2021-10-21 18:00:00-04:00",2.59,2.6001,2.53,2.6,2.6,0
"PROG","Progenity, Inc. - Common Stock","2021-10-21 19:00:00-04:00",2.6,2.62,2.55,2.6,2.6,0
"PROG","Progenity, Inc. - Common Stock","2021-10-22 04:00:00-04:00",2.58,2.58,2.33,2.44,2.44,0
"PROG","Progenity, Inc. - Common Stock","2021-10-22 05:00:00-04:00",2.43,2.43,2.3,2.39,2.39,0
"PROG","Progenity, Inc. - Common Stock","2021-10-22 06:00:00-04:00",2.39,2.43,2.31,2.33,2.33,0
"PROG","Progenity, Inc. - Common Stock","2021-10-22 07:00:00-04:00",2.34,2.54,2.33,2.5,2.5,0
"PROG","Progenity, Inc. - Common Stock","2021-10-22 08:00:00-04:00",2.5,2.55,2.36,2.43,2.43,0
"PROG","Progenity, Inc. - Common Stock","2021-10-22 09:00:00-04:00",2.42,2.44,2.31,2.33,2.33,0
"PROG","Progenity, Inc. - Common Stock","2021-10-22 09:30:00-04:00",2.3399999141693115,2.7300000190734863,2.2300000190734863,2.7149999141693115,2.7149999141693115,25421814
"PROG","Progenity, Inc. - Common Stock","2021-10-22 10:30:00-04:00",2.718899965286255,3.3299999237060547,2.569999933242798,2.9031999111175537,2.9031999111175537,67829127
"PROG","Progenity, Inc. - Common Stock","2021-10-22 11:30:00-04:00",2.9049999713897705,3.049999952316284,2.7100000381469727,2.970000028610229,2.970000028610229,23197530
"PROG","Progenity, Inc. - Common Stock","2021-10-22 12:30:00-04:00",2.970000028610229,2.990000009536743,2.7799999713897705,2.890000104904175,2.890000104904175,13227294
"PROG","Progenity, Inc. - Common Stock","2021-10-22 13:30:00-04:00",2.890000104904175,2.9800000190734863,2.799999952316284,2.909899950027466,2.909899950027466,14251544
"PROG","Progenity, Inc. - Common Stock","2021-10-22 14:30:00-04:00",2.909899950027466,3.2300000190734863,2.8399999141693115,3.095000028610229,3.095000028610229,26787110
"PROG","Progenity, Inc. - Common Stock","2021-10-22 15:30:00-04:00",3.0975000858306885,3.1886000633239746,2.900000095367432,2.9600000381469727,2.9600000381469727,12865172
"PROG","Progenity, Inc. - Common Stock","2021-10-22 16:00:00-04:00",2.96,2.97,2.83,2.91,2.91,0
"PROG","Progenity, Inc. - Common Stock","2021-10-22 17:00:00-04:00",2.9099,3.18,2.9,3.03,3.03,0
"PROG","Progenity, Inc. - Common Stock","2021-10-22 18:00:00-04:00",3.025,3.05,2.9,2.97,2.97,0
"PROG","Progenity, Inc. - Common Stock","2021-10-22 19:00:00-04:00",2.96,2.98,2.88,2.96,2.96,0
"PROG","Progenity, Inc. - Common Stock","2021-10-25 04:00:00-04:00",2.96,3.1,2.75,2.94,2.94,0
"PROG","Progenity, Inc. - Common Stock","2021-10-25 05:00:00-04:00",2.95,2.98,2.85,2.9,2.9,0
"PROG","Progenity, Inc. - Common Stock","2021-10-25 06:00:00-04:00",2.91,2.93,2.86,2.89,2.89,0
"PROG","Progenity, Inc. - Common Stock","2021-10-25 07:00:00-04:00",2.9,3.03,2.77,3.01,3.01,0
"PROG","Progenity, Inc. - Common Stock","2021-10-25 08:00:00-04:00",3.01,3.04,2.77,2.94,2.94,0
"PROG","Progenity, Inc. - Common Stock","2021-10-25 09:00:00-04:00",2.95,3.0,2.88,3.0,3.0,0
"PROG","Progenity, Inc. - Common Stock","2021-10-25 09:30:00-04:00",3.049999952316284,3.470000028610229,2.970000028610229,3.1689000129699707,3.1689000129699707,51109900
"PROG","Progenity, Inc. - Common Stock","2021-10-25 10:30:00-04:00",3.1640000343322754,3.380000114440918,3.1600000858306885,3.309900045394897,3.309900045394897,18698093
"PROG","Progenity, Inc. - Common Stock","2021-10-25 11:30:00-04:00",3.309900045394897,3.4800000190734863,3.240000009536743,3.3587000370025635,3.3587000370025635,22560410
"PROG","Progenity, Inc. - Common Stock","2021-10-25 12:30:00-04:00",3.3499999046325684,3.440000057220459,3.259999990463257,3.3285999298095703,3.3285999298095703,11897275
"PROG","Progenity, Inc. - Common Stock","2021-10-25 13:30:00-04:00",3.3299999237060547,3.390000104904175,3.059999942779541,3.095000028610229,3.095000028610229,12577184
"PROG","Progenity, Inc. - Common Stock","2021-10-25 14:30:00-04:00",3.0915000438690186,3.309999942779541,3.0799999237060547,3.305000066757202,3.305000066757202,9634006
"PROG","Progenity, Inc. - Common Stock","2021-10-25 15:30:00-04:00",3.305000066757202,3.4200000762939453,3.2699999809265137,3.375,3.375,10562914
"PROG","Progenity, Inc. - Common Stock","2021-10-25 16:00:00-04:00",3.38,3.41,3.19,3.27,3.27,0
"PROG","Progenity, Inc. - Common Stock","2021-10-25 17:00:00-04:00",3.28,3.3,3.21,3.25,3.25,0
"PROG","Progenity, Inc. - Common Stock","2021-10-25 18:00:00-04:00",3.25,3.27,3.19,3.26,3.26,0
"PROG","Progenity, Inc. - Common Stock","2021-10-25 19:00:00-04:00",3.24,3.36,3.22,3.33,3.33,0
"PROG","Progenity, Inc. - Common Stock","2021-10-26 04:00:00-04:00",3.15,3.43,3.15,3.3,3.3,0
"PROG","Progenity, Inc. - Common Stock","2021-10-26 05:00:00-04:00",3.31,3.42,3.29,3.4,3.4,0
"PROG","Progenity, Inc. - Common Stock","2021-10-26 06:00:00-04:00",3.4,6.47,3.36,5.69,5.69,0
"PROG","Progenity, Inc. - Common Stock","2021-10-26 07:00:00-04:00",5.66,5.81,4.11,4.61,4.61,0
"PROG","Progenity, Inc. - Common Stock","2021-10-26 08:00:00-04:00",4.61,4.9,3.41,3.81,3.81,0
"PROG","Progenity, Inc. - Common Stock","2021-10-26 09:00:00-04:00",3.8099,4.14,3.7,3.9,3.9,0
"PROG","Progenity, Inc. - Common Stock","2021-10-26 09:30:00-04:00",4.0,4.0,3.309999942779541,3.469899892807007,3.469899892807007,104918031
"PROG","Progenity, Inc. - Common Stock","2021-10-26 10:30:00-04:00",3.4600000381469727,3.9700000286102295,3.440000057220459,3.7183001041412354,3.7183001041412354,28906080
"PROG","Progenity, Inc. - Common Stock","2021-10-26 11:30:00-04:00",3.719899892807007,4.349999904632568,3.5999999046325684,3.998699903488159,3.998699903488159,37427995
"PROG","Progenity, Inc. - Common Stock","2021-10-26 12:30:00-04:00",3.994999885559082,4.179999828338623,3.819999933242798,3.910099983215332,3.910099983215332,30715213
"PROG","Progenity, Inc. - Common Stock","2021-10-26 13:30:00-04:00",3.911499977111816,4.119999885559082,3.859999895095825,4.059999942779541,4.059999942779541,17186276
"PROG","Progenity, Inc. - Common Stock","2021-10-26 14:30:00-04:00",4.070000171661377,4.190000057220459,3.849999904632568,3.924999952316284,3.924999952316284,20949001
"PROG","Progenity, Inc. - Common Stock","2021-10-26 15:30:00-04:00",3.930000066757202,4.0,3.849999904632568,3.9800000190734863,3.9800000190734863,8060944
"PROG","Progenity, Inc. - Common Stock","2021-10-26 16:00:00-04:00",3.99,3.99,3.57,3.9,3.9,0
"PROG","Progenity, Inc. - Common Stock","2021-10-26 17:00:00-04:00",3.9,3.96,3.76,3.94,3.94,0
"PROG","Progenity, Inc. - Common Stock","2021-10-26 18:00:00-04:00",3.94,4.01,3.9,3.95,3.95,0
"PROG","Progenity, Inc. - Common Stock","2021-10-26 19:00:00-04:00",3.95,4.32,3.93,4.24,4.24,0
"PROG","Progenity, Inc. - Common Stock","2021-10-27 04:00:00-04:00",4.24,4.75,4.09,4.47,4.47,0
"PROG","Progenity, Inc. - Common Stock","2021-10-27 05:00:00-04:00",4.46,4.46,4.1,4.18,4.18,0
"PROG","Progenity, Inc. - Common Stock","2021-10-27 06:00:00-04:00",4.17,4.39,4.03,4.28,4.28,0
"PROG","Progenity, Inc. - Common Stock","2021-10-27 07:00:00-04:00",4.28,4.28,3.9,3.98,3.98,0
"PROG","Progenity, Inc. - Common Stock","2021-10-27 08:00:00-04:00",3.98,4.18,3.8,3.92,3.92,0
"PROG","Progenity, Inc. - Common Stock","2021-10-27 09:00:00-04:00",3.92,3.99,3.66,3.92,3.92,0
"PROG","Progenity, Inc. - Common Stock","2021-10-27 09:30:00-04:00",3.75,4.420000076293945,3.700000047683716,4.204999923706055,4.204999923706055,50767649
"PROG","Progenity, Inc. - Common Stock","2021-10-27 10:30:00-04:00",4.209199905395508,4.269999980926514,3.910000085830689,4.087699890136719,4.087699890136719,18068349
"PROG","Progenity, Inc. - Common Stock","2021-10-27 11:30:00-04:00",4.085000038146973,4.179999828338623,4.0,4.059999942779541,4.059999942779541,10824125
"PROG","Progenity, Inc. - Common Stock","2021-10-27 12:30:00-04:00",4.065000057220459,4.230000019073486,4.039999961853027,4.159999847412109,4.159999847412109,9662362
"PROG","Progenity, Inc. - Common Stock","2021-10-27 13:30:00-04:00",4.170000076293945,4.179999828338623,4.019999980926514,4.059999942779541,4.059999942779541,6818632
"PROG","Progenity, Inc. - Common Stock","2021-10-27 14:30:00-04:00",4.065000057220459,4.070000171661377,3.819999933242798,3.910000085830689,3.910000085830689,12685814
"PROG","Progenity, Inc. - Common Stock","2021-10-27 15:30:00-04:00",3.908499956130981,3.910000085830689,3.609999895095825,3.740000009536743,3.740000009536743,9412459
"PROG","Progenity, Inc. - Common Stock","2021-10-27 16:00:00-04:00",3.75,3.86,3.7,3.85,3.85,0
"PROG","Progenity, Inc. - Common Stock","2021-10-27 17:00:00-04:00",3.85,3.95,3.82,3.9,3.9,0
"PROG","Progenity, Inc. - Common Stock","2021-10-27 18:00:00-04:00",3.9,3.91,3.8,3.81,3.81,0
"PROG","Progenity, Inc. - Common Stock","2021-10-27 19:00:00-04:00",3.81,3.87,3.76,3.7699,3.7699,0
"PROG","Progenity, Inc. - Common Stock","2021-10-28 04:00:00-04:00",3.93,4.0,3.7,3.7,3.7,0
"PROG","Progenity, Inc. - Common Stock","2021-10-28 05:00:00-04:00",3.71,3.75,3.55,3.74,3.74,0
"PROG","Progenity, Inc. - Common Stock","2021-10-28 06:00:00-04:00",3.73,3.73,3.6,3.67,3.67,0
"PROG","Progenity, Inc. - Common Stock","2021-10-28 07:00:00-04:00",3.64,3.8,3.59,3.78,3.78,0
"PROG","Progenity, Inc. - Common Stock","2021-10-28 08:00:00-04:00",3.76,3.81,3.63,3.78,3.78,0
"PROG","Progenity, Inc. - Common Stock","2021-10-28 09:00:00-04:00",3.77,3.78,3.65,3.67,3.67,0
"PROG","Progenity, Inc. - Common Stock","2021-10-28 09:30:00-04:00",3.680000066757202,3.7300000190734863,3.369999885559082,3.539999961853028,3.539999961853028,18449877
"PROG","Progenity, Inc. - Common Stock","2021-10-28 10:30:00-04:00",3.530100107192993,3.689899921417236,3.450000047683716,3.6800999641418457,3.6800999641418457,7763483
"PROG","Progenity, Inc. - Common Stock","2021-10-28 11:30:00-04:00",3.687700033187866,3.9700000286102295,3.630000114440918,3.81820011138916,3.81820011138916,14122128
"PROG","Progenity, Inc. - Common Stock","2021-10-28 12:30:00-04:00",3.815000057220459,3.950000047683716,3.7799999713897705,3.815000057220459,3.815000057220459,7495592
"PROG","Progenity, Inc. - Common Stock","2021-10-28 13:30:00-04:00",3.815000057220459,3.869999885559082,3.7300000190734863,3.7699999809265137,3.7699999809265137,3966875
"PROG","Progenity, Inc. - Common Stock","2021-10-28 14:30:00-04:00",3.775000095367432,3.869999885559082,3.7699999809265137,3.819999933242798,3.819999933242798,3785909
"PROG","Progenity, Inc. - Common Stock","2021-10-28 15:30:00-04:00",3.819999933242798,3.859999895095825,3.7799999713897705,3.849999904632568,3.849999904632568,2363843
"PROG","Progenity, Inc. - Common Stock","2021-10-28 16:00:00-04:00",3.87,3.9,3.8,3.87,3.87,0
"PROG","Progenity, Inc. - Common Stock","2021-10-28 17:00:00-04:00",3.87,3.93,3.8201,3.91,3.91,0
"PROG","Progenity, Inc. - Common Stock","2021-10-28 18:00:00-04:00",3.92,3.92,3.73,3.89,3.89,0
"PROG","Progenity, Inc. - Common Stock","2021-10-28 19:00:00-04:00",3.89,3.9,3.79,3.7901,3.7901,0
"PROG","Progenity, Inc. - Common Stock","2021-10-29 04:00:00-04:00",3.8,3.92,3.73,3.83,3.83,0
"PROG","Progenity, Inc. - Common Stock","2021-10-29 05:00:00-04:00",3.81,3.87,3.77,3.83,3.83,0
"PROG","Progenity, Inc. - Common Stock","2021-10-29 06:00:00-04:00",3.84,3.86,3.79,3.8,3.8,0
"PROG","Progenity, Inc. - Common Stock","2021-10-29 07:00:00-04:00",3.79,3.93,3.78,3.84,3.84,0
"PROG","Progenity, Inc. - Common Stock","2021-10-29 08:00:00-04:00",3.84,3.92,3.77,3.8,3.8,0
"PROG","Progenity, Inc. - Common Stock","2021-10-29 09:00:00-04:00",3.8,3.83,3.68,3.82,3.82,0
"PROG","Progenity, Inc. - Common Stock","2021-10-29 09:30:00-04:00",3.839999914169312,3.920000076293945,3.680000066757202,3.719899892807007,3.719899892807007,9098473
"PROG","Progenity, Inc. - Common Stock","2021-10-29 10:30:00-04:00",3.710099935531616,3.740000009536743,3.559999942779541,3.5708000659942627,3.5708000659942627,6289349
"PROG","Progenity, Inc. - Common Stock","2021-10-29 11:30:00-04:00",3.5785000324249268,3.660000085830689,3.4649999141693115,3.660000085830689,3.660000085830689,5169491
"PROG","Progenity, Inc. - Common Stock","2021-10-29 12:30:00-04:00",3.658600091934204,3.7799999713897705,3.5899999141693115,3.619999885559082,3.619999885559082,3984949
"PROG","Progenity, Inc. - Common Stock","2021-10-29 13:30:00-04:00",3.611299991607666,3.680000066757202,3.565000057220459,3.619999885559082,3.619999885559082,2799035
"PROG","Progenity, Inc. - Common Stock","2021-10-29 14:30:00-04:00",3.6201000213623047,3.660000085830689,3.5799999237060547,3.619999885559082,3.619999885559082,2318964
"PROG","Progenity, Inc. - Common Stock","2021-10-29 15:30:00-04:00",3.615000009536743,3.630000114440918,3.5,3.5999999046325684,3.5999999046325684,3467997
"PROG","Progenity, Inc. - Common Stock","2021-10-29 16:00:00-04:00",3.6,3.61,3.53,3.58,3.58,0
"PROG","Progenity, Inc. - Common Stock","2021-10-29 17:00:00-04:00",3.58,3.68,3.57,3.63,3.63,0
"PROG","Progenity, Inc. - Common Stock","2021-10-29 18:00:00-04:00",3.63,3.65,3.61,3.64,3.64,0
"PROG","Progenity, Inc. - Common Stock","2021-10-29 19:00:00-04:00",3.63,3.65,3.61,3.61,3.61,0
"PROG","Progenity, Inc. - Common Stock","2021-11-01 04:00:00-04:00",3.65,3.8,3.63,3.68,3.68,0
"PROG","Progenity, Inc. - Common Stock","2021-11-01 05:00:00-04:00",3.68,3.7,3.62,3.65,3.65,0
"PROG","Progenity, Inc. - Common Stock","2021-11-01 06:00:00-04:00",3.66,3.68,3.63,3.66,3.66,0
"PROG","Progenity, Inc. - Common Stock","2021-11-01 07:00:00-04:00",3.66,3.68,3.63,3.66,3.66,0
"PROG","Progenity, Inc. - Common Stock","2021-11-01 08:00:00-04:00",3.67,3.68,3.6,3.63,3.63,0
"PROG","Progenity, Inc. - Common Stock","2021-11-01 09:00:00-04:00",3.62,3.65,3.55,3.57,3.57,0
"PROG","Progenity, Inc. - Common Stock","2021-11-01 09:30:00-04:00",3.5799999237060547,3.75,3.4800000190734863,3.650000095367432,3.650000095367432,9810985
"PROG","Progenity, Inc. - Common Stock","2021-11-01 10:30:00-04:00",3.650000095367432,3.670000076293945,3.5299999713897705,3.5299999713897705,3.5299999713897705,4075464
"PROG","Progenity, Inc. - Common Stock","2021-11-01 11:30:00-04:00",3.5299999713897705,3.5899999141693115,3.4100000858306885,3.4600000381469727,3.4600000381469727,4815209
"PROG","Progenity, Inc. - Common Stock","2021-11-01 12:30:00-04:00",3.469099998474121,3.5,3.3399999141693115,3.438499927520752,3.438499927520752,6481269
"PROG","Progenity, Inc. - Common Stock","2021-11-01 13:30:00-04:00",3.4319000244140625,3.5199999809265137,3.4100000858306885,3.444999933242798,3.444999933242798,2720072
"PROG","Progenity, Inc. - Common Stock","2021-11-01 14:30:00-04:00",3.449199914932251,3.4649999141693115,3.3399999141693115,3.3905999660491943,3.3905999660491943,4118865
"PROG","Progenity, Inc. - Common Stock","2021-11-01 15:30:00-04:00",3.3929998874664307,3.506999969482422,3.380000114440918,3.4749999046325684,3.4749999046325684,2658253
"PROG","Progenity, Inc. - Common Stock","2021-11-01 16:00:00-04:00",3.47,3.5,3.37,3.44,3.44,0
"PROG","Progenity, Inc. - Common Stock","2021-11-01 17:00:00-04:00",3.44,3.47,3.4,3.44,3.44,0
"PROG","Progenity, Inc. - Common Stock","2021-11-01 18:00:00-04:00",3.43,3.44,3.42,3.44,3.44,0
"PROG","Progenity, Inc. - Common Stock","2021-11-01 19:00:00-04:00",3.44,3.44,3.4,3.42,3.42,0
"PROG","Progenity, Inc. - Common Stock","2021-11-02 04:00:00-04:00",3.5,3.5,3.29,3.35,3.35,0
"PROG","Progenity, Inc. - Common Stock","2021-11-02 05:00:00-04:00",3.35,3.45,3.28,3.39,3.39,0
"PROG","Progenity, Inc. - Common Stock","2021-11-02 06:00:00-04:00",3.39,3.41,3.3,3.4,3.4,0
"PROG","Progenity, Inc. - Common Stock","2021-11-02 07:00:00-04:00",3.4,3.41,3.36,3.37,3.37,0
"PROG","Progenity, Inc. - Common Stock","2021-11-02 08:00:00-04:00",3.37,3.39,3.28,3.36,3.36,0
"PROG","Progenity, Inc. - Common Stock","2021-11-02 09:00:00-04:00",3.36,3.39,3.28,3.29,3.29,0
"PROG","Progenity, Inc. - Common Stock","2021-11-02 09:30:00-04:00",3.378999948501587,3.400000095367432,3.0299999713897705,3.0302000045776367,3.0302000045776367,18064863
"PROG","Progenity, Inc. - Common Stock","2021-11-02 10:30:00-04:00",3.0350000858306885,3.1600000858306885,2.8499999046325684,3.0999999046325684,3.0999999046325684,15061623
"PROG","Progenity, Inc. - Common Stock","2021-11-02 11:30:00-04:00",3.0899999141693115,3.150000095367432,3.0199999809265137,3.139899969100952,3.139899969100952,3496006
"PROG","Progenity, Inc. - Common Stock","2021-11-02 12:30:00-04:00",3.130100011825561,3.319999933242798,3.130100011825561,3.1700000762939453,3.1700000762939453,7300253
"PROG","Progenity, Inc. - Common Stock","2021-11-02 13:30:00-04:00",3.180000066757202,3.2699999809265137,3.1600000858306885,3.2497000694274902,3.2497000694274902,2484593
"PROG","Progenity, Inc. - Common Stock","2021-11-02 14:30:00-04:00",3.240900039672852,3.369999885559082,3.234999895095825,3.3399999141693115,3.3399999141693115,4267990
"PROG","Progenity, Inc. - Common Stock","2021-11-02 15:30:00-04:00",3.3399999141693115,3.5,3.3299999237060547,3.408600091934204,3.408600091934204,6564481
"PROG","Progenity, Inc. - Common Stock","2021-11-02 16:00:00-04:00",3.4086,3.41,3.22,3.25,3.25,0
"PROG","Progenity, Inc. - Common Stock","2021-11-02 17:00:00-04:00",3.25,3.3,3.21,3.29,3.29,0
"PROG","Progenity, Inc. - Common Stock","2021-11-02 18:00:00-04:00",3.28,3.34,3.27,3.3,3.3,0
"PROG","Progenity, Inc. - Common Stock","2021-11-02 19:00:00-04:00",3.3,3.33,3.3,3.31,3.31,0
"PROG","Progenity, Inc. - Common Stock","2021-11-03 04:00:00-04:00",3.31,3.41,3.2,3.31,3.31,0
"PROG","Progenity, Inc. - Common Stock","2021-11-03 05:00:00-04:00",3.32,3.34,3.28,3.33,3.33,0
"PROG","Progenity, Inc. - Common Stock","2021-11-03 06:00:00-04:00",3.33,3.34,3.23,3.27,3.27,0
"PROG","Progenity, Inc. - Common Stock","2021-11-03 07:00:00-04:00",3.27,3.31,3.19,3.22,3.22,0
"PROG","Progenity, Inc. - Common Stock","2021-11-03 08:00:00-04:00",3.22,3.32,3.19,3.21,3.21,0
"PROG","Progenity, Inc. - Common Stock","2021-11-03 09:00:00-04:00",3.21,3.25,3.1,3.1,3.1,0
"PROG","Progenity, Inc. - Common Stock","2021-11-03 09:30:00-04:00",3.130000114440918,3.25,3.0,3.0999999046325684,3.0999999046325684,10431347
"PROG","Progenity, Inc. - Common Stock","2021-11-03 10:30:00-04:00",3.099900007247925,3.200000047683716,3.095000028610229,3.164299964904785,3.164299964904785,2932928
"PROG","Progenity, Inc. - Common Stock","2021-11-03 11:30:00-04:00",3.1700000762939453,3.3299999237060547,3.1549999713897705,3.244999885559082,3.244999885559082,4683853
"PROG","Progenity, Inc. - Common Stock","2021-11-03 12:30:00-04:00",3.248199939727783,3.286400079727173,3.1700000762939453,3.220000028610229,3.220000028610229,2050564
"PROG","Progenity, Inc. - Common Stock","2021-11-03 13:30:00-04:00",3.220099925994873,3.229199886322021,3.150000095367432,3.194999933242798,3.194999933242798,1318247
"PROG","Progenity, Inc. - Common Stock","2021-11-03 14:30:00-04:00",3.194999933242798,3.244999885559082,3.150000095367432,3.1549999713897705,3.1549999713897705,1808831
"PROG","Progenity, Inc. - Common Stock","2021-11-03 15:30:00-04:00",3.1549999713897705,3.190000057220459,3.109999895095825,3.1198999881744385,3.1198999881744385,1903758
"PROG","Progenity, Inc. - Common Stock","2021-11-03 16:00:00-04:00",3.11,3.13,3.07,3.09,3.09,0
"PROG","Progenity, Inc. - Common Stock","2021-11-03 17:00:00-04:00",3.09,3.13,3.09,3.11,3.11,0
"PROG","Progenity, Inc. - Common Stock","2021-11-03 18:00:00-04:00",3.11,3.13,3.09,3.11,3.11,0
"PROG","Progenity, Inc. - Common Stock","2021-11-03 19:00:00-04:00",3.11,3.16,3.11,3.14,3.14,0
"PROG","Progenity, Inc. - Common Stock","2021-11-04 04:00:00-04:00",3.19,3.19,3.11,3.14,3.14,0
"PROG","Progenity, Inc. - Common Stock","2021-11-04 05:00:00-04:00",3.11,3.15,3.07,3.14,3.14,0
"PROG","Progenity, Inc. - Common Stock","2021-11-04 06:00:00-04:00",3.14,3.14,3.09,3.1,3.1,0
"PROG","Progenity, Inc. - Common Stock","2021-11-04 07:00:00-04:00",3.12,3.12,3.06,3.09,3.09,0
"PROG","Progenity, Inc. - Common Stock","2021-11-04 08:00:00-04:00",3.09,3.12,3.05,3.08,3.08,0
"PROG","Progenity, Inc. - Common Stock","2021-11-04 09:00:00-04:00",3.07,3.14,3.06,3.14,3.14,0
"PROG","Progenity, Inc. - Common Stock","2021-11-04 09:30:00-04:00",3.130000114440918,3.4800000190734863,3.119999885559082,3.479099988937378,3.479099988937378,16555544
"PROG","Progenity, Inc. - Common Stock","2021-11-04 10:30:00-04:00",3.479700088500977,3.7200000286102295,3.400000095367432,3.5,3.5,20229076
"PROG","Progenity, Inc. - Common Stock","2021-11-04 11:30:00-04:00",3.500099897384644,3.5999999046325684,3.380000114440918,3.5790998935699463,3.5790998935699463,7901634
"PROG","Progenity, Inc. - Common Stock","2021-11-04 12:30:00-04:00",3.5799999237060547,3.630000114440918,3.45009994506836,3.590100049972534,3.590100049972534,6308832
"PROG","Progenity, Inc. - Common Stock","2021-11-04 13:30:00-04:00",3.5899999141693115,3.660000085830689,3.509999990463257,3.6298999786376953,3.6298999786376953,6999431
"PROG","Progenity, Inc. - Common Stock","2021-11-04 14:30:00-04:00",3.630000114440918,3.670000076293945,3.4800000190734863,3.509999990463257,3.509999990463257,6244782
"PROG","Progenity, Inc. - Common Stock","2021-11-04 15:30:00-04:00",3.505000114440918,3.5999999046325684,3.5,3.559999942779541,3.559999942779541,3478995
"PROG","Progenity, Inc. - Common Stock","2021-11-04 16:00:00-04:00",3.6,3.6,3.5,3.53,3.53,0
"PROG","Progenity, Inc. - Common Stock","2021-11-04 17:00:00-04:00",3.54,3.64,3.53,3.64,3.64,0
"PROG","Progenity, Inc. - Common Stock","2021-11-04 18:00:00-04:00",3.62,3.81,3.62,3.77,3.77,0
"PROG","Progenity, Inc. - Common Stock","2021-11-04 19:00:00-04:00",3.77,3.85,3.76,3.82,3.82,0
"PROG","Progenity, Inc. - Common Stock","2021-11-05 04:00:00-04:00",3.83,3.85,3.7,3.82,3.82,0
"PROG","Progenity, Inc. - Common Stock","2021-11-05 05:00:00-04:00",3.83,3.87,3.77,3.82,3.82,0
"PROG","Progenity, Inc. - Common Stock","2021-11-05 06:00:00-04:00",3.83,3.85,3.81,3.84,3.84,0
"PROG","Progenity, Inc. - Common Stock","2021-11-05 07:00:00-04:00",3.84,3.84,3.62,3.67,3.67,0
"PROG","Progenity, Inc. - Common Stock","2021-11-05 08:00:00-04:00",3.67,3.8,3.61,3.63,3.63,0
"PROG","Progenity, Inc. - Common Stock","2021-11-05 09:00:00-04:00",3.63,3.7,3.63,3.67,3.67,0
"PROG","Progenity, Inc. - Common Stock","2021-11-05 09:30:00-04:00",3.684999942779541,4.085000038146973,3.640000104904175,3.780100107192993,3.780100107192993,34077063
"PROG","Progenity, Inc. - Common Stock","2021-11-05 10:30:00-04:00",3.7899999618530273,3.869999885559082,3.700000047683716,3.759200096130371,3.759200096130371,11614059
"PROG","Progenity, Inc. - Common Stock","2021-11-05 11:30:00-04:00",3.759999990463257,3.7899999618530273,3.615000009536743,3.680500030517578,3.680500030517578,6238763
"PROG","Progenity, Inc. - Common Stock","2021-11-05 12:30:00-04:00",3.68530011177063,3.7200000286102295,3.5799999237060547,3.5850000381469727,3.5850000381469727,5135671
"PROG","Progenity, Inc. - Common Stock","2021-11-05 13:30:00-04:00",3.5820000171661377,3.630000114440918,3.5299999713897705,3.539999961853028,3.539999961853028,4645964
"PROG","Progenity, Inc. - Common Stock","2021-11-05 14:30:00-04:00",3.5464000701904297,3.559999942779541,3.380000114440918,3.525000095367432,3.525000095367432,8181041
"PROG","Progenity, Inc. - Common Stock","2021-11-05 15:30:00-04:00",3.525000095367432,3.595000028610229,3.490000009536743,3.509999990463257,3.509999990463257,3650081
"PROG","Progenity, Inc. - Common Stock","2021-11-05 16:00:00-04:00",3.52,3.54,3.45,3.46,3.46,0
"PROG","Progenity, Inc. - Common Stock","2021-11-05 17:00:00-04:00",3.47,3.5,3.45,3.46,3.46,0
"PROG","Progenity, Inc. - Common Stock","2021-11-05 18:00:00-04:00",3.4699,3.48,3.45,3.47,3.47,0
"PROG","Progenity, Inc. - Common Stock","2021-11-05 19:00:00-04:00",3.47,3.48,3.44,3.46,3.46,0
"PROG","Progenity, Inc. - Common Stock","2021-11-08 04:00:00-05:00",3.52,3.68,3.5,3.59,3.59,0
"PROG","Progenity, Inc. - Common Stock","2021-11-08 05:00:00-05:00",3.57,3.59,3.55,3.56,3.56,0
"PROG","Progenity, Inc. - Common Stock","2021-11-08 06:00:00-05:00",3.55,3.58,3.5,3.56,3.56,0
"PROG","Progenity, Inc. - Common Stock","2021-11-08 07:00:00-05:00",3.55,3.56,3.46,3.47,3.47,0
"PROG","Progenity, Inc. - Common Stock","2021-11-08 08:00:00-05:00",3.48,3.54,3.43,3.47,3.47,0
"PROG","Progenity, Inc. - Common Stock","2021-11-08 09:00:00-05:00",3.47,3.56,3.46,3.55,3.55,0
"PROG","Progenity, Inc. - Common Stock","2021-11-08 09:30:00-05:00",3.5899999141693115,3.7200000286102295,3.5299999713897705,3.594000101089477,3.594000101089477,8547332
"PROG","Progenity, Inc. - Common Stock","2021-11-08 10:30:00-05:00",3.5850000381469727,3.609999895095825,3.430000066757202,3.470000028610229,3.470000028610229,6916386
"PROG","Progenity, Inc. - Common Stock","2021-11-08 11:30:00-05:00",3.470000028610229,3.5299999713897705,3.430000066757202,3.5,3.5,2524897
"PROG","Progenity, Inc. - Common Stock","2021-11-08 12:30:00-05:00",3.494999885559082,3.5299999713897705,3.450000047683716,3.458400011062622,3.458400011062622,1934270
"PROG","Progenity, Inc. - Common Stock","2021-11-08 13:30:00-05:00",3.450000047683716,3.4800000190734863,3.430000066757202,3.4316000938415527,3.4316000938415527,1918358
"PROG","Progenity, Inc. - Common Stock","2021-11-08 14:30:00-05:00",3.431999921798706,3.4800000190734863,3.355799913406372,3.463000059127808,3.463000059127808,3327199
"PROG","Progenity, Inc. - Common Stock","2021-11-08 15:30:00-05:00",3.4649999141693115,3.5299999713897705,3.4649999141693115,3.5199999809265137,3.5199999809265137,1719580
"PROG","Progenity, Inc. - Common Stock","2021-11-08 16:00:00-05:00",3.54,3.54,3.4,3.43,3.43,0
"PROG","Progenity, Inc. - Common Stock","2021-11-08 17:00:00-05:00",3.43,3.47,3.41,3.46,3.46,0
"PROG","Progenity, Inc. - Common Stock","2021-11-08 18:00:00-05:00",3.46,3.46,3.43,3.45,3.45,0
"PROG","Progenity, Inc. - Common Stock","2021-11-09 04:00:00-05:00",3.53,3.54,3.45,3.5,3.5,0
"PROG","Progenity, Inc. - Common Stock","2021-11-09 05:00:00-05:00",3.5,3.51,3.47,3.48,3.48,0
"PROG","Progenity, Inc. - Common Stock","2021-11-09 06:00:00-05:00",3.48,3.49,3.43,3.44,3.44,0
"PROG","Progenity, Inc. - Common Stock","2021-11-09 07:00:00-05:00",3.44,3.49,3.4,3.44,3.44,0
"PROG","Progenity, Inc. - Common Stock","2021-11-09 08:00:00-05:00",3.44,3.5,3.41,3.45,3.45,0
"PROG","Progenity, Inc. - Common Stock","2021-11-09 09:00:00-05:00",3.46,3.54,3.45,3.51,3.51,0
"PROG","Progenity, Inc. - Common Stock","2021-11-09 09:30:00-05:00",3.5299999713897705,3.539999961853028,3.299999952316284,3.4100000858306885,3.4100000858306885,8496684
"PROG","Progenity, Inc. - Common Stock","2021-11-09 10:30:00-05:00",3.411400079727173,3.444999933242798,3.3399999141693115,3.3893001079559326,3.3893001079559326,2877047
"PROG","Progenity, Inc. - Common Stock","2021-11-09 11:30:00-05:00",3.380100011825561,3.4200000762939453,3.3299999237060547,3.345000028610229,3.345000028610229,1396543
"PROG","Progenity, Inc. - Common Stock","2021-11-09 12:30:00-05:00",3.3399999141693115,3.3949999809265137,3.3299999237060547,3.389899969100952,3.389899969100952,1620147
"PROG","Progenity, Inc. - Common Stock","2021-11-09 13:30:00-05:00",3.384999990463257,3.490000009536743,3.380000114440918,3.440000057220459,3.440000057220459,2029297
"PROG","Progenity, Inc. - Common Stock","2021-11-09 14:30:00-05:00",3.4335999488830566,3.4600000381469727,3.390000104904175,3.414999961853028,3.414999961853028,1214309
"PROG","Progenity, Inc. - Common Stock","2021-11-09 15:30:00-05:00",3.414999961853028,3.450000047683716,3.3949999809265137,3.4100000858306885,3.4100000858306885,1154085
"PROG","Progenity, Inc. - Common Stock","2021-11-09 16:00:00-05:00",3.41,3.45,3.39,3.405,3.405,0
"PROG","Progenity, Inc. - Common Stock","2021-11-09 17:00:00-05:00",3.4,3.45,3.4,3.45,3.45,0
"PROG","Progenity, Inc. - Common Stock","2021-11-09 18:00:00-05:00",3.45,3.45,3.41,3.42,3.42,0
"PROG","Progenity, Inc. - Common Stock","2021-11-10 04:00:00-05:00",3.48,3.52,3.4,3.43,3.43,0
"PROG","Progenity, Inc. - Common Stock","2021-11-10 05:00:00-05:00",3.48,3.49,3.43,3.49,3.49,0
"PROG","Progenity, Inc. - Common Stock","2021-11-10 06:00:00-05:00",3.48,3.5,3.45,3.47,3.47,0
"PROG","Progenity, Inc. - Common Stock","2021-11-10 07:00:00-05:00",3.48,3.51,3.47,3.51,3.51,0
"PROG","Progenity, Inc. - Common Stock","2021-11-10 08:00:00-05:00",3.51,3.53,3.47,3.51,3.51,0
"PROG","Progenity, Inc. - Common Stock","2021-11-10 09:00:00-05:00",3.52,3.53,3.41,3.48,3.48,0
"PROG","Progenity, Inc. - Common Stock","2021-11-10 09:30:00-05:00",3.470000028610229,3.839999914169312,3.380000114440918,3.7564001083374015,3.7564001083374015,9996211
"PROG","Progenity, Inc. - Common Stock","2021-11-10 10:30:00-05:00",3.759999990463257,3.7799999713897705,3.5799999237060547,3.649899959564209,3.649899959564209,12937915
"PROG","Progenity, Inc. - Common Stock","2021-11-10 11:30:00-05:00",3.6449999809265137,3.680000066757202,3.559999942779541,3.650000095367432,3.650000095367432,3963915
"PROG","Progenity, Inc. - Common Stock","2021-11-10 12:30:00-05:00",3.650099992752075,3.7300000190734863,3.440000057220459,3.5618999004364014,3.5618999004364014,6708228
"PROG","Progenity, Inc. - Common Stock","2021-11-10 13:30:00-05:00",3.569999933242798,3.5899999141693115,3.500999927520752,3.5450000762939453,3.5450000762939453,2101087
"PROG","Progenity, Inc. - Common Stock","2021-11-10 14:30:00-05:00",3.54010009765625,3.559999942779541,3.4600000381469727,3.505000114440918,3.505000114440918,3037154
"PROG","Progenity, Inc. - Common Stock","2021-11-10 15:30:00-05:00",3.509999990463257,3.650000095367432,3.490000009536743,3.5199999809265137,3.5199999809265137,4267611
"PROG","Progenity, Inc. - Common Stock","2021-11-10 16:00:00-05:00",3.52,3.75,2.7,3.24,3.24,0
"PROG","Progenity, Inc. - Common Stock","2021-11-10 17:00:00-05:00",3.25,3.3,3.11,3.18,3.18,0
"PROG","Progenity, Inc. - Common Stock","2021-11-10 18:00:00-05:00",3.18,3.25,3.16,3.25,3.25,0
"PROG","Progenity, Inc. - Common Stock","2021-11-11 04:00:00-05:00",3.15,3.34,3.15,3.28,3.28,0
"PROG","Progenity, Inc. - Common Stock","2021-11-11 05:00:00-05:00",3.29,3.37,3.24,3.26,3.26,0
"PROG","Progenity, Inc. - Common Stock","2021-11-11 06:00:00-05:00",3.28,3.3,3.25,3.3,3.3,0
"PROG","Progenity, Inc. - Common Stock","2021-11-11 07:00:00-05:00",3.3,3.34,3.19,3.2,3.2,0
"PROG","Progenity, Inc. - Common Stock","2021-11-11 08:00:00-05:00",3.2,3.3001,3.19,3.21,3.21,0
"PROG","Progenity, Inc. - Common Stock","2021-11-11 09:00:00-05:00",3.2,3.21,3.04,3.08,3.08,0
"PROG","Progenity, Inc. - Common Stock","2021-11-11 09:30:00-05:00",3.0799999237060547,3.3499999046325684,3.009999990463257,3.200000047683716,3.200000047683716,9909566
"PROG","Progenity, Inc. - Common Stock","2021-11-11 10:30:00-05:00",3.2049999237060547,3.220000028610229,3.109999895095825,3.130000114440918,3.130000114440918,4115052
"PROG","Progenity, Inc. - Common Stock","2021-11-11 11:30:00-05:00",3.134999990463257,3.190000057220459,3.119999885559082,3.130000114440918,3.130000114440918,1894624
"PROG","Progenity, Inc. - Common Stock","2021-11-11 12:30:00-05:00",3.125,3.180000066757202,3.119999885559082,3.149899959564209,3.149899959564209,1881022
"PROG","Progenity, Inc. - Common Stock","2021-11-11 13:30:00-05:00",3.150000095367432,3.1600000858306885,3.130000114440918,3.130000114440918,3.130000114440918,1285856
"PROG","Progenity, Inc. - Common Stock","2021-11-11 14:30:00-05:00",3.130000114440918,3.150000095367432,3.0999999046325684,3.0999999046325684,3.0999999046325684,1817867
"PROG","Progenity, Inc. - Common Stock","2021-11-11 15:30:00-05:00",3.1050000190734863,3.119999885559082,3.049999952316284,3.0969998836517334,3.0969998836517334,2089305
"PROG","Progenity, Inc. - Common Stock","2021-11-11 16:00:00-05:00",3.1,3.1,3.08,3.1,3.1,0
"PROG","Progenity, Inc. - Common Stock","2021-11-11 17:00:00-05:00",3.1,3.11,3.05,3.09,3.09,0
"PROG","Progenity, Inc. - Common Stock","2021-11-11 18:00:00-05:00",3.09,3.1,3.08,3.1,3.1,0
"PROG","Progenity, Inc. - Common Stock","2021-11-12 04:00:00-05:00",3.05,3.1,3.01,3.08,3.08,0
"PROG","Progenity, Inc. - Common Stock","2021-11-12 05:00:00-05:00",3.07,3.08,3.03,3.04,3.04,0
"PROG","Progenity, Inc. - Common Stock","2021-11-12 06:00:00-05:00",3.04,3.08,3.03,3.07,3.07,0
"PROG","Progenity, Inc. - Common Stock","2021-11-12 07:00:00-05:00",3.07,3.1,3.04,3.06,3.06,0
"PROG","Progenity, Inc. - Common Stock","2021-11-12 08:00:00-05:00",3.05,3.095,3.02,3.04,3.04,0
"PROG","Progenity, Inc. - Common Stock","2021-11-12 09:00:00-05:00",3.03,3.09,3.0,3.04,3.04,0
"PROG","Progenity, Inc. - Common Stock","2021-11-12 09:30:00-05:00",3.0299999713897705,3.045799970626831,2.8701000213623047,2.95009994506836,2.95009994506836,9232302
"PROG","Progenity, Inc. - Common Stock","2021-11-12 10:30:00-05:00",2.9549999237060547,2.970000028610229,2.890000104904175,2.914999961853028,2.914999961853028,3305252
"PROG","Progenity, Inc. - Common Stock","2021-11-12 11:30:00-05:00",2.911799907684326,2.95989990234375,2.869999885559082,2.9549999237060547,2.9549999237060547,2563961
"PROG","Progenity, Inc. - Common Stock","2021-11-12 12:30:00-05:00",2.9600000381469727,3.049999952316284,2.940000057220459,3.049999952316284,3.049999952316284,2413938
"PROG","Progenity, Inc. - Common Stock","2021-11-12 13:30:00-05:00",3.0450000762939453,3.049999952316284,2.9600000381469727,2.9892001152038574,2.9892001152038574,1785733
"PROG","Progenity, Inc. - Common Stock","2021-11-12 14:30:00-05:00",2.984999895095825,3.025000095367432,2.9800000190734863,2.9899001121521,2.9899001121521,1245508
"PROG","Progenity, Inc. - Common Stock","2021-11-12 15:30:00-05:00",2.984999895095825,3.0299999713897705,2.9200000762939453,2.9800000190734863,2.9800000190734863,1967596
"PROG","Progenity, Inc. - Common Stock","2021-11-12 16:00:00-05:00",2.97,3.01,2.94,2.96,2.96,0
"PROG","Progenity, Inc. - Common Stock","2021-11-12 17:00:00-05:00",2.96,2.98,2.95,2.97,2.97,0
"PROG","Progenity, Inc. - Common Stock","2021-11-12 18:00:00-05:00",2.96,2.99,2.95,2.97,2.97,0
"PROG","Progenity, Inc. - Common Stock","2021-11-15 04:00:00-05:00",2.98,3.1,2.98,3.08,3.08,0
"PROG","Progenity, Inc. - Common Stock","2021-11-15 05:00:00-05:00",3.08,3.21,3.07,3.15,3.15,0
"PROG","Progenity, Inc. - Common Stock","2021-11-15 06:00:00-05:00",3.14,3.19,3.13,3.16,3.16,0
"PROG","Progenity, Inc. - Common Stock","2021-11-15 07:00:00-05:00",3.15,3.18,3.1,3.11,3.11,0
"PROG","Progenity, Inc. - Common Stock","2021-11-15 08:00:00-05:00",3.12,3.16,3.07,3.08,3.08,0
"PROG","Progenity, Inc. - Common Stock","2021-11-15 09:00:00-05:00",3.09,3.09,3.01,3.05,3.05,0
"PROG","Progenity, Inc. - Common Stock","2021-11-15 09:30:00-05:00",3.049999952316284,3.3399999141693115,3.049999952316284,3.2149999141693115,3.2149999141693115,14072782
"PROG","Progenity, Inc. - Common Stock","2021-11-15 10:30:00-05:00",3.219500064849853,3.319999933242798,3.1700000762939453,3.2701001167297363,3.2701001167297363,4505324
"PROG","Progenity, Inc. - Common Stock","2021-11-15 11:30:00-05:00",3.2702999114990234,3.4800000190734863,3.265000104904175,3.4200000762939453,3.4200000762939453,7604584
"PROG","Progenity, Inc. - Common Stock","2021-11-15 12:30:00-05:00",3.4100000858306885,3.5299999713897705,3.390000104904175,3.430000066757202,3.430000066757202,7479641
"PROG","Progenity, Inc. - Common Stock","2021-11-15 13:30:00-05:00",3.434999942779541,3.440000057220459,3.3399999141693115,3.384999990463257,3.384999990463257,3921651
"PROG","Progenity, Inc. - Common Stock","2021-11-15 14:30:00-05:00",3.384999990463257,3.400000095367432,3.309999942779541,3.3708999156951904,3.3708999156951904,3190998
"PROG","Progenity, Inc. - Common Stock","2021-11-15 15:30:00-05:00",3.375,3.4800000190734863,3.360100030899048,3.469799995422364,3.469799995422364,3806759
"PROG","Progenity, Inc. - Common Stock","2021-11-15 16:00:00-05:00",3.47,3.48,3.4,3.45,3.45,0
"PROG","Progenity, Inc. - Common Stock","2021-11-15 17:00:00-05:00",3.45,3.48,3.43,3.47,3.47,0
"PROG","Progenity, Inc. - Common Stock","2021-11-15 18:00:00-05:00",3.47,3.59,3.45,3.57,3.57,0
"PROG","Progenity, Inc. - Common Stock","2021-11-16 04:00:00-05:00",3.7,3.71,3.58,3.66,3.66,0
"PROG","Progenity, Inc. - Common Stock","2021-11-16 05:00:00-05:00",3.66,3.71,3.63,3.69,3.69,0
"PROG","Progenity, Inc. - Common Stock","2021-11-16 06:00:00-05:00",3.7,3.93,3.68,3.83,3.83,0
"PROG","Progenity, Inc. - Common Stock","2021-11-16 07:00:00-05:00",3.84,3.97,3.77,3.89,3.89,0
"PROG","Progenity, Inc. - Common Stock","2021-11-16 08:00:00-05:00",3.88,3.98,3.78,3.95,3.95,0
"PROG","Progenity, Inc. - Common Stock","2021-11-16 09:00:00-05:00",3.96,4.1,3.85,3.96,3.96,0
"PROG","Progenity, Inc. - Common Stock","2021-11-16 09:30:00-05:00",3.9600000381469727,4.889999866485596,3.829999923706055,4.817599773406982,4.817599773406982,109832481
"PROG","Progenity, Inc. - Common Stock","2021-11-16 10:30:00-05:00",4.810800075531006,5.050000190734863,4.159999847412109,4.251500129699707,4.251500129699707,74248886
"PROG","Progenity, Inc. - Common Stock","2021-11-16 11:30:00-05:00",4.251200199127197,4.570000171661377,4.190000057220459,4.550000190734863,4.550000190734863,27234251
"PROG","Progenity, Inc. - Common Stock","2021-11-16 12:30:00-05:00",4.554999828338623,4.739999771118164,4.340000152587891,4.719900131225586,4.719900131225586,25773037
"PROG","Progenity, Inc. - Common Stock","2021-11-16 13:30:00-05:00",4.719799995422363,4.840000152587891,4.510000228881836,4.818399906158447,4.818399906158447,28116583
"PROG","Progenity, Inc. - Common Stock","2021-11-16 14:30:00-05:00",4.81220006942749,4.960000038146973,4.659999847412109,4.804999828338623,4.804999828338623,34988460
"PROG","Progenity, Inc. - Common Stock","2021-11-16 15:30:00-05:00",4.809999942779541,5.130000114440918,4.71999979019165,4.835000038146973,4.835000038146973,33749147
"PROG","Progenity, Inc. - Common Stock","2021-11-16 16:00:00-05:00",4.84,5.12,4.75,5.05,5.05,0
"PROG","Progenity, Inc. - Common Stock","2021-11-16 17:00:00-05:00",5.05,5.43,5.03,5.24,5.24,0
"PROG","Progenity, Inc. - Common Stock","2021-11-16 18:00:00-05:00",5.24,5.29,5.08,5.19,5.19,0
"PROG","Progenity, Inc. - Common Stock","2021-11-17 04:00:00-05:00",5.05,5.79,5.05,5.65,5.65,0
"PROG","Progenity, Inc. - Common Stock","2021-11-17 05:00:00-05:00",5.64,6.39,5.6,5.89,5.89,0
"PROG","Progenity, Inc. - Common Stock","2021-11-17 06:00:00-05:00",5.87,6.02,5.52,5.66,5.66,0
"PROG","Progenity, Inc. - Common Stock","2021-11-17 07:00:00-05:00",5.66,5.79,5.49,5.57,5.57,0
"PROG","Progenity, Inc. - Common Stock","2021-11-17 08:00:00-05:00",5.57,6.01,5.5,5.79,5.79,0
"PROG","Progenity, Inc. - Common Stock","2021-11-17 09:00:00-05:00",5.79,5.95,5.68,5.81,5.81,0
"PROG","Progenity, Inc. - Common Stock","2021-11-17 09:30:00-05:00",5.809999942779541,6.199999809265137,4.75,4.889999866485596,4.889999866485596,115177186
"PROG","Progenity, Inc. - Common Stock","2021-11-17 10:30:00-05:00",4.890999794006348,5.329999923706055,4.849999904632568,5.15500020980835,5.15500020980835,31624172
"PROG","Progenity, Inc. - Common Stock","2021-11-17 11:30:00-05:00",5.15500020980835,5.349999904632568,5.09499979019165,5.151000022888184,5.151000022888184,18880092
"PROG","Progenity, Inc. - Common Stock","2021-11-17 12:30:00-05:00",5.150000095367432,5.190000057220459,4.96999979019165,5.07889986038208,5.07889986038208,9406986
"PROG","Progenity, Inc. - Common Stock","2021-11-17 13:30:00-05:00",5.079999923706055,5.28000020980835,5.010000228881836,5.074999809265137,5.074999809265137,10373859
"PROG","Progenity, Inc. - Common Stock","2021-11-17 14:30:00-05:00",5.074999809265137,5.110000133514404,4.570000171661377,4.80019998550415,4.80019998550415,21881450
"PROG","Progenity, Inc. - Common Stock","2021-11-17 15:30:00-05:00",4.800000190734863,4.929999828338623,4.769999980926514,4.869999885559082,4.869999885559082,5980597
"PROG","Progenity, Inc. - Common Stock","2021-11-17 16:00:00-05:00",4.87,4.88,4.3,4.47,4.47,0
"PROG","Progenity, Inc. - Common Stock","2021-11-17 17:00:00-05:00",4.47,4.71,4.41,4.5,4.5,0
"PROG","Progenity, Inc. - Common Stock","2021-11-17 18:00:00-05:00",4.5,4.59,4.46,4.52,4.52,0
"PROG","Progenity, Inc. - Common Stock","2021-11-18 04:00:00-05:00",4.5,4.74,4.46,4.54,4.54,0
"PROG","Progenity, Inc. - Common Stock","2021-11-18 05:00:00-05:00",4.54,4.61,4.52,4.54,4.54,0
"PROG","Progenity, Inc. - Common Stock","2021-11-18 06:00:00-05:00",4.54,4.58,4.5,4.52,4.52,0
"PROG","Progenity, Inc. - Common Stock","2021-11-18 07:00:00-05:00",4.52,4.81,4.45,4.74,4.74,0
"PROG","Progenity, Inc. - Common Stock","2021-11-18 08:00:00-05:00",4.74,4.9,4.46,4.75,4.75,0
"PROG","Progenity, Inc. - Common Stock","2021-11-18 09:00:00-05:00",4.75,4.88,4.6,4.62,4.62,0
"PROG","Progenity, Inc. - Common Stock","2021-11-18 09:30:00-05:00",4.610000133514404,4.619999885559082,3.940000057220459,4.269999980926514,4.269999980926514,35188850
"PROG","Progenity, Inc. - Common Stock","2021-11-18 10:30:00-05:00",4.275000095367432,4.559999942779541,4.199999809265137,4.302499771118164,4.302499771118164,15806179
"PROG","Progenity, Inc. - Common Stock","2021-11-18 11:30:00-05:00",4.309999942779541,4.510000228881836,4.260000228881836,4.505000114440918,4.505000114440918,5564586
"PROG","Progenity, Inc. - Common Stock","2021-11-18 12:30:00-05:00",4.50600004196167,4.650000095367432,4.389999866485596,4.429999828338623,4.429999828338623,8470895
"PROG","Progenity, Inc. - Common Stock","2021-11-18 13:30:00-05:00",4.434999942779541,4.440000057220459,4.21999979019165,4.326099872589111,4.326099872589111,5811487
"PROG","Progenity, Inc. - Common Stock","2021-11-18 14:30:00-05:00",4.321800231933594,4.428400039672852,4.239999771118164,4.380000114440918,4.380000114440918,4204122
"PROG","Progenity, Inc. - Common Stock","2021-11-18 15:30:00-05:00",4.380000114440918,4.400000095367432,4.28000020980835,4.28000020980835,4.28000020980835,2596766
"PROG","Progenity, Inc. - Common Stock","2021-11-18 16:00:00-05:00",4.28,4.35,4.25,4.28,4.28,0
"PROG","Progenity, Inc. - Common Stock","2021-11-18 17:00:00-05:00",4.28,4.28,4.12,4.24,4.24,0
"PROG","Progenity, Inc. - Common Stock","2021-11-18 18:00:00-05:00",4.24,4.24,4.17,4.22,4.22,0
"PROG","Progenity, Inc. - Common Stock","2021-11-19 04:00:00-05:00",4.25,4.5,4.24,4.38,4.38,0
"PROG","Progenity, Inc. - Common Stock","2021-11-19 05:00:00-05:00",4.38,4.49,4.35,4.39,4.39,0
"PROG","Progenity, Inc. - Common Stock","2021-11-19 06:00:00-05:00",4.4,4.45,4.33,4.4,4.4,0
"PROG","Progenity, Inc. - Common Stock","2021-11-19 07:00:00-05:00",4.4,4.44,4.17,4.23,4.23,0
"PROG","Progenity, Inc. - Common Stock","2021-11-19 08:00:00-05:00",4.24,4.4,4.02,4.07,4.07,0
"PROG","Progenity, Inc. - Common Stock","2021-11-19 09:00:00-05:00",4.07,4.09,3.95,4.03,4.03,0
"PROG","Progenity, Inc. - Common Stock","2021-11-19 09:30:00-05:00",4.039999961853027,4.53000020980835,3.9700000286102295,4.420100212097168,4.420100212097168,19901123
"PROG","Progenity, Inc. - Common Stock","2021-11-19 10:30:00-05:00",4.429999828338623,4.670000076293945,4.389999866485596,4.53000020980835,4.53000020980835,14755143
"PROG","Progenity, Inc. - Common Stock","2021-11-19 11:30:00-05:00",4.538899898529053,4.789999961853027,4.46999979019165,4.711900234222412,4.711900234222412,10998912
"PROG","Progenity, Inc. - Common Stock","2021-11-19 12:30:00-05:00",4.71999979019165,5.139999866485596,4.710000038146973,4.917600154876709,4.917600154876709,26264630
"PROG","Progenity, Inc. - Common Stock","2021-11-19 13:30:00-05:00",4.909999847412109,5.150000095367432,4.880000114440918,5.03000020980835,5.03000020980835,19272911
"PROG","Progenity, Inc. - Common Stock","2021-11-19 14:30:00-05:00",5.03000020980835,5.039999961853027,4.639999866485596,4.859499931335449,4.859499931335449,19090990
"PROG","Progenity, Inc. - Common Stock","2021-11-19 15:30:00-05:00",4.859799861907959,4.978300094604492,4.699999809265137,4.869999885559082,4.869999885559082,10054758
"PROG","Progenity, Inc. - Common Stock","2021-11-19 16:00:00-05:00",4.89,4.97,4.75,4.84,4.84,0
"PROG","Progenity, Inc. - Common Stock","2021-11-19 17:00:00-05:00",4.84,4.93,4.75,4.76,4.76,0
"PROG","Progenity, Inc. - Common Stock","2021-11-19 18:00:00-05:00",4.75,4.8,4.72,4.78,4.78,0
"PROG","Progenity, Inc. - Common Stock","2021-11-22 04:00:00-05:00",4.86,5.2,4.8,5.15,5.15,0
"PROG","Progenity, Inc. - Common Stock","2021-11-22 05:00:00-05:00",5.15,5.18,4.98,5.07,5.07,0
"PROG","Progenity, Inc. - Common Stock","2021-11-22 06:00:00-05:00",5.07,5.14,5.04,5.11,5.11,0
"PROG","Progenity, Inc. - Common Stock","2021-11-22 07:00:00-05:00",5.11,5.13,5.0,5.05,5.05,0
"PROG","Progenity, Inc. - Common Stock","2021-11-22 08:00:00-05:00",5.05,5.1,4.8,4.87,4.87,0
"PROG","Progenity, Inc. - Common Stock","2021-11-22 09:00:00-05:00",4.87,4.96,4.74,4.86,4.86,0
"PROG","Progenity, Inc. - Common Stock","2021-11-22 09:30:00-05:00",4.869999885559082,5.21999979019165,4.659999847412109,4.699999809265137,4.699999809265137,31015454
"PROG","Progenity, Inc. - Common Stock","2021-11-22 10:30:00-05:00",4.698699951171875,4.800000190734863,4.510000228881836,4.598499774932861,4.598499774932861,15552099
"PROG","Progenity, Inc. - Common Stock","2021-11-22 11:30:00-05:00",4.59499979019165,4.639999866485596,4.420000076293945,4.579999923706055,4.579999923706055,8619972
"PROG","Progenity, Inc. - Common Stock","2021-11-22 12:30:00-05:00",4.57859992980957,4.631700038909912,4.449999809265137,4.460000038146973,4.460000038146973,5141615
"PROG","Progenity, Inc. - Common Stock","2021-11-22 13:30:00-05:00",4.454999923706055,4.529900074005127,4.400000095367432,4.430300235748291,4.430300235748291,4432643
"PROG","Progenity, Inc. - Common Stock","2021-11-22 14:30:00-05:00",4.438499927520752,4.679999828338623,4.400000095367432,4.567599773406982,4.567599773406982,6231827
"PROG","Progenity, Inc. - Common Stock","2021-11-22 15:30:00-05:00",4.565000057220459,4.570000171661377,4.369999885559082,4.440000057220459,4.440000057220459,4764292
"PROG","Progenity, Inc. - Common Stock","2021-11-22 16:00:00-05:00",4.45,4.49,3.45,3.9,3.9,0
"PROG","Progenity, Inc. - Common Stock","2021-11-22 17:00:00-05:00",3.9,4.42,3.89,4.17,4.17,0
"PROG","Progenity, Inc. - Common Stock","2021-11-22 18:00:00-05:00",4.18,4.19,4.01,4.14,4.14,0
"PROG","Progenity, Inc. - Common Stock","2021-11-23 04:00:00-05:00",4.12,4.14,4.0,4.06,4.06,0
"PROG","Progenity, Inc. - Common Stock","2021-11-23 05:00:00-05:00",4.06,4.1,4.02,4.03,4.03,0
"PROG","Progenity, Inc. - Common Stock","2021-11-23 06:00:00-05:00",4.03,4.07,4.03,4.06,4.06,0
"PROG","Progenity, Inc. - Common Stock","2021-11-23 07:00:00-05:00",4.06,4.37,4.03,4.3,4.3,0
"PROG","Progenity, Inc. - Common Stock","2021-11-23 08:00:00-05:00",4.31,4.43,4.16,4.36,4.36,0
"PROG","Progenity, Inc. - Common Stock","2021-11-23 09:00:00-05:00",4.36,4.38,4.12,4.2,4.2,0
"PROG","Progenity, Inc. - Common Stock","2021-11-23 09:30:00-05:00",4.199999809265137,4.730000019073486,4.119999885559082,4.300000190734863,4.300000190734863,15211654
"PROG","Progenity, Inc. - Common Stock","2021-11-23 10:30:00-05:00",4.295000076293945,4.329999923706055,3.930000066757202,4.090000152587891,4.090000152587891,15047592
"PROG","Progenity, Inc. - Common Stock","2021-11-23 11:30:00-05:00",4.090099811553955,4.179999828338623,4.0,4.070000171661377,4.070000171661377,4798247
"PROG","Progenity, Inc. - Common Stock","2021-11-23 12:30:00-05:00",4.062399864196777,4.070000171661377,3.7799999713897705,3.890000104904175,3.890000104904175,8052226
"PROG","Progenity, Inc. - Common Stock","2021-11-23 13:30:00-05:00",3.890000104904175,3.910000085830689,3.684999942779541,3.819999933242798,3.819999933242798,6424004
"PROG","Progenity, Inc. - Common Stock","2021-11-23 14:30:00-05:00",3.819999933242798,4.019999980926514,3.7699999809265137,3.890000104904175,3.890000104904175,4599315
"PROG","Progenity, Inc. - Common Stock","2021-11-23 15:30:00-05:00",3.884999990463257,4.050000190734863,3.880000114440918,3.9911000728607178,3.9911000728607178,2811693
"PROG","Progenity, Inc. - Common Stock","2021-11-23 16:00:00-05:00",3.995,4.05,3.93,4.02,4.02,0
"PROG","Progenity, Inc. - Common Stock","2021-11-23 17:00:00-05:00",4.02,4.03,3.98,4.03,4.03,0
"PROG","Progenity, Inc. - Common Stock","2021-11-23 18:00:00-05:00",4.03,4.09,4.01,4.05,4.05,0
"PROG","Progenity, Inc. - Common Stock","2021-11-24 04:00:00-05:00",4.0,4.15,3.85,3.92,3.92,0
"PROG","Progenity, Inc. - Common Stock","2021-11-24 05:00:00-05:00",3.92,4.03,3.9,3.97,3.97,0
"PROG","Progenity, Inc. - Common Stock","2021-11-24 06:00:00-05:00",3.95,3.97,3.86,3.9,3.9,0
"PROG","Progenity, Inc. - Common Stock","2021-11-24 07:00:00-05:00",3.89,3.99,3.78,3.8,3.8,0
"PROG","Progenity, Inc. - Common Stock","2021-11-24 08:00:00-05:00",3.79,4.0,3.71,3.73,3.73,0
"PROG","Progenity, Inc. - Common Stock","2021-11-24 09:00:00-05:00",3.73,3.79,3.69,3.76,3.76,0
"PROG","Progenity, Inc. - Common Stock","2021-11-24 09:30:00-05:00",3.75,3.880000114440918,3.5999999046325684,3.799999952316284,3.799999952316284,11256187
"PROG","Progenity, Inc. - Common Stock","2021-11-24 10:30:00-05:00",3.7983999252319336,3.859999895095825,3.670000076293945,3.809499979019165,3.809499979019165,4767007
"PROG","Progenity, Inc. - Common Stock","2021-11-24 11:30:00-05:00",3.809999942779541,3.869999885559082,3.7799999713897705,3.7890000343322754,3.7890000343322754,2753634
"PROG","Progenity, Inc. - Common Stock","2021-11-24 12:30:00-05:00",3.7887001037597656,3.849999904632568,3.759999990463257,3.775000095367432,3.775000095367432,1488120
"PROG","Progenity, Inc. - Common Stock","2021-11-24 13:30:00-05:00",3.7699999809265137,3.809999942779541,3.700000047683716,3.722399950027466,3.722399950027466,2087801
"PROG","Progenity, Inc. - Common Stock","2021-11-24 14:30:00-05:00",3.720099925994873,3.7799999713897705,3.7200000286102295,3.734999895095825,3.734999895095825,1738893
"PROG","Progenity, Inc. - Common Stock","2021-11-24 15:30:00-05:00",3.734999895095825,3.819999933242798,3.7300000190734863,3.750499963760376,3.750499963760376,2564919
"PROG","Progenity, Inc. - Common Stock","2021-11-24 16:00:00-05:00",3.75,3.78,3.72,3.78,3.78,0
"PROG","Progenity, Inc. - Common Stock","2021-11-24 17:00:00-05:00",3.77,3.8,3.74,3.75,3.75,0
"PROG","Progenity, Inc. - Common Stock","2021-11-24 18:00:00-05:00",3.75,3.79,3.73,3.75,3.75,0
"PROG","Progenity, Inc. - Common Stock","2021-11-26 04:00:00-05:00",3.73,3.73,3.32,3.33,3.33,0
"PROG","Progenity, Inc. - Common Stock","2021-11-26 05:00:00-05:00",3.33,3.55,3.32,3.44,3.44,0
"PROG","Progenity, Inc. - Common Stock","2021-11-26 06:00:00-05:00",3.45,3.55,3.44,3.5,3.5,0
"PROG","Progenity, Inc. - Common Stock","2021-11-26 07:00:00-05:00",3.53,3.59,3.46,3.54,3.54,0
"PROG","Progenity, Inc. - Common Stock","2021-11-26 08:00:00-05:00",3.54,3.69,3.5,3.53,3.53,0
"PROG","Progenity, Inc. - Common Stock","2021-11-26 09:00:00-05:00",3.53,3.55,3.44,3.54,3.54,0
"PROG","Progenity, Inc. - Common Stock","2021-11-26 09:30:00-05:00",3.5768001079559326,3.759999990463257,3.434200048446656,3.750099897384644,3.750099897384644,9965721
"PROG","Progenity, Inc. - Common Stock","2021-11-26 10:30:00-05:00",3.75,3.7799999713897705,3.539999961853028,3.5799999237060547,3.5799999237060547,5686527
"PROG","Progenity, Inc. - Common Stock","2021-11-26 11:30:00-05:00",3.5850000381469727,3.7300000190734863,3.5799999237060547,3.670000076293945,3.670000076293945,3320667
"PROG","Progenity, Inc. - Common Stock","2021-11-26 13:00:00-05:00",3.660000085830689,3.690000057220459,3.5999999046325684,3.660000085830689,3.660000085830689,0
"PROG","Progenity, Inc. - Common Stock","2021-11-26 14:00:00-05:00",3.66,3.67,3.64,3.64,3.64,0
"PROG","Progenity, Inc. - Common Stock","2021-11-26 15:00:00-05:00",3.64,3.65,3.52,3.57,3.57,0
"PROG","Progenity, Inc. - Common Stock","2021-11-26 16:00:00-05:00",3.57,3.6,3.52,3.56,3.56,0
"PROG","Progenity, Inc. - Common Stock","2021-11-29 04:00:00-05:00",3.5,3.69,3.46,3.65,3.65,0
"PROG","Progenity, Inc. - Common Stock","2021-11-29 05:00:00-05:00",3.67,3.8,3.62,3.77,3.77,0
"PROG","Progenity, Inc. - Common Stock","2021-11-29 06:00:00-05:00",3.78,3.79,3.68,3.7,3.7,0
"PROG","Progenity, Inc. - Common Stock","2021-11-29 07:00:00-05:00",3.7,3.71,3.62,3.64,3.64,0
"PROG","Progenity, Inc. - Common Stock","2021-11-29 08:00:00-05:00",3.64,3.7,3.62,3.63,3.63,0
"PROG","Progenity, Inc. - Common Stock","2021-11-29 09:00:00-05:00",3.64,3.67,3.59,3.62,3.62,0
"PROG","Progenity, Inc. - Common Stock","2021-11-29 09:30:00-05:00",3.630000114440918,3.670000076293945,3.299999952316284,3.318099975585937,3.318099975585937,12965569
"PROG","Progenity, Inc. - Common Stock","2021-11-29 10:30:00-05:00",3.319999933242798,3.400000095367432,3.299999952316284,3.361000061035156,3.361000061035156,3124528
"PROG","Progenity, Inc. - Common Stock","2021-11-29 11:30:00-05:00",3.368499994277954,3.369999885559082,3.2100000381469727,3.351900100708008,3.351900100708008,5405574
"PROG","Progenity, Inc. - Common Stock","2021-11-29 12:30:00-05:00",3.358799934387207,3.390000104904175,3.259999990463257,3.279900074005127,3.279900074005127,2161314
"PROG","Progenity, Inc. - Common Stock","2021-11-29 13:30:00-05:00",3.2799999713897705,3.289999961853028,3.0899999141693115,3.1675000190734863,3.1675000190734863,6328037
"PROG","Progenity, Inc. - Common Stock","2021-11-29 14:30:00-05:00",3.1700000762939453,3.189199924468994,3.049999952316284,3.119999885559082,3.119999885559082,5839837
"PROG","Progenity, Inc. - Common Stock","2021-11-29 15:30:00-05:00",3.1282999515533447,3.140000104904175,3.0799999237060547,3.1106998920440674,3.1106998920440674,2543633
"PROG","Progenity, Inc. - Common Stock","2021-11-29 16:00:00-05:00",3.12,3.14,3.08,3.1,3.1,0
"PROG","Progenity, Inc. - Common Stock","2021-11-29 17:00:00-05:00",3.1,3.13,3.06,3.1,3.1,0
"PROG","Progenity, Inc. - Common Stock","2021-11-30 18:00:00-05:00",3.13,3.17,3.1,3.13,3.13,0
"PROG","Progenity, Inc. - Common Stock","2021-12-01 04:00:00-05:00",3.14,3.22,3.13,3.15,3.15,0
"PROG","Progenity, Inc. - Common Stock","2021-12-01 05:00:00-05:00",3.16,3.27,3.16,3.26,3.26,0
"PROG","Progenity, Inc. - Common Stock","2021-12-01 06:00:00-05:00",3.25,3.37,3.22,3.23,3.23,0
"PROG","Progenity, Inc. - Common Stock","2021-12-01 07:00:00-05:00",3.23,3.31,3.17,3.21,3.21,0
"PROG","Progenity, Inc. - Common Stock","2021-12-01 08:00:00-05:00",3.21,3.29,3.15,3.22,3.22,0
"PROG","Progenity, Inc. - Common Stock","2021-12-01 09:00:00-05:00",3.21,3.26,3.19,3.19,3.19,0
"PROG","Progenity, Inc. - Common Stock","2021-12-01 09:30:00-05:00",3.2100000381469727,3.2300000190734863,2.994999885559082,3.0499000549316406,3.0499000549316406,9234323
"PROG","Progenity, Inc. - Common Stock","2021-12-01 10:30:00-05:00",3.0485999584198,3.0999999046325684,3.0,3.039999961853028,3.039999961853028,2740121
"PROG","Progenity, Inc. - Common Stock","2021-12-01 11:30:00-05:00",3.048500061035156,3.049999952316284,2.9100000858306885,2.9298999309539795,2.9298999309539795,5478633
"PROG","Progenity, Inc. - Common Stock","2021-12-01 12:30:00-05:00",2.924999952316284,2.970000028610229,2.7300000190734863,2.908400058746338,2.908400058746338,9928229
"PROG","Progenity, Inc. - Common Stock","2021-12-01 13:30:00-05:00",2.908400058746338,2.930000066757202,2.75,2.830699920654297,2.830699920654297,4128985
"PROG","Progenity, Inc. - Common Stock","2021-12-01 14:30:00-05:00",2.8301000595092773,2.869999885559082,2.700000047683716,2.7116000652313232,2.7116000652313232,3732519
"PROG","Progenity, Inc. - Common Stock","2021-12-01 15:30:00-05:00",2.7126998901367188,2.7699999809265137,2.700000047683716,2.720099925994873,2.720099925994873,2874254
"PROG","Progenity, Inc. - Common Stock","2021-12-01 16:00:00-05:00",2.73,2.75,2.68,2.72,2.72,0
"PROG","Progenity, Inc. - Common Stock","2021-12-01 17:00:00-05:00",2.72,2.72,2.52,2.64,2.64,0
"PROG","Progenity, Inc. - Common Stock","2021-12-01 18:00:00-05:00",2.64,2.75,2.59,2.68,2.68,0
"PROG","Progenity, Inc. - Common Stock","2021-12-02 04:00:00-05:00",2.7,2.76,2.6,2.69,2.69,0
"PROG","Progenity, Inc. - Common Stock","2021-12-02 05:00:00-05:00",2.69,2.7,2.65,2.68,2.68,0
"PROG","Progenity, Inc. - Common Stock","2021-12-02 06:00:00-05:00",2.69,2.72,2.66,2.67,2.67,0
"PROG","Progenity, Inc. - Common Stock","2021-12-02 07:00:00-05:00",2.7,2.83,2.67,2.79,2.79,0
"PROG","Progenity, Inc. - Common Stock","2021-12-02 08:00:00-05:00",2.79,2.86,2.75,2.84,2.84,0
"PROG","Progenity, Inc. - Common Stock","2021-12-02 09:00:00-05:00",2.83,2.84,2.7,2.7,2.7,0
"PROG","Progenity, Inc. - Common Stock","2021-12-02 09:30:00-05:00",2.650000095367432,2.9800000190734863,2.5899999141693115,2.744999885559082,2.744999885559082,13084147
"PROG","Progenity, Inc. - Common Stock","2021-12-02 10:30:00-05:00",2.7499001026153564,2.759999990463257,2.5799999237060547,2.734999895095825,2.734999895095825,5654433
"PROG","Progenity, Inc. - Common Stock","2021-12-02 11:30:00-05:00",2.738100051879883,2.819999933242798,2.680000066757202,2.797499895095825,2.797499895095825,3007209
"PROG","Progenity, Inc. - Common Stock","2021-12-02 12:30:00-05:00",2.7999000549316406,2.799999952316284,2.6201000213623047,2.638700008392334,2.638700008392334,2105233
"PROG","Progenity, Inc. - Common Stock","2021-12-02 13:30:00-05:00",2.640000104904175,2.720000028610229,2.609999895095825,2.710099935531616,2.710099935531616,2579371
"PROG","Progenity, Inc. - Common Stock","2021-12-02 14:30:00-05:00",2.7100000381469727,2.819999933242798,2.690000057220459,2.775000095367432,2.775000095367432,4233397
"PROG","Progenity, Inc. - Common Stock","2021-12-02 15:30:00-05:00",2.775000095367432,2.789999961853028,2.680000066757202,2.7100000381469727,2.7100000381469727,2146681
"PROG","Progenity, Inc. - Common Stock","2021-12-02 16:00:00-05:00",2.72,2.73,2.69,2.72,2.72,0
"PROG","Progenity, Inc. - Common Stock","2021-12-02 17:00:00-05:00",2.72,2.72,2.71,2.72,2.72,0
"PROG","Progenity, Inc. - Common Stock","2021-12-02 18:00:00-05:00",2.72,2.74,2.7,2.74,2.74,0
"PROG","Progenity, Inc. - Common Stock","2021-12-03 04:00:00-05:00",2.5,2.79,2.5,2.71,2.71,0
"PROG","Progenity, Inc. - Common Stock","2021-12-03 05:00:00-05:00",2.71,2.74,2.71,2.74,2.74,0
"PROG","Progenity, Inc. - Common Stock","2021-12-03 06:00:00-05:00",2.72,2.73,2.68,2.71,2.71,0
"PROG","Progenity, Inc. - Common Stock","2021-12-03 07:00:00-05:00",2.71,2.73,2.65,2.7,2.7,0
"PROG","Progenity, Inc. - Common Stock","2021-12-03 08:00:00-05:00",2.71,2.72,2.67,2.69,2.69,0
"PROG","Progenity, Inc. - Common Stock","2021-12-03 09:00:00-05:00",2.68,2.71,2.67,2.69,2.69,0
"PROG","Progenity, Inc. - Common Stock","2021-12-03 09:30:00-05:00",2.680000066757202,2.7100000381469727,2.4600000381469727,2.5199999809265137,2.5199999809265137,9033660
"PROG","Progenity, Inc. - Common Stock","2021-12-03 10:30:00-05:00",2.51990008354187,2.51990008354187,2.3499999046325684,2.400000095367432,2.400000095367432,8418308
"PROG","Progenity, Inc. - Common Stock","2021-12-03 11:30:00-05:00",2.398200035095215,2.398200035095215,2.2699999809265137,2.357599973678589,2.357599973678589,7203330
"PROG","Progenity, Inc. - Common Stock","2021-12-03 12:30:00-05:00",2.3550000190734863,2.4600000381469727,2.310100078582764,2.4049999713897705,2.4049999713897705,5589479
"PROG","Progenity, Inc. - Common Stock","2021-12-03 13:30:00-05:00",2.4049999713897705,2.4100000858306885,2.3399999141693115,2.369999885559082,2.369999885559082,3691816
"PROG","Progenity, Inc. - Common Stock","2021-12-03 14:30:00-05:00",2.360100030899048,2.390000104904175,2.2799999713897705,2.3550000190734863,2.3550000190734863,3789832
"PROG","Progenity, Inc. - Common Stock","2021-12-03 15:30:00-05:00",2.3598999977111816,2.380000114440918,2.309999942779541,2.359999895095825,2.359999895095825,2021119
"PROG","Progenity, Inc. - Common Stock","2021-12-03 16:00:00-05:00",2.36,2.43,2.36,2.38,2.38,0
"PROG","Progenity, Inc. - Common Stock","2021-12-03 17:00:00-05:00",2.37,2.39,2.36,2.38,2.38,0
"PROG","Progenity, Inc. - Common Stock","2021-12-03 18:00:00-05:00",2.38,2.41,2.36,2.38,2.38,0
"PROG","Progenity, Inc. - Common Stock","2021-12-06 04:00:00-05:00",2.3,2.42,2.25,2.38,2.38,0
"PROG","Progenity, Inc. - Common Stock","2021-12-06 05:00:00-05:00",2.38,2.44,2.3,2.35,2.35,0
"PROG","Progenity, Inc. - Common Stock","2021-12-06 06:00:00-05:00",2.35,2.4,2.3,2.33,2.33,0
"PROG","Progenity, Inc. - Common Stock","2021-12-06 07:00:00-05:00",2.32,2.34,2.14,2.23,2.23,0
"PROG","Progenity, Inc. - Common Stock","2021-12-06 08:00:00-05:00",2.24,2.33,2.13,2.22,2.22,0
"PROG","Progenity, Inc. - Common Stock","2021-12-06 09:00:00-05:00",2.22,2.25,2.16,2.25,2.25,0
"PROG","Progenity, Inc. - Common Stock","2021-12-06 09:30:00-05:00",2.240000009536743,2.450000047683716,2.132200002670288,2.400000095367432,2.400000095367432,10778948
"PROG","Progenity, Inc. - Common Stock","2021-12-06 10:30:00-05:00",2.400000095367432,2.430000066757202,2.3410000801086426,2.4100000858306885,2.4100000858306885,2754532
"PROG","Progenity, Inc. - Common Stock","2021-12-06 11:30:00-05:00",2.408600091934204,2.690000057220459,2.408600091934204,2.619999885559082,2.619999885559082,7770990
"PROG","Progenity, Inc. - Common Stock","2021-12-06 12:30:00-05:00",2.618499994277954,2.8399999141693115,2.610100030899048,2.7399001121521,2.7399001121521,9585089
"PROG","Progenity, Inc. - Common Stock","2021-12-06 13:30:00-05:00",2.740000009536743,2.789999961853028,2.680000066757202,2.755000114440918,2.755000114440918,3373645
"PROG","Progenity, Inc. - Common Stock","2021-12-06 14:30:00-05:00",2.75,2.87940001487732,2.740000009536743,2.775000095367432,2.775000095367432,6172908
"PROG","Progenity, Inc. - Common Stock","2021-12-06 15:30:00-05:00",2.775000095367432,2.8499999046325684,2.7699999809265137,2.8157999515533447,2.8157999515533447,2504084
"PROG","Progenity, Inc. - Common Stock","2021-12-06 16:00:00-05:00",2.8,2.82,2.73,2.78,2.78,0
"PROG","Progenity, Inc. - Common Stock","2021-12-06 17:00:00-05:00",2.77,2.89,2.77,2.89,2.89,0
"PROG","Progenity, Inc. - Common Stock","2021-12-06 18:00:00-05:00",2.89,2.9,2.8,2.8,2.8,0
"PROG","Progenity, Inc. - Common Stock","2021-12-07 04:00:00-05:00",2.88,3.17,2.86,3.09,3.09,0
"PROG","Progenity, Inc. - Common Stock","2021-12-07 05:00:00-05:00",3.09,3.15,2.95,2.98,2.98,0
"PROG","Progenity, Inc. - Common Stock","2021-12-07 06:00:00-05:00",2.98,3.05,2.95,2.97,2.97,0
"PROG","Progenity, Inc. - Common Stock","2021-12-07 07:00:00-05:00",2.96,2.99,2.91,2.92,2.92,0
"PROG","Progenity, Inc. - Common Stock","2021-12-07 08:00:00-05:00",2.93,2.99,2.9,2.95,2.95,0
"PROG","Progenity, Inc. - Common Stock","2021-12-07 09:00:00-05:00",2.94,3.02,2.93,3.0,3.0,0
"PROG","Progenity, Inc. - Common Stock","2021-12-07 09:30:00-05:00",2.990000009536743,3.049999952316284,2.690000057220459,2.759999990463257,2.759999990463257,17490717
"PROG","Progenity, Inc. - Common Stock","2021-12-07 10:30:00-05:00",2.755000114440918,2.789999961853028,2.640000104904175,2.660099983215332,2.660099983215332,5541365
"PROG","Progenity, Inc. - Common Stock","2021-12-07 11:30:00-05:00",2.659899950027466,2.740000009536743,2.650000095367432,2.720000028610229,2.720000028610229,3494869
"PROG","Progenity, Inc. - Common Stock","2021-12-07 12:30:00-05:00",2.711800098419189,2.740000009536743,2.6700000762939453,2.697999954223633,2.697999954223633,1525458
"PROG","Progenity, Inc. - Common Stock","2021-12-07 13:30:00-05:00",2.6912999153137207,2.7799999713897705,2.690000057220459,2.7723000049591064,2.7723000049591064,2987889
"PROG","Progenity, Inc. - Common Stock","2021-12-07 14:30:00-05:00",2.779400110244751,2.849299907684326,2.700000047683716,2.7016000747680664,2.7016000747680664,4449874
"PROG","Progenity, Inc. - Common Stock","2021-12-07 15:30:00-05:00",2.700000047683716,2.75,2.700000047683716,2.720000028610229,2.720000028610229,1767586
"PROG","Progenity, Inc. - Common Stock","2021-12-07 16:00:00-05:00",2.73,2.73,2.7,2.71,2.71,0
"PROG","Progenity, Inc. - Common Stock","2021-12-07 17:00:00-05:00",2.71,2.72,2.68,2.7,2.7,0
"PROG","Progenity, Inc. - Common Stock","2021-12-07 18:00:00-05:00",2.695,2.72,2.69,2.71,2.71,0
"PROG","Progenity, Inc. - Common Stock","2021-12-08 04:00:00-05:00",2.69,2.78,2.69,2.72,2.72,0
"PROG","Progenity, Inc. - Common Stock","2021-12-08 05:00:00-05:00",2.73,2.76,2.7,2.73,2.73,0
"PROG","Progenity, Inc. - Common Stock","2021-12-08 06:00:00-05:00",2.73,2.74,2.7,2.71,2.71,0
"PROG","Progenity, Inc. - Common Stock","2021-12-08 07:00:00-05:00",2.72,2.73,2.68,2.7,2.7,0
"PROG","Progenity, Inc. - Common Stock","2021-12-08 08:00:00-05:00",2.7,2.73,2.66,2.69,2.69,0
"PROG","Progenity, Inc. - Common Stock","2021-12-08 09:00:00-05:00",2.68,2.7,2.63,2.65,2.65,0
"PROG","Progenity, Inc. - Common Stock","2021-12-08 09:30:00-05:00",2.657700061798096,2.7699999809265137,2.549999952316284,2.755000114440918,2.755000114440918,6005604
"PROG","Progenity, Inc. - Common Stock","2021-12-08 10:30:00-05:00",2.753200054168701,2.7799999713897705,2.700000047683716,2.711199998855591,2.711199998855591,2938967
"PROG","Progenity, Inc. - Common Stock","2021-12-08 11:30:00-05:00",2.7149999141693115,2.8299999237060547,2.7100000381469727,2.773200035095215,2.773200035095215,2987827
"PROG","Progenity, Inc. - Common Stock","2021-12-08 12:30:00-05:00",2.77239990234375,2.8299999237060547,2.740000009536743,2.811100006103516,2.811100006103516,1878863
"PROG","Progenity, Inc. - Common Stock","2021-12-08 13:30:00-05:00",2.809999942779541,2.819999933242798,2.75,2.7699999809265137,2.7699999809265137,1175508
"PROG","Progenity, Inc. - Common Stock","2021-12-08 14:30:00-05:00",2.7699999809265137,2.8550000190734863,2.7613000869750977,2.805000066757202,2.805000066757202,1991281
"PROG","Progenity, Inc. - Common Stock","2021-12-08 15:30:00-05:00",2.805000066757202,2.8299999237060547,2.765000104904175,2.7799999713897705,2.7799999713897705,1373526
"PROG","Progenity, Inc. - Common Stock","2021-12-08 16:00:00-05:00",2.79,2.8,2.77,2.78,2.78,0
"PROG","Progenity, Inc. - Common Stock","2021-12-08 17:00:00-05:00",2.77,2.78,2.72,2.73,2.73,0
"PROG","Progenity, Inc. - Common Stock","2021-12-08 18:00:00-05:00",2.73,2.74,2.72,2.73,2.73,0
"PROG","Progenity, Inc. - Common Stock","2021-12-09 04:00:00-05:00",2.73,2.76,2.69,2.7,2.7,0
"PROG","Progenity, Inc. - Common Stock","2021-12-09 05:00:00-05:00",2.73,2.78,2.71,2.74,2.74,0
"PROG","Progenity, Inc. - Common Stock","2021-12-09 06:00:00-05:00",2.73,2.77,2.7,2.72,2.72,0
"PROG","Progenity, Inc. - Common Stock","2021-12-09 07:00:00-05:00",2.72,2.76,2.72,2.73,2.73,0
"PROG","Progenity, Inc. - Common Stock","2021-12-09 08:00:00-05:00",2.75,2.77,2.69,2.73,2.73,0
"PROG","Progenity, Inc. - Common Stock","2021-12-09 09:00:00-05:00",2.72,2.76,2.7,2.75,2.75,0
"PROG","Progenity, Inc. - Common Stock","2021-12-09 09:30:00-05:00",2.75,2.809999942779541,2.690000057220459,2.7018001079559326,2.7018001079559326,4108815
"PROG","Progenity, Inc. - Common Stock","2021-12-09 10:30:00-05:00",2.7049999237060547,2.720000028610229,2.619999885559082,2.674999952316284,2.674999952316284,2647101
"PROG","Progenity, Inc. - Common Stock","2021-12-09 11:30:00-05:00",2.6700000762939453,2.680000066757202,2.5899999141693115,2.599900007247925,2.599900007247925,1423702
"PROG","Progenity, Inc. - Common Stock","2021-12-09 12:30:00-05:00",2.5975000858306885,2.640000104904175,2.5299999713897705,2.539900064468384,2.539900064468384,1497652
"PROG","Progenity, Inc. - Common Stock","2021-12-09 13:30:00-05:00",2.539900064468384,2.5776000022888184,2.509999990463257,2.537600040435791,2.537600040435791,1907965
"PROG","Progenity, Inc. - Common Stock","2021-12-09 14:30:00-05:00",2.539999961853028,2.559999942779541,2.5199999809265137,2.5299999713897705,2.5299999713897705,1042212
"PROG","Progenity, Inc. - Common Stock","2021-12-09 15:30:00-05:00",2.539999961853028,2.5789999961853027,2.5299999713897705,2.5350000858306885,2.5350000858306885,1425733
"PROG","Progenity, Inc. - Common Stock","2021-12-09 16:00:00-05:00",2.54,2.57,2.52,2.52,2.52,0
"PROG","Progenity, Inc. - Common Stock","2021-12-09 17:00:00-05:00",2.53,2.55,2.51,2.52,2.52,0
"PROG","Progenity, Inc. - Common Stock","2021-12-09 18:00:00-05:00",2.52,2.53,2.51,2.52,2.52,0
"PROG","Progenity, Inc. - Common Stock","2021-12-10 04:00:00-05:00",2.53,2.75,2.53,2.68,2.68,0
"PROG","Progenity, Inc. - Common Stock","2021-12-10 05:00:00-05:00",2.68,2.68,2.56,2.58,2.58,0
"PROG","Progenity, Inc. - Common Stock","2021-12-10 06:00:00-05:00",2.58,2.64,2.57,2.59,2.59,0
"PROG","Progenity, Inc. - Common Stock","2021-12-10 07:00:00-05:00",2.57,2.61,2.53,2.53,2.53,0
"PROG","Progenity, Inc. - Common Stock","2021-12-10 08:00:00-05:00",2.54,2.57,2.49,2.51,2.51,0
"PROG","Progenity, Inc. - Common Stock","2021-12-10 09:00:00-05:00",2.51,2.59,2.49,2.58,2.58,0
"PROG","Progenity, Inc. - Common Stock","2021-12-10 09:30:00-05:00",2.549999952316284,2.650000095367432,2.5,2.539999961853028,2.539999961853028,3505421
"PROG","Progenity, Inc. - Common Stock","2021-12-10 10:30:00-05:00",2.5499000549316406,2.549999952316284,2.4100000858306885,2.4674999713897705,2.4674999713897705,2951688
"PROG","Progenity, Inc. - Common Stock","2021-12-10 11:30:00-05:00",2.4649999141693115,2.5,2.4200000762939453,2.497600078582764,2.497600078582764,1506808
"PROG","Progenity, Inc. - Common Stock","2021-12-10 12:30:00-05:00",2.494999885559082,2.5199999809265137,2.4600000381469727,2.469500064849853,2.469500064849853,1307254
"PROG","Progenity, Inc. - Common Stock","2021-12-10 13:30:00-05:00",2.4649999141693115,2.490000009536743,2.450000047683716,2.4600000381469727,2.4600000381469727,832819
"PROG","Progenity, Inc. - Common Stock","2021-12-10 14:30:00-05:00",2.4549999237060547,2.490000009536743,2.440000057220459,2.468800067901612,2.468800067901612,988557
"PROG","Progenity, Inc. - Common Stock","2021-12-10 15:30:00-05:00",2.4691998958587646,2.4800000190734863,2.430000066757202,2.468100070953369,2.468100070953369,1249453
"PROG","Progenity, Inc. - Common Stock","2021-12-10 16:00:00-05:00",2.46,2.48,2.46,2.47,2.47,0
"PROG","Progenity, Inc. - Common Stock","2021-12-10 17:00:00-05:00",2.46,2.49,2.46,2.47,2.47,0
"PROG","Progenity, Inc. - Common Stock","2021-12-10 18:00:00-05:00",2.48,2.51,2.48,2.51,2.51,0
"PROG","Progenity, Inc. - Common Stock","2021-12-13 04:00:00-05:00",2.53,2.61,2.46,2.55,2.55,0
"PROG","Progenity, Inc. - Common Stock","2021-12-13 05:00:00-05:00",2.57,2.57,2.53,2.53,2.53,0
"PROG","Progenity, Inc. - Common Stock","2021-12-13 06:00:00-05:00",2.53,2.6,2.52,2.53,2.53,0
"PROG","Progenity, Inc. - Common Stock","2021-12-13 07:00:00-05:00",2.54,2.57,2.54,2.55,2.55,0
"PROG","Progenity, Inc. - Common Stock","2021-12-13 08:00:00-05:00",2.56,2.57,2.52,2.52,2.52,0
"PROG","Progenity, Inc. - Common Stock","2021-12-13 09:00:00-05:00",2.52,2.53,2.47,2.47,2.47,0
"PROG","Progenity, Inc. - Common Stock","2021-12-13 09:30:00-05:00",2.450000047683716,2.630000114440918,2.440000057220459,2.4749999046325684,2.4749999046325684,4360034
"PROG","Progenity, Inc. - Common Stock","2021-12-13 10:30:00-05:00",2.470000028610229,2.525000095367432,2.359999895095825,2.369999885559082,2.369999885559082,3175715
"PROG","Progenity, Inc. - Common Stock","2021-12-13 11:30:00-05:00",2.369999885559082,2.400000095367432,2.319999933242798,2.400000095367432,2.400000095367432,2166758
"PROG","Progenity, Inc. - Common Stock","2021-12-13 12:30:00-05:00",2.3949999809265137,2.450000047683716,2.369999885559082,2.444999933242798,2.444999933242798,954434
"PROG","Progenity, Inc. - Common Stock","2021-12-13 13:30:00-05:00",2.441400051116944,2.509999990463257,2.440000057220459,2.494999885559082,2.494999885559082,1216260
"PROG","Progenity, Inc. - Common Stock","2021-12-13 14:30:00-05:00",2.494999885559082,2.5299999713897705,2.4600000381469727,2.5199999809265137,2.5199999809265137,872557
"PROG","Progenity, Inc. - Common Stock","2021-12-13 15:30:00-05:00",2.515000104904175,2.549999952316284,2.509999990463257,2.539999961853028,2.539999961853028,1061291
"PROG","Progenity, Inc. - Common Stock","2021-12-13 16:00:00-05:00",2.52,2.55,2.4201,2.4699,2.4699,0
"PROG","Progenity, Inc. - Common Stock","2021-12-13 17:00:00-05:00",2.47,2.49,2.45,2.46,2.46,0
"PROG","Progenity, Inc. - Common Stock","2021-12-13 18:00:00-05:00",2.46,2.49,2.45,2.47,2.47,0
"PROG","Progenity, Inc. - Common Stock","2021-12-14 04:00:00-05:00",2.49,2.5,2.45,2.48,2.48,0
"PROG","Progenity, Inc. - Common Stock","2021-12-14 05:00:00-05:00",2.48,2.48,2.43,2.44,2.44,0
"PROG","Progenity, Inc. - Common Stock","2021-12-14 06:00:00-05:00",2.44,2.48,2.42,2.45,2.45,0
"PROG","Progenity, Inc. - Common Stock","2021-12-14 07:00:00-05:00",2.44,2.48,2.43,2.47,2.47,0
"PROG","Progenity, Inc. - Common Stock","2021-12-14 08:00:00-05:00",2.48,2.48,2.41,2.415,2.415,0
"PROG","Progenity, Inc. - Common Stock","2021-12-14 09:00:00-05:00",2.41,2.43,2.39,2.42,2.42,0
"PROG","Progenity, Inc. - Common Stock","2021-12-14 09:30:00-05:00",2.390000104904175,2.694999933242798,2.381999969482422,2.664999961853028,2.664999961853028,6909719
"PROG","Progenity, Inc. - Common Stock","2021-12-14 10:30:00-05:00",2.6600000858306885,2.740000009536743,2.5799999237060547,2.6456000804901123,2.6456000804901123,5848636
"PROG","Progenity, Inc. - Common Stock","2021-12-14 11:30:00-05:00",2.649899959564209,2.6700000762939453,2.5799999237060547,2.5913000106811523,2.5913000106811523,1819630
"PROG","Progenity, Inc. - Common Stock","2021-12-14 12:30:00-05:00",2.5899999141693115,2.6285998821258545,2.5299999713897705,2.5822999477386475,2.5822999477386475,2100252
"PROG","Progenity, Inc. - Common Stock","2021-12-14 13:30:00-05:00",2.5899999141693115,2.5899999141693115,2.4600000381469727,2.5299999713897705,2.5299999713897705,2684842
"PROG","Progenity, Inc. - Common Stock","2021-12-14 14:30:00-05:00",2.5299999713897705,2.549999952316284,2.4800000190734863,2.5450000762939453,2.5450000762939453,1069718
"PROG","Progenity, Inc. - Common Stock","2021-12-14 15:30:00-05:00",2.5499000549316406,2.549999952316284,2.4800000190734863,2.490000009536743,2.490000009536743,996932
"PROG","Progenity, Inc. - Common Stock","2021-12-14 16:00:00-05:00",2.49,2.52,2.49,2.5,2.5,0
"PROG","Progenity, Inc. - Common Stock","2021-12-14 17:00:00-05:00",2.5,2.51,2.49,2.5,2.5,0
"PROG","Progenity, Inc. - Common Stock","2021-12-14 18:00:00-05:00",2.5,2.5,2.48,2.49,2.49,0
"PROG","Progenity, Inc. - Common Stock","2021-12-15 04:00:00-05:00",2.47,2.55,2.45,2.5,2.5,0
"PROG","Progenity, Inc. - Common Stock","2021-12-15 05:00:00-05:00",2.5,2.55,2.48,2.5,2.5,0
"PROG","Progenity, Inc. - Common Stock","2021-12-15 06:00:00-05:00",2.5,2.5,2.49,2.49,2.49,0
"PROG","Progenity, Inc. - Common Stock","2021-12-15 07:00:00-05:00",2.5,2.54,2.48,2.49,2.49,0
"PROG","Progenity, Inc. - Common Stock","2021-12-15 08:00:00-05:00",2.5,2.54,2.48,2.52,2.52,0
"PROG","Progenity, Inc. - Common Stock","2021-12-15 09:00:00-05:00",2.51,2.52,2.5,2.52,2.52,0
"PROG","Progenity, Inc. - Common Stock","2021-12-15 09:30:00-05:00",2.509999990463257,2.5299999713897705,2.3399999141693115,2.369999885559082,2.369999885559082,3533615
"PROG","Progenity, Inc. - Common Stock","2021-12-15 10:30:00-05:00",2.375,2.400000095367432,2.3299999237060547,2.3499999046325684,2.3499999046325684,1951464
"PROG","Progenity, Inc. - Common Stock","2021-12-15 11:30:00-05:00",2.3550000190734863,2.369999885559082,2.3299999237060547,2.358099937438965,2.358099937438965,1418148
"PROG","Progenity, Inc. - Common Stock","2021-12-15 12:30:00-05:00",2.3550000190734863,2.375,2.3299999237060547,2.360100030899048,2.360100030899048,882826
"PROG","Progenity, Inc. - Common Stock","2021-12-15 13:30:00-05:00",2.369999885559082,2.4800000190734863,2.359999895095825,2.450000047683716,2.450000047683716,1720295
"PROG","Progenity, Inc. - Common Stock","2021-12-15 14:30:00-05:00",2.450000047683716,2.569999933242798,2.440000057220459,2.551500082015991,2.551500082015991,1832254
"PROG","Progenity, Inc. - Common Stock","2021-12-15 15:30:00-05:00",2.559999942779541,2.619999885559082,2.549999952316284,2.5999999046325684,2.5999999046325684,1839494
"PROG","Progenity, Inc. - Common Stock","2021-12-15 16:00:00-05:00",2.6,2.6,2.55,2.58,2.58,0
"PROG","Progenity, Inc. - Common Stock","2021-12-15 17:00:00-05:00",2.58,2.59,2.56,2.59,2.59,0
"PROG","Progenity, Inc. - Common Stock","2021-12-15 18:00:00-05:00",2.58,2.6,2.57,2.57,2.57,0
"PROG","Progenity, Inc. - Common Stock","2021-12-16 04:00:00-05:00",2.58,2.62,2.57,2.58,2.58,0
"PROG","Progenity, Inc. - Common Stock","2021-12-16 05:00:00-05:00",2.6,2.62,2.58,2.6,2.6,0
"PROG","Progenity, Inc. - Common Stock","2021-12-16 06:00:00-05:00",2.58,2.6,2.58,2.6,2.6,0
"PROG","Progenity, Inc. - Common Stock","2021-12-16 07:00:00-05:00",2.6,2.6,2.58,2.6,2.6,0
"PROG","Progenity, Inc. - Common Stock","2021-12-16 08:00:00-05:00",2.61,2.63,2.58,2.59,2.59,0
"PROG","Progenity, Inc. - Common Stock","2021-12-16 09:00:00-05:00",2.59,2.6,2.58,2.58,2.58,0
"PROG","Progenity, Inc. - Common Stock","2021-12-16 09:30:00-05:00",2.5878000259399414,2.640000104904175,2.5,2.6201000213623047,2.6201000213623047,3033467
"PROG","Progenity, Inc. - Common Stock","2021-12-16 10:30:00-05:00",2.625,2.700000047683716,2.5999999046325684,2.65939998626709,2.65939998626709,2149399
"PROG","Progenity, Inc. - Common Stock","2021-12-16 11:30:00-05:00",2.6549999713897705,2.658099889755249,2.559999942779541,2.5799999237060547,2.5799999237060547,1219875
"PROG","Progenity, Inc. - Common Stock","2021-12-16 12:30:00-05:00",2.5850000381469727,2.619999885559082,2.565000057220459,2.6050000190734863,2.6050000190734863,823468
"PROG","Progenity, Inc. - Common Stock","2021-12-16 13:30:00-05:00",2.6050000190734863,2.630000114440918,2.539999961853028,2.549999952316284,2.549999952316284,757532
"PROG","Progenity, Inc. - Common Stock","2021-12-16 14:30:00-05:00",2.549999952316284,2.559999942779541,2.490000009536743,2.5450000762939453,2.5450000762939453,1328640
"PROG","Progenity, Inc. - Common Stock","2021-12-16 15:30:00-05:00",2.549999952316284,2.559999942779541,2.515000104904175,2.5299999713897705,2.5299999713897705,762240
"PROG","Progenity, Inc. - Common Stock","2021-12-16 16:00:00-05:00",2.54,2.55,2.51,2.54,2.54,0
"PROG","Progenity, Inc. - Common Stock","2021-12-16 17:00:00-05:00",2.53,2.55,2.53,2.53,2.53,0
"PROG","Progenity, Inc. - Common Stock","2021-12-16 18:00:00-05:00",2.53,2.55,2.5,2.52,2.52,0
"PROG","Progenity, Inc. - Common Stock","2021-12-17 04:00:00-05:00",2.54,2.54,2.5,2.5,2.5,0
"PROG","Progenity, Inc. - Common Stock","2021-12-17 05:00:00-05:00",2.49,2.49,2.39,2.43,2.43,0
"PROG","Progenity, Inc. - Common Stock","2021-12-17 06:00:00-05:00",2.42,2.5,2.41,2.46,2.46,0
"PROG","Progenity, Inc. - Common Stock","2021-12-17 07:00:00-05:00",2.46,2.5,2.42,2.48,2.48,0
"PROG","Progenity, Inc. - Common Stock","2021-12-17 08:00:00-05:00",2.5,2.51,2.45,2.51,2.51,0
"PROG","Progenity, Inc. - Common Stock","2021-12-17 09:00:00-05:00",2.5,2.51,2.49,2.5,2.5,0
"PROG","Progenity, Inc. - Common Stock","2021-12-17 09:30:00-05:00",2.5299999713897705,2.5299999713897705,2.414999961853028,2.525000095367432,2.525000095367432,2095710
"PROG","Progenity, Inc. - Common Stock","2021-12-17 10:30:00-05:00",2.5199999809265137,2.609999895095825,2.509999990463257,2.5597000122070312,2.5597000122070312,1932380
"PROG","Progenity, Inc. - Common Stock","2021-12-17 11:30:00-05:00",2.559999942779541,2.615000009536743,2.5199999809265137,2.5999999046325684,2.5999999046325684,1821064
"PROG","Progenity, Inc. - Common Stock","2021-12-17 12:30:00-05:00",2.601099967956543,2.690000057220459,2.592099905014038,2.6600000858306885,2.6600000858306885,2439022
"PROG","Progenity, Inc. - Common Stock","2021-12-17 13:30:00-05:00",2.664999961853028,2.6700000762939453,2.5999999046325684,2.625,2.625,1613896
"PROG","Progenity, Inc. - Common Stock","2021-12-17 14:30:00-05:00",2.630000114440918,2.690000057220459,2.619999885559082,2.634999990463257,2.634999990463257,1358998
"PROG","Progenity, Inc. - Common Stock","2021-12-17 15:30:00-05:00",2.638999938964844,2.720000028610229,2.5899999141693115,2.700000047683716,2.700000047683716,2520694
"PROG","Progenity, Inc. - Common Stock","2021-12-17 16:00:00-05:00",2.69,2.72,2.63,2.68,2.68,0
"PROG","Progenity, Inc. - Common Stock","2021-12-17 17:00:00-05:00",2.68,2.68,2.62,2.63,2.63,0
"PROG","Progenity, Inc. - Common Stock","2021-12-17 18:00:00-05:00",2.63,2.69,2.63,2.64,2.64,0
"PROG","Progenity, Inc. - Common Stock","2021-12-20 04:00:00-05:00",2.68,2.69,2.47,2.54,2.54,0
"PROG","Progenity, Inc. - Common Stock","2021-12-20 05:00:00-05:00",2.54,2.56,2.52,2.53,2.53,0
"PROG","Progenity, Inc. - Common Stock","2021-12-20 06:00:00-05:00",2.54,2.56,2.52,2.53,2.53,0
"PROG","Progenity, Inc. - Common Stock","2021-12-20 07:00:00-05:00",2.54,2.63,2.5,2.62,2.62,0
"PROG","Progenity, Inc. - Common Stock","2021-12-20 08:00:00-05:00",2.62,2.66,2.53,2.61,2.61,0
"PROG","Progenity, Inc. - Common Stock","2021-12-20 09:00:00-05:00",2.61,2.64,2.54,2.58,2.58,0
"PROG","Progenity, Inc. - Common Stock","2021-12-20 09:30:00-05:00",2.569999933242798,2.6698999404907227,2.5299999713897705,2.5850000381469727,2.5850000381469727,3026636
"PROG","Progenity, Inc. - Common Stock","2021-12-20 10:30:00-05:00",2.5815000534057617,2.5850000381469727,2.430000066757202,2.450000047683716,2.450000047683716,2841715
"PROG","Progenity, Inc. - Common Stock","2021-12-20 11:30:00-05:00",2.440000057220459,2.5,2.440000057220459,2.4600000381469727,2.4600000381469727,1337469
"PROG","Progenity, Inc. - Common Stock","2021-12-20 12:30:00-05:00",2.469899892807007,2.490000009536743,2.440000057220459,2.444999933242798,2.444999933242798,1099626
"PROG","Progenity, Inc. - Common Stock","2021-12-20 13:30:00-05:00",2.442100048065185,2.484999895095825,2.430000066757202,2.447000026702881,2.447000026702881,1205926
"PROG","Progenity, Inc. - Common Stock","2021-12-20 14:30:00-05:00",2.449899911880493,2.470000028610229,2.4100000858306885,2.4649999141693115,2.4649999141693115,1236375
"PROG","Progenity, Inc. - Common Stock","2021-12-20 15:30:00-05:00",2.461699962615967,2.4800000190734863,2.4100000858306885,2.414999961853028,2.414999961853028,1152660
"PROG","Progenity, Inc. - Common Stock","2021-12-20 16:00:00-05:00",2.44,2.47,2.43,2.46,2.46,0
"PROG","Progenity, Inc. - Common Stock","2021-12-20 17:00:00-05:00",2.46,2.49,2.45,2.48,2.48,0
"PROG","Progenity, Inc. - Common Stock","2021-12-20 18:00:00-05:00",2.46,2.49,2.44,2.49,2.49,0
"PROG","Progenity, Inc. - Common Stock","2021-12-21 04:00:00-05:00",2.49,2.54,2.45,2.46,2.46,0
"PROG","Progenity, Inc. - Common Stock","2021-12-21 05:00:00-05:00",2.46,2.52,2.46,2.51,2.51,0
"PROG","Progenity, Inc. - Common Stock","2021-12-21 06:00:00-05:00",2.51,2.52,2.48,2.5,2.5,0
"PROG","Progenity, Inc. - Common Stock","2021-12-21 07:00:00-05:00",2.49,2.53,2.48,2.48,2.48,0
"PROG","Progenity, Inc. - Common Stock","2021-12-21 08:00:00-05:00",2.5,2.5299,2.46,2.49,2.49,0
"PROG","Progenity, Inc. - Common Stock","2021-12-21 09:00:00-05:00",2.48,2.52,2.48,2.49,2.49,0
"PROG","Progenity, Inc. - Common Stock","2021-12-21 09:30:00-05:00",2.4800000190734863,2.490000009536743,2.369999885559082,2.390000104904175,2.390000104904175,3476671
"PROG","Progenity, Inc. - Common Stock","2021-12-21 10:30:00-05:00",2.390000104904175,2.4674999713897705,2.380000114440918,2.440000057220459,2.440000057220459,1174273
"PROG","Progenity, Inc. - Common Stock","2021-12-21 11:30:00-05:00",2.4377999305725098,2.4600000381469727,2.4049999713897705,2.4200000762939453,2.4200000762939453,723038
"PROG","Progenity, Inc. - Common Stock","2021-12-21 12:30:00-05:00",2.4200000762939453,2.470000028610229,2.3912999629974365,2.470000028610229,2.470000028610229,1045013
"PROG","Progenity, Inc. - Common Stock","2021-12-21 13:30:00-05:00",2.4649999141693115,2.4800000190734863,2.442300081253052,2.450000047683716,2.450000047683716,1092765
"PROG","Progenity, Inc. - Common Stock","2021-12-21 14:30:00-05:00",2.4600000381469727,2.470000028610229,2.4100000858306885,2.4100000858306885,2.4100000858306885,573424
"PROG","Progenity, Inc. - Common Stock","2021-12-21 15:30:00-05:00",2.414999961853028,2.430000066757202,2.390000104904175,2.4198999404907227,2.4198999404907227,928018
"PROG","Progenity, Inc. - Common Stock","2021-12-21 16:00:00-05:00",2.43,2.43,2.4,2.41,2.41,0
"PROG","Progenity, Inc. - Common Stock","2021-12-21 17:00:00-05:00",2.42,2.42,2.41,2.42,2.42,0
"PROG","Progenity, Inc. - Common Stock","2021-12-21 18:00:00-05:00",2.42,2.43,2.4,2.4,2.4,0
"PROG","Progenity, Inc. - Common Stock","2021-12-22 04:00:00-05:00",2.45,2.47,2.36,2.42,2.42,0
"PROG","Progenity, Inc. - Common Stock","2021-12-22 05:00:00-05:00",2.45,2.47,2.41,2.45,2.45,0
"PROG","Progenity, Inc. - Common Stock","2021-12-22 06:00:00-05:00",2.44,2.44,2.4,2.43,2.43,0
"PROG","Progenity, Inc. - Common Stock","2021-12-22 07:00:00-05:00",2.43,2.45,2.39,2.42,2.42,0
"PROG","Progenity, Inc. - Common Stock","2021-12-22 08:00:00-05:00",2.42,2.44,2.39,2.42,2.42,0
"PROG","Progenity, Inc. - Common Stock","2021-12-22 09:00:00-05:00",2.41,2.42,2.39,2.39,2.39,0
"PROG","Progenity, Inc. - Common Stock","2021-12-22 09:30:00-05:00",2.400000095367432,2.4100000858306885,2.309999942779541,2.318700075149536,2.318700075149536,3657122
"PROG","Progenity, Inc. - Common Stock","2021-12-22 10:30:00-05:00",2.318399906158448,2.3299999237060547,2.2699999809265137,2.2950000762939453,2.2950000762939453,2549523
"PROG","Progenity, Inc. - Common Stock","2021-12-22 11:30:00-05:00",2.2950000762939453,2.319999933242798,2.2799999713897705,2.291899919509888,2.291899919509888,1371394
"PROG","Progenity, Inc. - Common Stock","2021-12-22 12:30:00-05:00",2.29099988937378,2.299999952316284,2.25,2.25,2.25,1556126
"PROG","Progenity, Inc. - Common Stock","2021-12-22 13:30:00-05:00",2.250099897384644,2.2699999809265137,2.2100000381469727,2.2100000381469727,2.2100000381469727,2260832
"PROG","Progenity, Inc. - Common Stock","2021-12-22 14:30:00-05:00",2.2149999141693115,2.2300000190734863,2.1700000762939453,2.2249999046325684,2.2249999046325684,2916457
"PROG","Progenity, Inc. - Common Stock","2021-12-22 15:30:00-05:00",2.2249999046325684,2.25,2.2249999046325684,2.240000009536743,2.240000009536743,1120502
"PROG","Progenity, Inc. - Common Stock","2021-12-22 16:00:00-05:00",2.24,2.25,2.22,2.23,2.23,0
"PROG","Progenity, Inc. - Common Stock","2021-12-22 17:00:00-05:00",2.23,2.24,2.22,2.23,2.23,0
"PROG","Progenity, Inc. - Common Stock","2021-12-22 18:00:00-05:00",2.22,2.24,2.18,2.18,2.18,0
"PROG","Progenity, Inc. - Common Stock","2021-12-23 04:00:00-05:00",2.2,2.32,2.11,2.25,2.25,0
"PROG","Progenity, Inc. - Common Stock","2021-12-23 05:00:00-05:00",2.25,2.28,2.23,2.25,2.25,0
"PROG","Progenity, Inc. - Common Stock","2021-12-23 06:00:00-05:00",2.25,2.3,2.24,2.28,2.28,0
"PROG","Progenity, Inc. - Common Stock","2021-12-23 07:00:00-05:00",2.3,2.3,2.22,2.22,2.22,0
"PROG","Progenity, Inc. - Common Stock","2021-12-23 08:00:00-05:00",2.22,2.28,2.22,2.24,2.24,0
"PROG","Progenity, Inc. - Common Stock","2021-12-23 09:00:00-05:00",2.24,2.24,2.2,2.23,2.23,0
"PROG","Progenity, Inc. - Common Stock","2021-12-23 09:30:00-05:00",2.2430999279022217,2.25,2.150000095367432,2.1698999404907227,2.1698999404907227,2805437
"PROG","Progenity, Inc. - Common Stock","2021-12-23 10:30:00-05:00",2.168299913406372,2.2300000190734863,2.1600000858306885,2.190000057220459,2.190000057220459,1148308
"PROG","Progenity, Inc. - Common Stock","2021-12-23 11:30:00-05:00",2.1900999546051025,2.275000095367432,2.180000066757202,2.244999885559082,2.244999885559082,1949300
"PROG","Progenity, Inc. - Common Stock","2021-12-23 12:30:00-05:00",2.240000009536743,2.2799999713897705,2.240000009536743,2.275000095367432,2.275000095367432,767619
"PROG","Progenity, Inc. - Common Stock","2021-12-23 13:30:00-05:00",2.2781999111175537,2.319999933242798,2.2523000240325928,2.2523000240325928,2.2523000240325928,1056047
"PROG","Progenity, Inc. - Common Stock","2021-12-23 14:30:00-05:00",2.2518999576568604,2.259999990463257,2.2100000381469727,2.219000101089477,2.219000101089477,672874
"PROG","Progenity, Inc. - Common Stock","2021-12-23 15:30:00-05:00",2.2149999141693115,2.240000009536743,2.2100000381469727,2.220000028610229,2.220000028610229,699234
"PROG","Progenity, Inc. - Common Stock","2021-12-23 16:00:00-05:00",2.23,2.25,2.22,2.23,2.23,0
"PROG","Progenity, Inc. - Common Stock","2021-12-23 17:00:00-05:00",2.23,2.24,2.23,2.23,2.23,0
"PROG","Progenity, Inc. - Common Stock","2021-12-23 18:00:00-05:00",2.23,2.26,2.23,2.24,2.24,0
"PROG","Progenity, Inc. - Common Stock","2021-12-27 04:00:00-05:00",2.26,2.27,2.15,2.24,2.24,0
"PROG","Progenity, Inc. - Common Stock","2021-12-27 05:00:00-05:00",2.25,2.25,2.2,2.24,2.24,0
"PROG","Progenity, Inc. - Common Stock","2021-12-27 06:00:00-05:00",2.24,2.24,2.21,2.21,2.21,0
"PROG","Progenity, Inc. - Common Stock","2021-12-27 07:00:00-05:00",2.2,2.22,2.2,2.21,2.21,0
"PROG","Progenity, Inc. - Common Stock","2021-12-27 08:00:00-05:00",2.21,2.22,2.19,2.21,2.21,0
"PROG","Progenity, Inc. - Common Stock","2021-12-27 09:00:00-05:00",2.22,2.23,2.21,2.21,2.21,0
"PROG","Progenity, Inc. - Common Stock","2021-12-27 09:30:00-05:00",2.2100000381469727,2.217600107192993,2.049999952316284,2.099900007247925,2.099900007247925,4747309
"PROG","Progenity, Inc. - Common Stock","2021-12-27 10:30:00-05:00",2.098299980163574,2.109999895095825,2.049999952316284,2.055000066757202,2.055000066757202,1949763
"PROG","Progenity, Inc. - Common Stock","2021-12-27 11:30:00-05:00",2.051500082015991,2.069999933242798,2.0299999713897705,2.0350000858306885,2.0350000858306885,1831327
"PROG","Progenity, Inc. - Common Stock","2021-12-27 12:30:00-05:00",2.030100107192993,2.049999952316284,2.0,2.0450000762939453,2.0450000762939453,1704569
"PROG","Progenity, Inc. - Common Stock","2021-12-27 13:30:00-05:00",2.042399883270264,2.059999942779541,2.039999961853028,2.055000066757202,2.055000066757202,803748
"PROG","Progenity, Inc. - Common Stock","2021-12-27 14:30:00-05:00",2.059999942779541,2.059999942779541,2.0230000019073486,2.0230000019073486,2.0230000019073486,853952
"PROG","Progenity, Inc. - Common Stock","2021-12-27 15:30:00-05:00",2.025000095367432,2.0299999713897705,2.0,2.0099000930786133,2.0099000930786133,1506516
"PROG","Progenity, Inc. - Common Stock","2021-12-27 16:00:00-05:00",2.0,2.03,2.0,2.02,2.02,0
"PROG","Progenity, Inc. - Common Stock","2021-12-27 17:00:00-05:00",2.01,2.05,2.01,2.05,2.05,0
"PROG","Progenity, Inc. - Common Stock","2021-12-27 18:00:00-05:00",2.05,2.06,2.03,2.06,2.06,0
"PROG","Progenity, Inc. - Common Stock","2021-12-28 04:00:00-05:00",2.06,2.06,2.0,2.03,2.03,0
"PROG","Progenity, Inc. - Common Stock","2021-12-28 05:00:00-05:00",2.03,2.04,2.01,2.03,2.03,0
"PROG","Progenity, Inc. - Common Stock","2021-12-28 06:00:00-05:00",2.01,2.04,2.0,2.04,2.04,0
"PROG","Progenity, Inc. - Common Stock","2021-12-28 07:00:00-05:00",2.04,2.04,2.02,2.03,2.03,0
"PROG","Progenity, Inc. - Common Stock","2021-12-28 08:00:00-05:00",2.03,2.04,2.02,2.03,2.03,0
"PROG","Progenity, Inc. - Common Stock","2021-12-28 09:00:00-05:00",2.03,2.06,2.02,2.02,2.02,0
"PROG","Progenity, Inc. - Common Stock","2021-12-28 09:30:00-05:00",2.009999990463257,2.220000028610229,2.009999990463257,2.0999999046325684,2.0999999046325684,7638280
"PROG","Progenity, Inc. - Common Stock","2021-12-28 10:30:00-05:00",2.099400043487549,2.119999885559082,2.0299999713897705,2.039499998092652,2.039499998092652,2134871
"PROG","Progenity, Inc. - Common Stock","2021-12-28 11:30:00-05:00",2.039999961853028,2.059999942779541,1.9900000095367432,2.032500028610229,2.032500028610229,2210868
"PROG","Progenity, Inc. - Common Stock","2021-12-28 12:30:00-05:00",2.039999961853028,2.0450000762939453,2.0,2.0118000507354736,2.0118000507354736,912851
"PROG","Progenity, Inc. - Common Stock","2021-12-28 13:30:00-05:00",2.0114998817443848,2.059999942779541,2.0,2.050100088119507,2.050100088119507,974964
"PROG","Progenity, Inc. - Common Stock","2021-12-28 14:30:00-05:00",2.057699918746948,2.0799999237060547,2.0199999809265137,2.0199999809265137,2.0199999809265137,714892
"PROG","Progenity, Inc. - Common Stock","2021-12-28 15:30:00-05:00",2.025000095367432,2.0299999713897705,1.995000004768372,2.0,2.0,968197
"PROG","Progenity, Inc. - Common Stock","2021-12-28 16:00:00-05:00",1.99,2.01,1.97,1.98,1.98,0
"PROG","Progenity, Inc. - Common Stock","2021-12-28 17:00:00-05:00",1.98,2.02,1.97,2.0,2.0,0
"PROG","Progenity, Inc. - Common Stock","2021-12-28 18:00:00-05:00",2.0,2.01,1.98,2.0,2.0,0
"PROG","Progenity, Inc. - Common Stock","2021-12-29 04:00:00-05:00",1.99,1.99,1.94,1.98,1.98,0
"PROG","Progenity, Inc. - Common Stock","2021-12-29 05:00:00-05:00",1.98,2.04,1.95,1.99,1.99,0
"PROG","Progenity, Inc. - Common Stock","2021-12-29 06:00:00-05:00",1.99,2.02,1.98,2.0,2.0,0
"PROG","Progenity, Inc. - Common Stock","2021-12-29 07:00:00-05:00",1.99,2.0,1.97,1.98,1.98,0
"PROG","Progenity, Inc. - Common Stock","2021-12-29 08:00:00-05:00",1.97,2.0,1.95,1.97,1.97,0
"PROG","Progenity, Inc. - Common Stock","2021-12-29 09:00:00-05:00",1.97,1.98,1.95,1.97,1.97,0
"PROG","Progenity, Inc. - Common Stock","2021-12-29 09:30:00-05:00",1.9700000286102293,1.9800000190734863,1.7899999618530271,1.830100059509277,1.830100059509277,6534039
"PROG","Progenity, Inc. - Common Stock","2021-12-29 10:30:00-05:00",1.8324999809265137,1.870000004768372,1.820000052452088,1.850000023841858,1.850000023841858,2210014
"PROG","Progenity, Inc. - Common Stock","2021-12-29 11:30:00-05:00",1.8431999683380127,1.8600000143051147,1.830000042915344,1.8496999740600584,1.8496999740600584,1157874
"PROG","Progenity, Inc. - Common Stock","2021-12-29 12:30:00-05:00",1.8450000286102293,1.850000023841858,1.820000052452088,1.850000023841858,1.850000023841858,1163154
"PROG","Progenity, Inc. - Common Stock","2021-12-29 13:30:00-05:00",1.8482999801635744,1.9800000190734863,1.8424999713897705,1.979300022125244,1.979300022125244,1960842
"PROG","Progenity, Inc. - Common Stock","2021-12-29 14:30:00-05:00",1.978800058364868,2.039999961853028,1.924999952316284,1.9600000381469729,1.9600000381469729,2574674
"PROG","Progenity, Inc. - Common Stock","2021-12-29 15:30:00-05:00",1.955000042915344,2.025000095367432,1.950000047683716,1.9900000095367432,1.9900000095367432,1937334
"PROG","Progenity, Inc. - Common Stock","2021-12-29 16:00:00-05:00",1.97,1.99,1.83,1.95,1.95,0
"PROG","Progenity, Inc. - Common Stock","2021-12-29 17:00:00-05:00",1.95,1.95,1.92,1.93,1.93,0
"PROG","Progenity, Inc. - Common Stock","2021-12-29 18:00:00-05:00",1.93,1.93,1.9,1.9199,1.9199,0
"PROG","Progenity, Inc. - Common Stock","2021-12-30 04:00:00-05:00",1.92,1.95,1.86,1.93,1.93,0
"PROG","Progenity, Inc. - Common Stock","2021-12-30 05:00:00-05:00",1.9,1.95,1.89,1.93,1.93,0
"PROG","Progenity, Inc. - Common Stock","2021-12-30 06:00:00-05:00",1.94,1.96,1.9,1.93,1.93,0
"PROG","Progenity, Inc. - Common Stock","2021-12-30 07:00:00-05:00",1.93,1.94,1.88,1.92,1.92,0
"PROG","Progenity, Inc. - Common Stock","2021-12-30 08:00:00-05:00",1.92,1.96,1.88,1.93,1.93,0
"PROG","Progenity, Inc. - Common Stock","2021-12-30 09:00:00-05:00",1.93,1.93,1.9,1.91,1.91,0
"PROG","Progenity, Inc. - Common Stock","2021-12-30 09:30:00-05:00",1.909999966621399,2.150000095367432,1.899999976158142,2.107800006866455,2.107800006866455,6617074
"PROG","Progenity, Inc. - Common Stock","2021-12-30 10:30:00-05:00",2.101900100708008,2.1600000858306885,2.069999933242798,2.0899999141693115,2.0899999141693115,3153759
"PROG","Progenity, Inc. - Common Stock","2021-12-30 11:30:00-05:00",2.0982000827789307,2.1700000762939453,2.0899999141693115,2.119999885559082,2.119999885559082,1642259
"PROG","Progenity, Inc. - Common Stock","2021-12-30 12:30:00-05:00",2.125200033187866,2.150000095367432,2.119999885559082,2.13759994506836,2.13759994506836,1051117
"PROG","Progenity, Inc. - Common Stock","2021-12-30 13:30:00-05:00",2.130100011825561,2.2699999809265137,2.130000114440918,2.2174999713897705,2.2174999713897705,4216186
"PROG","Progenity, Inc. - Common Stock","2021-12-30 14:30:00-05:00",2.2149999141693115,2.2174999713897705,2.0999999046325684,2.134999990463257,2.134999990463257,1825801
"PROG","Progenity, Inc. - Common Stock","2021-12-30 15:30:00-05:00",2.134999990463257,2.1389000415802,2.0899999141693115,2.128200054168701,2.128200054168701,1095584
"PROG","Progenity, Inc. - Common Stock","2021-12-30 16:00:00-05:00",2.13,2.17,2.1,2.14,2.14,0
"PROG","Progenity, Inc. - Common Stock","2021-12-30 17:00:00-05:00",2.14,2.15,2.1,2.11,2.11,0
