"ticker","name","date","open","high","low","close","adjusted close","volume"
"PSNL","Personalis, Inc. - Common Stock","2021-01-04 06:00:00-05:00",37.0,37.0,37.0,37.0,37.0,0
"PSNL","Personalis, Inc. - Common Stock","2021-01-04 08:00:00-05:00",36.47,36.47,36.47,36.47,36.47,0
"PSNL","Personalis, Inc. - Common Stock","2021-01-04 09:00:00-05:00",35.56,35.9899,35.51,35.6,35.6,0
"PSNL","Personalis, Inc. - Common Stock","2021-01-04 09:30:00-05:00",35.790000915527344,36.30820083618164,33.52000045776367,34.599998474121094,34.599998474121094,344281
"PSNL","Personalis, Inc. - Common Stock","2021-01-04 10:30:00-05:00",34.56999969482422,34.77000045776367,33.79999923706055,33.820098876953125,33.820098876953125,174987
"PSNL","Personalis, Inc. - Common Stock","2021-01-04 11:30:00-05:00",33.810001373291016,34.18000030517578,32.72999954223633,33.0,33.0,136128
"PSNL","Personalis, Inc. - Common Stock","2021-01-04 12:30:00-05:00",33.0,33.95000076293945,32.540000915527344,33.548099517822266,33.548099517822266,284483
"PSNL","Personalis, Inc. - Common Stock","2021-01-04 13:30:00-05:00",33.5099983215332,34.20000076293945,33.31999969482422,34.20000076293945,34.20000076293945,93443
"PSNL","Personalis, Inc. - Common Stock","2021-01-04 14:30:00-05:00",34.16999816894531,34.54999923706055,33.90999984741211,34.31999969482422,34.31999969482422,136431
"PSNL","Personalis, Inc. - Common Stock","2021-01-04 15:30:00-05:00",34.33000183105469,34.880001068115234,34.08000183105469,34.779998779296875,34.779998779296875,123514
"PSNL","Personalis, Inc. - Common Stock","2021-01-04 16:00:00-05:00",34.78,34.78,34.78,34.78,34.78,0
"PSNL","Personalis, Inc. - Common Stock","2021-01-04 17:00:00-05:00",34.85,34.85,34.85,34.85,34.85,0
"PSNL","Personalis, Inc. - Common Stock","2021-01-04 18:00:00-05:00",34.5,34.8,34.5,34.8,34.8,0
"PSNL","Personalis, Inc. - Common Stock","2021-01-05 09:30:00-05:00",34.79999923706055,35.189998626708984,33.869998931884766,34.25,34.25,123750
"PSNL","Personalis, Inc. - Common Stock","2021-01-05 10:30:00-05:00",34.36000061035156,34.689998626708984,34.150001525878906,34.45000076293945,34.45000076293945,0
"PSNL","Personalis, Inc. - Common Stock","2021-01-05 11:30:00-05:00",34.5,35.0,34.49340057373047,34.939998626708984,34.939998626708984,229541
"PSNL","Personalis, Inc. - Common Stock","2021-01-05 12:30:00-05:00",34.939998626708984,35.0,34.25,34.76499938964844,34.76499938964844,57734
"PSNL","Personalis, Inc. - Common Stock","2021-01-05 13:30:00-05:00",35.005699157714844,35.029998779296875,34.52000045776367,34.6890983581543,34.6890983581543,38450
"PSNL","Personalis, Inc. - Common Stock","2021-01-05 14:30:00-05:00",34.79999923706055,35.0,34.665000915527344,34.90999984741211,34.90999984741211,54749
"PSNL","Personalis, Inc. - Common Stock","2021-01-05 15:30:00-05:00",34.849998474121094,34.9900016784668,34.720001220703125,34.959999084472656,34.959999084472656,137492
"PSNL","Personalis, Inc. - Common Stock","2021-01-05 16:00:00-05:00",34.96,34.96,34.96,34.96,34.96,0
"PSNL","Personalis, Inc. - Common Stock","2021-01-05 17:00:00-05:00",34.96,34.96,34.96,34.96,34.96,0
"PSNL","Personalis, Inc. - Common Stock","2021-01-06 07:00:00-05:00",34.76,34.76,34.76,34.76,34.76,0
"PSNL","Personalis, Inc. - Common Stock","2021-01-06 08:00:00-05:00",34.26,34.26,34.26,34.26,34.26,0
"PSNL","Personalis, Inc. - Common Stock","2021-01-06 09:30:00-05:00",34.2599983215332,34.90999984741211,32.7599983215332,33.96500015258789,33.96500015258789,234674
"PSNL","Personalis, Inc. - Common Stock","2021-01-06 10:30:00-05:00",33.90999984741211,35.0,33.900001525878906,34.83000183105469,34.83000183105469,216655
"PSNL","Personalis, Inc. - Common Stock","2021-01-06 11:30:00-05:00",34.77000045776367,34.95000076293945,34.11000061035156,34.29999923706055,34.29999923706055,110172
"PSNL","Personalis, Inc. - Common Stock","2021-01-06 12:30:00-05:00",34.209999084472656,34.54990005493164,34.0,34.16999816894531,34.16999816894531,73105
"PSNL","Personalis, Inc. - Common Stock","2021-01-06 13:30:00-05:00",34.25,34.470001220703125,32.70000076293945,32.77000045776367,32.77000045776367,198732
"PSNL","Personalis, Inc. - Common Stock","2021-01-06 14:30:00-05:00",32.68000030517578,33.34000015258789,32.04999923706055,32.61000061035156,32.61000061035156,280107
"PSNL","Personalis, Inc. - Common Stock","2021-01-06 15:30:00-05:00",32.7400016784668,32.84000015258789,32.22999954223633,32.650001525878906,32.650001525878906,254738
"PSNL","Personalis, Inc. - Common Stock","2021-01-06 16:00:00-05:00",32.6,32.61,32.6,32.61,32.61,0
"PSNL","Personalis, Inc. - Common Stock","2021-01-06 18:00:00-05:00",32.561913,32.561913,32.561913,32.561913,32.561913,0
"PSNL","Personalis, Inc. - Common Stock","2021-01-07 08:00:00-05:00",33.35,33.35,33.35,33.35,33.35,0
"PSNL","Personalis, Inc. - Common Stock","2021-01-07 09:00:00-05:00",33.4,33.75,33.3,33.3,33.3,0
"PSNL","Personalis, Inc. - Common Stock","2021-01-07 09:30:00-05:00",33.08000183105469,35.7599983215332,33.08000183105469,34.689998626708984,34.689998626708984,457086
"PSNL","Personalis, Inc. - Common Stock","2021-01-07 10:30:00-05:00",34.83000183105469,36.11000061035156,34.8025016784668,35.90999984741211,35.90999984741211,141219
"PSNL","Personalis, Inc. - Common Stock","2021-01-07 11:30:00-05:00",35.90999984741211,36.06999969482422,35.5,35.73440170288086,35.73440170288086,106862
"PSNL","Personalis, Inc. - Common Stock","2021-01-07 12:30:00-05:00",35.775001525878906,36.24369812011719,34.959999084472656,35.099998474121094,35.099998474121094,131089
"PSNL","Personalis, Inc. - Common Stock","2021-01-07 13:30:00-05:00",35.040000915527344,35.18000030517578,33.849998474121094,34.45000076293945,34.45000076293945,236967
"PSNL","Personalis, Inc. - Common Stock","2021-01-07 14:30:00-05:00",34.40999984741211,35.75,34.31999969482422,35.55500030517578,35.55500030517578,152760
"PSNL","Personalis, Inc. - Common Stock","2021-01-07 15:30:00-05:00",35.56999969482422,35.790000915527344,34.93000030517578,35.04999923706055,35.04999923706055,172696
"PSNL","Personalis, Inc. - Common Stock","2021-01-07 16:00:00-05:00",35.05,35.98,35.05,35.98,35.98,0
"PSNL","Personalis, Inc. - Common Stock","2021-01-08 07:00:00-05:00",35.66,35.66,35.66,35.66,35.66,0
"PSNL","Personalis, Inc. - Common Stock","2021-01-08 08:00:00-05:00",35.55,36.0,35.5,36.0,36.0,0
"PSNL","Personalis, Inc. - Common Stock","2021-01-08 09:00:00-05:00",36.08,36.1,36.08,36.1,36.1,0
"PSNL","Personalis, Inc. - Common Stock","2021-01-08 09:30:00-05:00",35.9900016784668,39.5,35.584999084472656,38.22999954223633,38.22999954223633,378482
"PSNL","Personalis, Inc. - Common Stock","2021-01-08 10:30:00-05:00",37.98590087890625,38.90999984741211,37.0099983215332,37.400001525878906,37.400001525878906,236031
"PSNL","Personalis, Inc. - Common Stock","2021-01-08 11:30:00-05:00",37.39899826049805,38.09999847412109,36.59999847412109,37.36000061035156,37.36000061035156,159929
"PSNL","Personalis, Inc. - Common Stock","2021-01-08 12:30:00-05:00",37.38999938964844,37.84989929199219,36.25,36.84000015258789,36.84000015258789,67951
"PSNL","Personalis, Inc. - Common Stock","2021-01-08 13:30:00-05:00",36.7400016784668,37.08000183105469,35.59000015258789,36.65999984741211,36.65999984741211,118796
"PSNL","Personalis, Inc. - Common Stock","2021-01-08 14:30:00-05:00",36.560001373291016,37.060001373291016,36.09999847412109,37.040000915527344,37.040000915527344,94126
"PSNL","Personalis, Inc. - Common Stock","2021-01-08 15:30:00-05:00",36.970001220703125,37.0,35.90999984741211,35.9900016784668,35.9900016784668,239784
"PSNL","Personalis, Inc. - Common Stock","2021-01-08 16:00:00-05:00",35.99,35.99,35.99,35.99,35.99,0
"PSNL","Personalis, Inc. - Common Stock","2021-01-11 04:00:00-05:00",35.99,35.99,35.99,35.99,35.99,0
"PSNL","Personalis, Inc. - Common Stock","2021-01-11 07:00:00-05:00",38.99,39.0,37.2,37.2,37.2,0
"PSNL","Personalis, Inc. - Common Stock","2021-01-11 09:00:00-05:00",37.5,37.682,35.91,35.91,35.91,0
"PSNL","Personalis, Inc. - Common Stock","2021-01-11 09:30:00-05:00",36.0,37.400001525878906,34.29069900512695,37.36000061035156,37.36000061035156,212741
"PSNL","Personalis, Inc. - Common Stock","2021-01-11 10:30:00-05:00",37.31779861450195,37.79999923706055,36.959999084472656,37.79999923706055,37.79999923706055,81656
"PSNL","Personalis, Inc. - Common Stock","2021-01-11 11:30:00-05:00",37.88990020751953,38.24990081787109,37.351898193359375,38.209999084472656,38.209999084472656,38500
"PSNL","Personalis, Inc. - Common Stock","2021-01-11 12:30:00-05:00",38.22999954223633,39.43000030517578,37.99029922485352,38.78499984741211,38.78499984741211,113564
"PSNL","Personalis, Inc. - Common Stock","2021-01-11 13:30:00-05:00",38.62030029296875,39.09000015258789,37.22999954223633,37.86249923706055,37.86249923706055,235455
"PSNL","Personalis, Inc. - Common Stock","2021-01-11 14:30:00-05:00",37.70000076293945,38.630001068115234,37.70000076293945,37.79999923706055,37.79999923706055,111983
"PSNL","Personalis, Inc. - Common Stock","2021-01-11 15:30:00-05:00",37.86989974975586,38.55989837646485,37.75,37.93999862670898,37.93999862670898,184680
"PSNL","Personalis, Inc. - Common Stock","2021-01-11 16:00:00-05:00",37.93,39.0,37.93,38.4,38.4,0
"PSNL","Personalis, Inc. - Common Stock","2021-01-11 17:00:00-05:00",38.49,38.5,38.0,38.0,38.0,0
"PSNL","Personalis, Inc. - Common Stock","2021-01-11 18:00:00-05:00",38.9,38.9,38.85,38.85,38.85,0
"PSNL","Personalis, Inc. - Common Stock","2021-01-12 09:00:00-05:00",38.65,38.97,38.6002,38.97,38.97,0
"PSNL","Personalis, Inc. - Common Stock","2021-01-12 09:30:00-05:00",39.16999816894531,39.85530090332031,38.11000061035156,39.29999923706055,39.29999923706055,237959
"PSNL","Personalis, Inc. - Common Stock","2021-01-12 10:30:00-05:00",39.459999084472656,39.900001525878906,38.5,39.56999969482422,39.56999969482422,104863
"PSNL","Personalis, Inc. - Common Stock","2021-01-12 11:30:00-05:00",39.619998931884766,39.880001068115234,38.560001373291016,39.0,39.0,128785
"PSNL","Personalis, Inc. - Common Stock","2021-01-12 12:30:00-05:00",39.040000915527344,39.68000030517578,38.88999938964844,39.59000015258789,39.59000015258789,55602
"PSNL","Personalis, Inc. - Common Stock","2021-01-12 13:30:00-05:00",39.59000015258789,40.13999938964844,39.40890121459961,39.54999923706055,39.54999923706055,61344
"PSNL","Personalis, Inc. - Common Stock","2021-01-12 14:30:00-05:00",39.34000015258789,39.9119987487793,39.34000015258789,39.53499984741211,39.53499984741211,46982
"PSNL","Personalis, Inc. - Common Stock","2021-01-12 15:30:00-05:00",39.5,39.959999084472656,39.33000183105469,39.77999877929688,39.77999877929688,99798
"PSNL","Personalis, Inc. - Common Stock","2021-01-12 16:00:00-05:00",39.78,39.78,39.78,39.78,39.78,0
"PSNL","Personalis, Inc. - Common Stock","2021-01-13 06:00:00-05:00",42.61,42.61,42.61,42.61,42.61,0
"PSNL","Personalis, Inc. - Common Stock","2021-01-13 08:00:00-05:00",40.0,40.0,39.78,39.83,39.83,0
"PSNL","Personalis, Inc. - Common Stock","2021-01-13 09:30:00-05:00",40.369998931884766,41.220001220703125,39.77000045776367,41.220001220703125,41.220001220703125,117763
"PSNL","Personalis, Inc. - Common Stock","2021-01-13 10:30:00-05:00",41.29999923706055,42.060001373291016,41.26499938964844,41.52009963989258,41.52009963989258,113701
"PSNL","Personalis, Inc. - Common Stock","2021-01-13 11:30:00-05:00",41.61000061035156,43.25,41.61000061035156,43.119998931884766,43.119998931884766,69870
"PSNL","Personalis, Inc. - Common Stock","2021-01-13 12:30:00-05:00",43.040000915527344,43.130001068115234,41.65499877929688,41.65499877929688,41.65499877929688,68280
"PSNL","Personalis, Inc. - Common Stock","2021-01-13 13:30:00-05:00",41.65499877929688,41.7599983215332,40.25,40.75,40.75,167853
"PSNL","Personalis, Inc. - Common Stock","2021-01-13 14:30:00-05:00",40.83000183105469,41.34999847412109,40.5,40.59000015258789,40.59000015258789,82422
"PSNL","Personalis, Inc. - Common Stock","2021-01-13 15:30:00-05:00",40.54999923706055,41.310001373291016,40.400001525878906,40.93999862670898,40.93999862670898,112137
"PSNL","Personalis, Inc. - Common Stock","2021-01-13 16:00:00-05:00",40.93,40.93,40.93,40.93,40.93,0
"PSNL","Personalis, Inc. - Common Stock","2021-01-13 18:00:00-05:00",40.01,40.01,40.01,40.01,40.01,0
"PSNL","Personalis, Inc. - Common Stock","2021-01-14 09:30:00-05:00",41.0099983215332,44.36000061035156,41.0099983215332,43.630001068115234,43.630001068115234,145432
"PSNL","Personalis, Inc. - Common Stock","2021-01-14 10:30:00-05:00",43.630001068115234,44.16999816894531,43.448001861572266,43.82609939575195,43.82609939575195,108922
"PSNL","Personalis, Inc. - Common Stock","2021-01-14 11:30:00-05:00",43.91999816894531,44.34000015258789,43.63999938964844,44.15999984741211,44.15999984741211,89302
"PSNL","Personalis, Inc. - Common Stock","2021-01-14 12:30:00-05:00",44.150001525878906,44.380001068115234,44.02000045776367,44.26499938964844,44.26499938964844,119232
"PSNL","Personalis, Inc. - Common Stock","2021-01-14 13:30:00-05:00",44.290000915527344,45.18999862670898,44.27000045776367,44.58000183105469,44.58000183105469,121644
"PSNL","Personalis, Inc. - Common Stock","2021-01-14 14:30:00-05:00",44.41999816894531,44.64500045776367,43.470001220703125,43.744998931884766,43.744998931884766,119694
"PSNL","Personalis, Inc. - Common Stock","2021-01-14 15:30:00-05:00",43.755001068115234,44.18999862670898,42.68999862670898,43.04999923706055,43.04999923706055,240050
"PSNL","Personalis, Inc. - Common Stock","2021-01-14 16:00:00-05:00",43.05,44.2,43.05,44.2,44.2,0
"PSNL","Personalis, Inc. - Common Stock","2021-01-14 17:00:00-05:00",44.7,44.7,43.5002,43.5002,43.5002,0
"PSNL","Personalis, Inc. - Common Stock","2021-01-15 08:00:00-05:00",43.0,43.0,43.0,43.0,43.0,0
"PSNL","Personalis, Inc. - Common Stock","2021-01-15 09:30:00-05:00",42.88999938964844,45.40999984741211,41.59000015258789,42.58000183105469,42.58000183105469,195044
"PSNL","Personalis, Inc. - Common Stock","2021-01-15 10:30:00-05:00",42.41999816894531,43.79999923706055,42.2400016784668,43.52000045776367,43.52000045776367,56316
"PSNL","Personalis, Inc. - Common Stock","2021-01-15 11:30:00-05:00",43.7400016784668,44.52000045776367,43.65999984741211,44.36000061035156,44.36000061035156,49824
"PSNL","Personalis, Inc. - Common Stock","2021-01-15 12:30:00-05:00",44.400001525878906,45.17079925537109,44.08000183105469,45.04999923706055,45.04999923706055,77617
"PSNL","Personalis, Inc. - Common Stock","2021-01-15 13:30:00-05:00",45.040000915527344,46.06999969482422,44.91999816894531,45.52999877929688,45.52999877929688,88603
"PSNL","Personalis, Inc. - Common Stock","2021-01-15 14:30:00-05:00",45.709999084472656,45.93000030517578,44.36000061035156,44.71009826660156,44.71009826660156,117397
"PSNL","Personalis, Inc. - Common Stock","2021-01-15 15:30:00-05:00",44.95000076293945,44.959999084472656,43.29999923706055,43.619998931884766,43.619998931884766,231518
"PSNL","Personalis, Inc. - Common Stock","2021-01-15 16:00:00-05:00",43.62,46.0,41.74,46.0,46.0,0
"PSNL","Personalis, Inc. - Common Stock","2021-01-15 17:00:00-05:00",45.0,45.0,43.61,43.61,43.61,0
"PSNL","Personalis, Inc. - Common Stock","2021-01-15 18:00:00-05:00",43.66,43.66,43.66,43.66,43.66,0
"PSNL","Personalis, Inc. - Common Stock","2021-01-19 09:00:00-05:00",44.55,44.55,44.01,44.13,44.13,0
"PSNL","Personalis, Inc. - Common Stock","2021-01-19 09:30:00-05:00",44.43000030517578,46.59989929199219,44.43000030517578,46.220001220703125,46.220001220703125,118019
"PSNL","Personalis, Inc. - Common Stock","2021-01-19 10:30:00-05:00",46.16999816894531,46.45000076293945,44.91999816894531,45.48500061035156,45.48500061035156,129645
"PSNL","Personalis, Inc. - Common Stock","2021-01-19 11:30:00-05:00",45.470001220703125,46.0,45.22999954223633,45.9900016784668,45.9900016784668,91997
"PSNL","Personalis, Inc. - Common Stock","2021-01-19 12:30:00-05:00",45.90999984741211,47.150001525878906,45.90999984741211,47.150001525878906,47.150001525878906,111299
"PSNL","Personalis, Inc. - Common Stock","2021-01-19 13:30:00-05:00",47.20000076293945,48.27000045776367,46.83000183105469,48.119998931884766,48.119998931884766,145901
"PSNL","Personalis, Inc. - Common Stock","2021-01-19 14:30:00-05:00",48.13999938964844,48.775001525878906,48.02999877929688,48.43000030517578,48.43000030517578,134630
"PSNL","Personalis, Inc. - Common Stock","2021-01-19 15:30:00-05:00",48.494998931884766,49.27000045776367,48.43000030517578,49.0099983215332,49.0099983215332,235470
"PSNL","Personalis, Inc. - Common Stock","2021-01-19 16:00:00-05:00",48.79,48.79,48.79,48.79,48.79,0
"PSNL","Personalis, Inc. - Common Stock","2021-01-19 18:00:00-05:00",49.64,49.65,49.64,49.65,49.65,0
"PSNL","Personalis, Inc. - Common Stock","2021-01-20 08:00:00-05:00",50.0,50.0,50.0,50.0,50.0,0
"PSNL","Personalis, Inc. - Common Stock","2021-01-20 09:30:00-05:00",49.34000015258789,52.459999084472656,49.130001068115234,52.000099182128906,52.000099182128906,512828
"PSNL","Personalis, Inc. - Common Stock","2021-01-20 10:30:00-05:00",52.27830123901367,52.900001525878906,51.58000183105469,52.79449844360352,52.79449844360352,226844
"PSNL","Personalis, Inc. - Common Stock","2021-01-20 11:30:00-05:00",52.75,53.459999084472656,51.84000015258789,52.119998931884766,52.119998931884766,164345
"PSNL","Personalis, Inc. - Common Stock","2021-01-20 12:30:00-05:00",52.20000076293945,52.560001373291016,51.18999862670898,51.380001068115234,51.380001068115234,105833
"PSNL","Personalis, Inc. - Common Stock","2021-01-20 13:30:00-05:00",51.36000061035156,51.91999816894531,51.15999984741211,51.59000015258789,51.59000015258789,82029
"PSNL","Personalis, Inc. - Common Stock","2021-01-20 14:30:00-05:00",51.54999923706055,52.34000015258789,50.692501068115234,52.2400016784668,52.2400016784668,119685
"PSNL","Personalis, Inc. - Common Stock","2021-01-20 15:30:00-05:00",52.20000076293945,52.375,50.93999862670898,51.02000045776367,51.02000045776367,223510
"PSNL","Personalis, Inc. - Common Stock","2021-01-20 16:00:00-05:00",51.02,51.48,50.26,50.26,50.26,0
"PSNL","Personalis, Inc. - Common Stock","2021-01-20 17:00:00-05:00",50.49,51.47,50.0,51.47,51.47,0
"PSNL","Personalis, Inc. - Common Stock","2021-01-21 06:00:00-05:00",50.94,51.0,50.94,51.0,51.0,0
"PSNL","Personalis, Inc. - Common Stock","2021-01-21 07:00:00-05:00",50.66,50.66,50.6,50.66,50.66,0
"PSNL","Personalis, Inc. - Common Stock","2021-01-21 09:00:00-05:00",51.0,53.21,50.66,53.21,53.21,0
"PSNL","Personalis, Inc. - Common Stock","2021-01-21 09:30:00-05:00",51.0,51.63999938964844,46.63999938964844,47.90999984741211,47.90999984741211,314923
"PSNL","Personalis, Inc. - Common Stock","2021-01-21 10:30:00-05:00",48.005001068115234,49.91999816894531,47.84999847412109,49.810001373291016,49.810001373291016,106316
"PSNL","Personalis, Inc. - Common Stock","2021-01-21 11:30:00-05:00",49.83000183105469,50.0,49.369998931884766,49.81999969482422,49.81999969482422,70384
"PSNL","Personalis, Inc. - Common Stock","2021-01-21 12:30:00-05:00",49.6510009765625,50.0,49.59220123291016,49.89500045776367,49.89500045776367,50270
"PSNL","Personalis, Inc. - Common Stock","2021-01-21 13:30:00-05:00",49.88999938964844,50.04999923706055,49.38050079345703,49.38050079345703,49.38050079345703,88269
"PSNL","Personalis, Inc. - Common Stock","2021-01-21 14:30:00-05:00",49.41999816894531,49.869998931884766,49.25,49.4900016784668,49.4900016784668,94562
"PSNL","Personalis, Inc. - Common Stock","2021-01-21 15:30:00-05:00",49.400001525878906,49.43999862670898,48.61000061035156,48.83000183105469,48.83000183105469,150184
"PSNL","Personalis, Inc. - Common Stock","2021-01-21 16:00:00-05:00",48.88,49.0,48.6,49.0,49.0,0
"PSNL","Personalis, Inc. - Common Stock","2021-01-21 17:00:00-05:00",49.0,49.99,48.01,48.01,48.01,0
"PSNL","Personalis, Inc. - Common Stock","2021-01-21 18:00:00-05:00",48.0,49.02,48.0,48.79,48.79,0
"PSNL","Personalis, Inc. - Common Stock","2021-01-22 07:00:00-05:00",48.82,48.82,48.4,48.4,48.4,0
"PSNL","Personalis, Inc. - Common Stock","2021-01-22 08:00:00-05:00",48.1,48.1,48.0,48.0,48.0,0
"PSNL","Personalis, Inc. - Common Stock","2021-01-22 09:00:00-05:00",48.0,48.88,47.3,48.88,48.88,0
"PSNL","Personalis, Inc. - Common Stock","2021-01-22 09:30:00-05:00",48.02000045776367,48.584999084472656,47.31010055541992,48.0099983215332,48.0099983215332,116841
"PSNL","Personalis, Inc. - Common Stock","2021-01-22 10:30:00-05:00",47.88999938964844,48.34000015258789,47.500099182128906,47.77999877929688,47.77999877929688,118339
"PSNL","Personalis, Inc. - Common Stock","2021-01-22 11:30:00-05:00",47.65499877929688,48.470001220703125,47.650001525878906,48.337501525878906,48.337501525878906,53712
"PSNL","Personalis, Inc. - Common Stock","2021-01-22 12:30:00-05:00",48.34999847412109,48.790000915527344,48.209999084472656,48.63999938964844,48.63999938964844,43194
"PSNL","Personalis, Inc. - Common Stock","2021-01-22 13:30:00-05:00",48.560001373291016,48.880001068115234,48.20000076293945,48.68999862670898,48.68999862670898,44729
"PSNL","Personalis, Inc. - Common Stock","2021-01-22 14:30:00-05:00",48.400001525878906,48.70000076293945,47.790000915527344,47.970001220703125,47.970001220703125,40583
"PSNL","Personalis, Inc. - Common Stock","2021-01-22 15:30:00-05:00",47.869998931884766,48.22999954223633,47.78850173950195,47.97999954223633,47.97999954223633,111730
"PSNL","Personalis, Inc. - Common Stock","2021-01-22 16:00:00-05:00",47.92,48.49,47.7,48.49,48.49,0
"PSNL","Personalis, Inc. - Common Stock","2021-01-22 17:00:00-05:00",47.92,47.92,47.92,47.92,47.92,0
"PSNL","Personalis, Inc. - Common Stock","2021-01-22 18:00:00-05:00",48.5,48.5,48.5,48.5,48.5,0
"PSNL","Personalis, Inc. - Common Stock","2021-01-25 06:00:00-05:00",47.69,47.92,47.69,47.69,47.69,0
"PSNL","Personalis, Inc. - Common Stock","2021-01-25 08:00:00-05:00",48.1,48.1,48.1,48.1,48.1,0
"PSNL","Personalis, Inc. - Common Stock","2021-01-25 09:00:00-05:00",47.69,48.1,47.5,48.1,48.1,0
"PSNL","Personalis, Inc. - Common Stock","2021-01-25 09:30:00-05:00",48.27999877929688,49.27000045776367,47.310001373291016,47.93000030517578,47.93000030517578,83549
"PSNL","Personalis, Inc. - Common Stock","2021-01-25 10:30:00-05:00",47.86000061035156,48.17250061035156,44.540000915527344,46.0099983215332,46.0099983215332,150753
"PSNL","Personalis, Inc. - Common Stock","2021-01-25 11:30:00-05:00",46.0099983215332,47.2599983215332,45.84000015258789,46.01499938964844,46.01499938964844,50763
"PSNL","Personalis, Inc. - Common Stock","2021-01-25 12:30:00-05:00",46.09999847412109,46.63090133666992,45.52349853515625,46.0,46.0,74466
"PSNL","Personalis, Inc. - Common Stock","2021-01-25 13:30:00-05:00",46.040000915527344,46.61280059814453,45.959999084472656,46.09000015258789,46.09000015258789,61087
"PSNL","Personalis, Inc. - Common Stock","2021-01-25 14:30:00-05:00",46.09000015258789,46.47999954223633,45.84000015258789,46.220001220703125,46.220001220703125,74739
"PSNL","Personalis, Inc. - Common Stock","2021-01-25 15:30:00-05:00",46.130001068115234,47.02999877929688,46.02000045776367,46.970001220703125,46.970001220703125,163300
"PSNL","Personalis, Inc. - Common Stock","2021-01-25 16:00:00-05:00",46.91,47.5,46.91,47.5,47.5,0
"PSNL","Personalis, Inc. - Common Stock","2021-01-26 07:00:00-05:00",46.91,46.91,46.91,46.91,46.91,0
"PSNL","Personalis, Inc. - Common Stock","2021-01-26 08:00:00-05:00",47.25,47.25,47.25,47.25,47.25,0
"PSNL","Personalis, Inc. - Common Stock","2021-01-26 09:00:00-05:00",46.9,46.91,46.36,46.5,46.5,0
"PSNL","Personalis, Inc. - Common Stock","2021-01-26 09:30:00-05:00",46.2400016784668,48.0099983215332,46.18999862670898,47.08000183105469,47.08000183105469,98637
"PSNL","Personalis, Inc. - Common Stock","2021-01-26 10:30:00-05:00",47.130001068115234,47.43000030517578,46.13010025024414,46.75,46.75,56057
"PSNL","Personalis, Inc. - Common Stock","2021-01-26 11:30:00-05:00",46.77999877929688,46.9900016784668,45.619998931884766,45.814701080322266,45.814701080322266,133404
"PSNL","Personalis, Inc. - Common Stock","2021-01-26 12:30:00-05:00",45.630001068115234,46.31999969482422,45.61000061035156,45.81999969482422,45.81999969482422,54417
"PSNL","Personalis, Inc. - Common Stock","2021-01-26 13:30:00-05:00",45.79999923706055,45.79999923706055,44.22999954223633,44.38999938964844,44.38999938964844,68265
"PSNL","Personalis, Inc. - Common Stock","2021-01-26 14:30:00-05:00",44.540000915527344,44.65999984741211,43.119998931884766,43.13999938964844,43.13999938964844,119712
"PSNL","Personalis, Inc. - Common Stock","2021-01-26 15:30:00-05:00",43.18999862670898,43.400001525878906,42.02000045776367,42.47999954223633,42.47999954223633,264271
"PSNL","Personalis, Inc. - Common Stock","2021-01-26 16:00:00-05:00",42.47,42.5,40.5,41.65,41.65,0
"PSNL","Personalis, Inc. - Common Stock","2021-01-26 17:00:00-05:00",41.61,41.61,40.88,40.94,40.94,0
"PSNL","Personalis, Inc. - Common Stock","2021-01-26 18:00:00-05:00",41.0,41.2999,40.9,41.19,41.19,0
"PSNL","Personalis, Inc. - Common Stock","2021-01-27 04:00:00-05:00",41.13,41.13,41.0,41.0,41.0,0
"PSNL","Personalis, Inc. - Common Stock","2021-01-27 05:00:00-05:00",40.59,40.59,39.7,39.7,39.7,0
"PSNL","Personalis, Inc. - Common Stock","2021-01-27 06:00:00-05:00",39.7,40.24,39.17,39.17,39.17,0
"PSNL","Personalis, Inc. - Common Stock","2021-01-27 07:00:00-05:00",39.47,40.24,38.22,40.0,40.0,0
"PSNL","Personalis, Inc. - Common Stock","2021-01-27 08:00:00-05:00",40.05,40.05,37.68,38.36,38.36,0
"PSNL","Personalis, Inc. - Common Stock","2021-01-27 09:00:00-05:00",38.4,38.5,37.85,38.1,38.1,0
"PSNL","Personalis, Inc. - Common Stock","2021-01-27 09:30:00-05:00",38.33000183105469,38.75,36.060001373291016,38.2599983215332,38.2599983215332,1527604
"PSNL","Personalis, Inc. - Common Stock","2021-01-27 10:30:00-05:00",38.27000045776367,40.369998931884766,38.20000076293945,39.66999816894531,39.66999816894531,521477
"PSNL","Personalis, Inc. - Common Stock","2021-01-27 11:30:00-05:00",39.72499847412109,39.9900016784668,38.86000061035156,39.400001525878906,39.400001525878906,299844
"PSNL","Personalis, Inc. - Common Stock","2021-01-27 12:30:00-05:00",39.400001525878906,39.43000030517578,38.09999847412109,38.11009979248047,38.11009979248047,323509
"PSNL","Personalis, Inc. - Common Stock","2021-01-27 13:30:00-05:00",38.20500183105469,39.47999954223633,38.11000061035156,38.290000915527344,38.290000915527344,283206
"PSNL","Personalis, Inc. - Common Stock","2021-01-27 14:30:00-05:00",38.2599983215332,38.31999969482422,36.61000061035156,36.86000061035156,36.86000061035156,447433
"PSNL","Personalis, Inc. - Common Stock","2021-01-27 15:30:00-05:00",36.84999847412109,37.86000061035156,36.81999969482422,37.665000915527344,37.665000915527344,460656
"PSNL","Personalis, Inc. - Common Stock","2021-01-27 16:00:00-05:00",37.665,38.1,36.51,38.06,38.06,0
"PSNL","Personalis, Inc. - Common Stock","2021-01-27 17:00:00-05:00",37.66,38.0,37.01,37.9,37.9,0
"PSNL","Personalis, Inc. - Common Stock","2021-01-27 18:00:00-05:00",38.08,38.09,37.67,37.67,37.67,0
"PSNL","Personalis, Inc. - Common Stock","2021-01-28 05:00:00-05:00",38.5,38.5,38.5,38.5,38.5,0
"PSNL","Personalis, Inc. - Common Stock","2021-01-28 07:00:00-05:00",37.5,37.7,37.0,37.0,37.0,0
"PSNL","Personalis, Inc. - Common Stock","2021-01-28 08:00:00-05:00",37.67,38.5,37.67,38.5,38.5,0
"PSNL","Personalis, Inc. - Common Stock","2021-01-28 09:00:00-05:00",38.75,40.89,38.5,39.0,39.0,0
"PSNL","Personalis, Inc. - Common Stock","2021-01-28 09:30:00-05:00",39.18000030517578,40.93000030517578,38.31100082397461,39.6349983215332,39.6349983215332,428179
"PSNL","Personalis, Inc. - Common Stock","2021-01-28 10:30:00-05:00",39.6349983215332,39.72499847412109,38.25,39.06999969482422,39.06999969482422,203672
"PSNL","Personalis, Inc. - Common Stock","2021-01-28 11:30:00-05:00",39.06999969482422,40.65999984741211,38.79999923706055,40.6349983215332,40.6349983215332,202495
"PSNL","Personalis, Inc. - Common Stock","2021-01-28 12:30:00-05:00",40.70000076293945,40.900001525878906,39.59000015258789,40.400001525878906,40.400001525878906,135860
"PSNL","Personalis, Inc. - Common Stock","2021-01-28 13:30:00-05:00",40.447601318359375,41.4900016784668,40.33000183105469,41.09999847412109,41.09999847412109,182476
"PSNL","Personalis, Inc. - Common Stock","2021-01-28 14:30:00-05:00",41.11000061035156,41.61349868774414,40.83000183105469,41.40999984741211,41.40999984741211,250040
"PSNL","Personalis, Inc. - Common Stock","2021-01-28 15:30:00-05:00",41.40999984741211,41.47999954223633,40.119998931884766,40.34000015258789,40.34000015258789,344354
"PSNL","Personalis, Inc. - Common Stock","2021-01-28 16:00:00-05:00",40.37,40.45,40.33,40.45,40.45,0
"PSNL","Personalis, Inc. - Common Stock","2021-01-28 17:00:00-05:00",41.5,42.24,40.01,40.03,40.03,0
"PSNL","Personalis, Inc. - Common Stock","2021-01-28 18:00:00-05:00",40.5,40.5,40.3,40.3,40.3,0
"PSNL","Personalis, Inc. - Common Stock","2021-01-29 05:00:00-05:00",40.09,40.09,40.09,40.09,40.09,0
"PSNL","Personalis, Inc. - Common Stock","2021-01-29 06:00:00-05:00",40.09,40.09,40.0,40.0,40.0,0
"PSNL","Personalis, Inc. - Common Stock","2021-01-29 07:00:00-05:00",40.0,40.33,40.0,40.0,40.0,0
"PSNL","Personalis, Inc. - Common Stock","2021-01-29 08:00:00-05:00",40.3,42.25,39.0,41.36,41.36,0
"PSNL","Personalis, Inc. - Common Stock","2021-01-29 09:00:00-05:00",40.87,42.0476,40.33,40.56,40.56,0
"PSNL","Personalis, Inc. - Common Stock","2021-01-29 09:30:00-05:00",40.5099983215332,41.98989868164063,38.47999954223633,39.67959976196289,39.67959976196289,230556
"PSNL","Personalis, Inc. - Common Stock","2021-01-29 10:30:00-05:00",39.63999938964844,39.744998931884766,38.709999084472656,39.40499877929688,39.40499877929688,145551
"PSNL","Personalis, Inc. - Common Stock","2021-01-29 11:30:00-05:00",39.43000030517578,39.900001525878906,38.150001525878906,38.32500076293945,38.32500076293945,247989
"PSNL","Personalis, Inc. - Common Stock","2021-01-29 12:30:00-05:00",38.28499984741211,38.40499877929688,36.72029876708984,38.30500030517578,38.30500030517578,225313
"PSNL","Personalis, Inc. - Common Stock","2021-01-29 13:30:00-05:00",38.28499984741211,38.70980072021485,38.040000915527344,38.060001373291016,38.060001373291016,117811
"PSNL","Personalis, Inc. - Common Stock","2021-01-29 14:30:00-05:00",38.02999877929688,38.5099983215332,37.58000183105469,38.380001068115234,38.380001068115234,180540
"PSNL","Personalis, Inc. - Common Stock","2021-01-29 15:30:00-05:00",38.400001525878906,39.15999984741211,38.290000915527344,38.47999954223633,38.47999954223633,290467
"PSNL","Personalis, Inc. - Common Stock","2021-01-29 16:00:00-05:00",38.47,38.5,36.81,37.01,37.01,0
"PSNL","Personalis, Inc. - Common Stock","2021-01-29 18:00:00-05:00",38.38,38.38,37.33,37.33,37.33,0
"PSNL","Personalis, Inc. - Common Stock","2021-02-01 04:00:00-05:00",38.5,38.5,38.5,38.5,38.5,0
"PSNL","Personalis, Inc. - Common Stock","2021-02-01 06:00:00-05:00",38.47,38.47,38.47,38.47,38.47,0
"PSNL","Personalis, Inc. - Common Stock","2021-02-01 07:00:00-05:00",38.5,38.5,38.41,38.5,38.5,0
"PSNL","Personalis, Inc. - Common Stock","2021-02-01 08:00:00-05:00",38.9,39.25,38.8,39.25,39.25,0
"PSNL","Personalis, Inc. - Common Stock","2021-02-01 09:00:00-05:00",39.95,39.95,38.47,39.25,39.25,0
"PSNL","Personalis, Inc. - Common Stock","2021-02-01 09:30:00-05:00",38.900001525878906,39.5453987121582,37.5,38.8567008972168,38.8567008972168,238800
"PSNL","Personalis, Inc. - Common Stock","2021-02-01 10:30:00-05:00",38.7599983215332,39.869998931884766,38.3489990234375,39.59000015258789,39.59000015258789,113061
"PSNL","Personalis, Inc. - Common Stock","2021-02-01 11:30:00-05:00",39.59999847412109,39.88999938964844,39.18000030517578,39.52999877929688,39.52999877929688,50080
"PSNL","Personalis, Inc. - Common Stock","2021-02-01 12:30:00-05:00",39.59370040893555,40.09000015258789,39.459999084472656,40.0,40.0,46031
"PSNL","Personalis, Inc. - Common Stock","2021-02-01 13:30:00-05:00",40.0077018737793,40.8297004699707,39.93000030517578,40.560001373291016,40.560001373291016,147461
"PSNL","Personalis, Inc. - Common Stock","2021-02-01 14:30:00-05:00",40.54999923706055,40.84000015258789,40.310001373291016,40.60499954223633,40.60499954223633,112572
"PSNL","Personalis, Inc. - Common Stock","2021-02-01 15:30:00-05:00",40.59999847412109,40.619998931884766,40.21379852294922,40.41999816894531,40.41999816894531,109911
"PSNL","Personalis, Inc. - Common Stock","2021-02-01 16:00:00-05:00",40.55,40.55,39.92,39.92,39.92,0
"PSNL","Personalis, Inc. - Common Stock","2021-02-01 17:00:00-05:00",40.5,41.4,40.3,40.5,40.5,0
"PSNL","Personalis, Inc. - Common Stock","2021-02-01 18:00:00-05:00",40.1,41.75,40.1,41.7,41.7,0
"PSNL","Personalis, Inc. - Common Stock","2021-02-02 07:00:00-05:00",40.84,40.84,40.55,40.6,40.6,0
"PSNL","Personalis, Inc. - Common Stock","2021-02-02 08:00:00-05:00",40.6,43.35,40.5,43.35,43.35,0
"PSNL","Personalis, Inc. - Common Stock","2021-02-02 09:00:00-05:00",42.44,42.44,40.55,41.68,41.68,0
"PSNL","Personalis, Inc. - Common Stock","2021-02-02 09:30:00-05:00",41.70500183105469,43.09999847412109,40.70000076293945,41.70000076293945,41.70000076293945,210378
"PSNL","Personalis, Inc. - Common Stock","2021-02-02 10:30:00-05:00",41.72999954223633,42.31999969482422,41.01409912109375,42.20000076293945,42.20000076293945,68077
"PSNL","Personalis, Inc. - Common Stock","2021-02-02 11:30:00-05:00",42.16999816894531,42.97499847412109,41.9900016784668,42.40999984741211,42.40999984741211,75922
"PSNL","Personalis, Inc. - Common Stock","2021-02-02 12:30:00-05:00",42.40999984741211,42.7599983215332,41.81999969482422,42.0099983215332,42.0099983215332,42931
"PSNL","Personalis, Inc. - Common Stock","2021-02-02 13:30:00-05:00",41.9900016784668,41.9900016784668,41.25450134277344,41.290000915527344,41.290000915527344,61308
"PSNL","Personalis, Inc. - Common Stock","2021-02-02 14:30:00-05:00",41.369998931884766,42.709999084472656,41.369998931884766,42.560001373291016,42.560001373291016,68955
"PSNL","Personalis, Inc. - Common Stock","2021-02-02 15:30:00-05:00",42.560001373291016,42.900001525878906,42.5,42.52999877929688,42.52999877929688,165855
"PSNL","Personalis, Inc. - Common Stock","2021-02-02 16:00:00-05:00",42.53,42.56,41.21,42.56,42.56,0
"PSNL","Personalis, Inc. - Common Stock","2021-02-02 17:00:00-05:00",42.6,42.92,42.5,42.92,42.92,0
"PSNL","Personalis, Inc. - Common Stock","2021-02-02 18:00:00-05:00",42.92,42.92,42.92,42.92,42.92,0
"PSNL","Personalis, Inc. - Common Stock","2021-02-03 07:00:00-05:00",42.56,42.56,42.0,42.56,42.56,0
"PSNL","Personalis, Inc. - Common Stock","2021-02-03 08:00:00-05:00",42.0,42.56,42.0,42.56,42.56,0
"PSNL","Personalis, Inc. - Common Stock","2021-02-03 09:00:00-05:00",42.1356,42.56,42.0,42.56,42.56,0
"PSNL","Personalis, Inc. - Common Stock","2021-02-03 09:30:00-05:00",42.77000045776367,43.96630096435547,41.640098571777344,41.70000076293945,41.70000076293945,171160
"PSNL","Personalis, Inc. - Common Stock","2021-02-03 10:30:00-05:00",41.70000076293945,42.290000915527344,40.790000915527344,40.93999862670898,40.93999862670898,104516
"PSNL","Personalis, Inc. - Common Stock","2021-02-03 11:30:00-05:00",40.95289993286133,41.76250076293945,40.810001373291016,40.869998931884766,40.869998931884766,48183
"PSNL","Personalis, Inc. - Common Stock","2021-02-03 12:30:00-05:00",40.81999969482422,41.09000015258789,40.52999877929688,40.79999923706055,40.79999923706055,79347
"PSNL","Personalis, Inc. - Common Stock","2021-02-03 13:30:00-05:00",40.810001373291016,41.02999877929688,40.20000076293945,40.5,40.5,61089
"PSNL","Personalis, Inc. - Common Stock","2021-02-03 14:30:00-05:00",40.61000061035156,40.630001068115234,39.56999969482422,40.209999084472656,40.209999084472656,180817
"PSNL","Personalis, Inc. - Common Stock","2021-02-03 15:30:00-05:00",40.09999847412109,40.47610092163086,39.650001525878906,39.84000015258789,39.84000015258789,164191
"PSNL","Personalis, Inc. - Common Stock","2021-02-03 16:00:00-05:00",39.84,41.45,39.84,40.0,40.0,0
"PSNL","Personalis, Inc. - Common Stock","2021-02-03 17:00:00-05:00",40.5,40.99,40.5,40.9,40.9,0
"PSNL","Personalis, Inc. - Common Stock","2021-02-03 18:00:00-05:00",40.9,41.45,40.5,40.5,40.5,0
"PSNL","Personalis, Inc. - Common Stock","2021-02-04 06:00:00-05:00",39.84,39.84,39.84,39.84,39.84,0
"PSNL","Personalis, Inc. - Common Stock","2021-02-04 07:00:00-05:00",40.0,40.5,39.81,40.5,40.5,0
"PSNL","Personalis, Inc. - Common Stock","2021-02-04 08:00:00-05:00",40.51,40.7,40.1,40.7,40.7,0
"PSNL","Personalis, Inc. - Common Stock","2021-02-04 09:00:00-05:00",41.89,41.89,39.84,40.8,40.8,0
"PSNL","Personalis, Inc. - Common Stock","2021-02-04 09:30:00-05:00",40.70000076293945,40.97999954223633,39.75,39.869998931884766,39.869998931884766,137599
"PSNL","Personalis, Inc. - Common Stock","2021-02-04 10:30:00-05:00",39.7599983215332,40.93999862670898,39.59999847412109,40.665000915527344,40.665000915527344,86878
"PSNL","Personalis, Inc. - Common Stock","2021-02-04 11:30:00-05:00",40.70000076293945,41.29999923706055,40.61429977416992,41.0,41.0,66698
"PSNL","Personalis, Inc. - Common Stock","2021-02-04 12:30:00-05:00",41.0009994506836,41.08760070800781,40.08000183105469,40.47999954223633,40.47999954223633,105143
"PSNL","Personalis, Inc. - Common Stock","2021-02-04 13:30:00-05:00",40.33000183105469,40.59000015258789,40.02000045776367,40.16999816894531,40.16999816894531,34197
"PSNL","Personalis, Inc. - Common Stock","2021-02-04 14:30:00-05:00",40.17499923706055,40.17499923706055,39.5099983215332,39.59999847412109,39.59999847412109,100999
"PSNL","Personalis, Inc. - Common Stock","2021-02-04 15:30:00-05:00",39.630001068115234,39.720001220703125,39.11000061035156,39.27999877929688,39.27999877929688,203433
"PSNL","Personalis, Inc. - Common Stock","2021-02-04 16:00:00-05:00",39.27,40.0,39.16,39.57,39.57,0
"PSNL","Personalis, Inc. - Common Stock","2021-02-04 17:00:00-05:00",39.3,39.3,39.24,39.24,39.24,0
"PSNL","Personalis, Inc. - Common Stock","2021-02-04 18:00:00-05:00",39.24,39.3,39.2399,39.3,39.3,0
"PSNL","Personalis, Inc. - Common Stock","2021-02-05 07:00:00-05:00",40.0,40.0,39.32,39.32,39.32,0
"PSNL","Personalis, Inc. - Common Stock","2021-02-05 08:00:00-05:00",39.32,39.32,39.27,39.27,39.27,0
"PSNL","Personalis, Inc. - Common Stock","2021-02-05 09:00:00-05:00",39.27,40.0,39.0,40.0,40.0,0
"PSNL","Personalis, Inc. - Common Stock","2021-02-05 09:30:00-05:00",39.83000183105469,41.61000061035156,39.43999862670898,41.02000045776367,41.02000045776367,192110
"PSNL","Personalis, Inc. - Common Stock","2021-02-05 10:30:00-05:00",40.790000915527344,42.34000015258789,40.66999816894531,41.84999847412109,41.84999847412109,118750
"PSNL","Personalis, Inc. - Common Stock","2021-02-05 11:30:00-05:00",41.880001068115234,41.900001525878906,40.63999938964844,40.81999969482422,40.81999969482422,51472
"PSNL","Personalis, Inc. - Common Stock","2021-02-05 12:30:00-05:00",40.75,40.75,40.02000045776367,40.22999954223633,40.22999954223633,104534
"PSNL","Personalis, Inc. - Common Stock","2021-02-05 13:30:00-05:00",40.209999084472656,40.7400016784668,40.119998931884766,40.66999816894531,40.66999816894531,68885
"PSNL","Personalis, Inc. - Common Stock","2021-02-05 14:30:00-05:00",40.65499877929688,41.25,40.54999923706055,40.72999954223633,40.72999954223633,125518
"PSNL","Personalis, Inc. - Common Stock","2021-02-05 15:30:00-05:00",40.720001220703125,41.060001373291016,40.68999862670898,41.0,41.0,138067
"PSNL","Personalis, Inc. - Common Stock","2021-02-05 16:00:00-05:00",41.03,41.03,40.08,41.0,41.0,0
"PSNL","Personalis, Inc. - Common Stock","2021-02-05 17:00:00-05:00",41.0,41.0,41.0,41.0,41.0,0
"PSNL","Personalis, Inc. - Common Stock","2021-02-05 18:00:00-05:00",41.0,41.0,40.58,40.58,40.58,0
"PSNL","Personalis, Inc. - Common Stock","2021-02-08 04:00:00-05:00",41.0,41.0,41.0,41.0,41.0,0
"PSNL","Personalis, Inc. - Common Stock","2021-02-08 06:00:00-05:00",41.84,41.84,41.8,41.8,41.8,0
"PSNL","Personalis, Inc. - Common Stock","2021-02-08 07:00:00-05:00",41.8,41.8,41.07,41.79,41.79,0
"PSNL","Personalis, Inc. - Common Stock","2021-02-08 08:00:00-05:00",41.8,41.8,41.3,41.3,41.3,0
"PSNL","Personalis, Inc. - Common Stock","2021-02-08 09:00:00-05:00",41.7,41.8,41.3,41.35,41.35,0
"PSNL","Personalis, Inc. - Common Stock","2021-02-08 09:30:00-05:00",41.79999923706055,43.52999877929688,41.5099983215332,43.0099983215332,43.0099983215332,130472
"PSNL","Personalis, Inc. - Common Stock","2021-02-08 10:30:00-05:00",43.06999969482422,43.64500045776367,42.52000045776367,43.40999984741211,43.40999984741211,72742
"PSNL","Personalis, Inc. - Common Stock","2021-02-08 11:30:00-05:00",43.540000915527344,43.650001525878906,43.0,43.14500045776367,43.14500045776367,40151
"PSNL","Personalis, Inc. - Common Stock","2021-02-08 12:30:00-05:00",43.290000915527344,43.4900016784668,42.959999084472656,43.04999923706055,43.04999923706055,51208
"PSNL","Personalis, Inc. - Common Stock","2021-02-08 13:30:00-05:00",43.060001373291016,43.17689895629883,42.48500061035156,42.59000015258789,42.59000015258789,44956
"PSNL","Personalis, Inc. - Common Stock","2021-02-08 14:30:00-05:00",42.54499816894531,42.665000915527344,41.93090057373047,42.060001373291016,42.060001373291016,74865
"PSNL","Personalis, Inc. - Common Stock","2021-02-08 15:30:00-05:00",42.08000183105469,42.24589920043945,41.2599983215332,41.31999969482422,41.31999969482422,213558
"PSNL","Personalis, Inc. - Common Stock","2021-02-08 16:00:00-05:00",41.32,41.48,41.28,41.4799,41.4799,0
"PSNL","Personalis, Inc. - Common Stock","2021-02-08 17:00:00-05:00",41.48,41.48,41.32,41.48,41.48,0
"PSNL","Personalis, Inc. - Common Stock","2021-02-08 18:00:00-05:00",41.32,41.48,41.21,41.48,41.48,0
"PSNL","Personalis, Inc. - Common Stock","2021-02-09 05:00:00-05:00",41.32,42.0,41.32,42.0,42.0,0
"PSNL","Personalis, Inc. - Common Stock","2021-02-09 07:00:00-05:00",41.32,41.36,41.32,41.36,41.36,0
"PSNL","Personalis, Inc. - Common Stock","2021-02-09 08:00:00-05:00",41.36,41.36,41.36,41.36,41.36,0
"PSNL","Personalis, Inc. - Common Stock","2021-02-09 09:00:00-05:00",41.5,42.0,41.47,41.47,41.47,0
"PSNL","Personalis, Inc. - Common Stock","2021-02-09 09:30:00-05:00",41.400001525878906,42.27000045776367,41.15810012817383,41.970001220703125,41.970001220703125,99340
"PSNL","Personalis, Inc. - Common Stock","2021-02-09 10:30:00-05:00",41.98500061035156,42.27000045776367,40.810001373291016,41.15999984741211,41.15999984741211,89572
"PSNL","Personalis, Inc. - Common Stock","2021-02-09 11:30:00-05:00",41.130001068115234,41.91999816894531,41.04999923706055,41.72999954223633,41.72999954223633,36367
"PSNL","Personalis, Inc. - Common Stock","2021-02-09 12:30:00-05:00",41.66999816894531,42.048301696777344,41.15999984741211,41.27999877929688,41.27999877929688,47325
"PSNL","Personalis, Inc. - Common Stock","2021-02-09 13:30:00-05:00",41.27999877929688,41.27999877929688,40.04999923706055,40.084999084472656,40.084999084472656,114226
"PSNL","Personalis, Inc. - Common Stock","2021-02-09 14:30:00-05:00",40.040000915527344,40.310001373291016,39.83000183105469,39.96500015258789,39.96500015258789,111837
"PSNL","Personalis, Inc. - Common Stock","2021-02-09 15:30:00-05:00",39.95500183105469,40.22999954223633,39.869998931884766,40.04999923706055,40.04999923706055,124303
"PSNL","Personalis, Inc. - Common Stock","2021-02-09 16:00:00-05:00",40.0,41.0,40.0,40.0,40.0,0
"PSNL","Personalis, Inc. - Common Stock","2021-02-09 17:00:00-05:00",40.4,40.78,40.4,40.78,40.78,0
"PSNL","Personalis, Inc. - Common Stock","2021-02-09 18:00:00-05:00",40.78,41.0,40.0,41.0,41.0,0
"PSNL","Personalis, Inc. - Common Stock","2021-02-10 04:00:00-05:00",40.0,41.0,40.0,41.0,41.0,0
"PSNL","Personalis, Inc. - Common Stock","2021-02-10 07:00:00-05:00",41.02,41.02,40.5,41.0,41.0,0
"PSNL","Personalis, Inc. - Common Stock","2021-02-10 08:00:00-05:00",41.0,41.45,40.0,41.45,41.45,0
"PSNL","Personalis, Inc. - Common Stock","2021-02-10 09:30:00-05:00",41.130001068115234,42.880001068115234,40.18000030517578,40.83000183105469,40.83000183105469,297450
"PSNL","Personalis, Inc. - Common Stock","2021-02-10 10:30:00-05:00",40.790000915527344,40.83000183105469,39.119998931884766,40.41999816894531,40.41999816894531,171125
"PSNL","Personalis, Inc. - Common Stock","2021-02-10 11:30:00-05:00",40.25,40.75310134887695,39.88999938964844,40.10499954223633,40.10499954223633,55004
"PSNL","Personalis, Inc. - Common Stock","2021-02-10 12:30:00-05:00",40.09999847412109,40.650001525878906,40.02999877929688,40.56999969482422,40.56999969482422,39311
"PSNL","Personalis, Inc. - Common Stock","2021-02-10 13:30:00-05:00",40.5099983215332,40.5099983215332,39.709999084472656,39.755001068115234,39.755001068115234,41753
"PSNL","Personalis, Inc. - Common Stock","2021-02-10 14:30:00-05:00",39.7599983215332,40.36000061035156,39.7599983215332,39.90999984741211,39.90999984741211,50139
"PSNL","Personalis, Inc. - Common Stock","2021-02-10 15:30:00-05:00",39.900001525878906,39.90999984741211,39.130001068115234,39.43000030517578,39.43000030517578,112230
"PSNL","Personalis, Inc. - Common Stock","2021-02-10 16:00:00-05:00",39.4,40.0,39.4,39.81,39.81,0
"PSNL","Personalis, Inc. - Common Stock","2021-02-10 17:00:00-05:00",39.58,39.82,39.41,39.41,39.41,0
"PSNL","Personalis, Inc. - Common Stock","2021-02-10 18:00:00-05:00",39.4,40.0,39.1,39.79,39.79,0
"PSNL","Personalis, Inc. - Common Stock","2021-02-11 08:00:00-05:00",39.5,39.8,39.5,39.5,39.5,0
"PSNL","Personalis, Inc. - Common Stock","2021-02-11 09:00:00-05:00",39.4,39.83,39.39,39.83,39.83,0
"PSNL","Personalis, Inc. - Common Stock","2021-02-11 09:30:00-05:00",39.72999954223633,40.38999938964844,38.86000061035156,39.2400016784668,39.2400016784668,78666
"PSNL","Personalis, Inc. - Common Stock","2021-02-11 10:30:00-05:00",39.13999938964844,39.84000015258789,38.880001068115234,39.400001525878906,39.400001525878906,89862
"PSNL","Personalis, Inc. - Common Stock","2021-02-11 11:30:00-05:00",39.38999938964844,39.45000076293945,37.52000045776367,37.59000015258789,37.59000015258789,117696
"PSNL","Personalis, Inc. - Common Stock","2021-02-11 12:30:00-05:00",37.68399810791016,38.369998931884766,37.20000076293945,38.369998931884766,38.369998931884766,207972
"PSNL","Personalis, Inc. - Common Stock","2021-02-11 13:30:00-05:00",38.375,38.47990036010742,37.86000061035156,38.040000915527344,38.040000915527344,49214
"PSNL","Personalis, Inc. - Common Stock","2021-02-11 14:30:00-05:00",38.08000183105469,38.220001220703125,37.72999954223633,37.90499877929688,37.90499877929688,95393
"PSNL","Personalis, Inc. - Common Stock","2021-02-11 15:30:00-05:00",37.93000030517578,38.38999938964844,37.72999954223633,38.33000183105469,38.33000183105469,112524
"PSNL","Personalis, Inc. - Common Stock","2021-02-11 16:00:00-05:00",38.33,38.6,38.33,38.6,38.6,0
"PSNL","Personalis, Inc. - Common Stock","2021-02-11 17:00:00-05:00",38.6,38.88,38.6,38.7,38.7,0
"PSNL","Personalis, Inc. - Common Stock","2021-02-11 18:00:00-05:00",39.0,39.0,38.73,39.0,39.0,0
"PSNL","Personalis, Inc. - Common Stock","2021-02-12 07:00:00-05:00",38.33,38.33,38.33,38.33,38.33,0
"PSNL","Personalis, Inc. - Common Stock","2021-02-12 08:00:00-05:00",38.91,39.29,38.0075,39.29,39.29,0
"PSNL","Personalis, Inc. - Common Stock","2021-02-12 09:00:00-05:00",38.7,38.71,37.5,38.33,38.33,0
"PSNL","Personalis, Inc. - Common Stock","2021-02-12 09:30:00-05:00",37.59000015258789,40.97999954223633,37.33000183105469,40.88999938964844,40.88999938964844,202882
"PSNL","Personalis, Inc. - Common Stock","2021-02-12 10:30:00-05:00",40.85499954223633,41.209999084472656,40.32500076293945,40.505001068115234,40.505001068115234,108953
"PSNL","Personalis, Inc. - Common Stock","2021-02-12 11:30:00-05:00",40.505001068115234,40.560001373291016,39.91999816894531,40.47999954223633,40.47999954223633,123010
"PSNL","Personalis, Inc. - Common Stock","2021-02-12 12:30:00-05:00",40.41999816894531,40.75,40.2400016784668,40.709999084472656,40.709999084472656,57379
"PSNL","Personalis, Inc. - Common Stock","2021-02-12 13:30:00-05:00",40.630001068115234,40.77399826049805,40.33000183105469,40.42499923706055,40.42499923706055,69636
"PSNL","Personalis, Inc. - Common Stock","2021-02-12 14:30:00-05:00",40.43999862670898,40.619998931884766,40.150001525878906,40.2599983215332,40.2599983215332,46580
"PSNL","Personalis, Inc. - Common Stock","2021-02-12 15:30:00-05:00",40.310001373291016,40.59000015258789,40.130001068115234,40.40999984741211,40.40999984741211,110933
"PSNL","Personalis, Inc. - Common Stock","2021-02-12 16:00:00-05:00",40.42,40.42,39.02,40.4,40.4,0
"PSNL","Personalis, Inc. - Common Stock","2021-02-12 17:00:00-05:00",40.5,40.5,40.5,40.5,40.5,0
"PSNL","Personalis, Inc. - Common Stock","2021-02-12 18:00:00-05:00",40.7,40.98,40.7,40.98,40.98,0
"PSNL","Personalis, Inc. - Common Stock","2021-02-16 04:00:00-05:00",41.0,41.0,39.5,39.5,39.5,0
"PSNL","Personalis, Inc. - Common Stock","2021-02-16 07:00:00-05:00",40.0,40.0,40.0,40.0,40.0,0
"PSNL","Personalis, Inc. - Common Stock","2021-02-16 08:00:00-05:00",40.5,41.3965,40.5,41.25,41.25,0
"PSNL","Personalis, Inc. - Common Stock","2021-02-16 09:00:00-05:00",41.25,41.48,40.42,41.24,41.24,0
"PSNL","Personalis, Inc. - Common Stock","2021-02-16 09:30:00-05:00",41.52000045776367,42.649898529052734,40.20009994506836,41.09000015258789,41.09000015258789,152079
"PSNL","Personalis, Inc. - Common Stock","2021-02-16 10:30:00-05:00",41.06999969482422,41.560001373291016,40.5099983215332,40.58000183105469,40.58000183105469,109925
"PSNL","Personalis, Inc. - Common Stock","2021-02-16 11:30:00-05:00",40.5099983215332,40.630001068115234,39.5099983215332,40.04999923706055,40.04999923706055,76514
"PSNL","Personalis, Inc. - Common Stock","2021-02-16 12:30:00-05:00",40.09000015258789,40.34999847412109,39.87009811401367,40.25,40.25,49821
"PSNL","Personalis, Inc. - Common Stock","2021-02-16 13:30:00-05:00",40.290000915527344,40.31999969482422,39.86000061035156,39.99150085449219,39.99150085449219,53023
"PSNL","Personalis, Inc. - Common Stock","2021-02-16 14:30:00-05:00",39.98989868164063,40.08000183105469,39.81999969482422,39.9900016784668,39.9900016784668,46720
"PSNL","Personalis, Inc. - Common Stock","2021-02-16 15:30:00-05:00",39.970001220703125,40.29999923706055,39.810001373291016,40.27000045776367,40.27000045776367,121218
"PSNL","Personalis, Inc. - Common Stock","2021-02-16 16:00:00-05:00",40.27,40.27,39.5,40.2,40.2,0
"PSNL","Personalis, Inc. - Common Stock","2021-02-17 07:00:00-05:00",40.25,40.25,40.25,40.25,40.25,0
"PSNL","Personalis, Inc. - Common Stock","2021-02-17 08:00:00-05:00",40.25,40.25,39.2783,39.2783,39.2783,0
"PSNL","Personalis, Inc. - Common Stock","2021-02-17 09:00:00-05:00",40.09,40.27,39.744,39.9,39.9,0
"PSNL","Personalis, Inc. - Common Stock","2021-02-17 09:30:00-05:00",40.0,40.400001525878906,38.70000076293945,38.81999969482422,38.81999969482422,159543
"PSNL","Personalis, Inc. - Common Stock","2021-02-17 10:30:00-05:00",38.79999923706055,38.900001525878906,37.0,37.7599983215332,37.7599983215332,142490
"PSNL","Personalis, Inc. - Common Stock","2021-02-17 11:30:00-05:00",37.75,37.93989944458008,36.68000030517578,37.47999954223633,37.47999954223633,223494
"PSNL","Personalis, Inc. - Common Stock","2021-02-17 12:30:00-05:00",37.56999969482422,38.20000076293945,37.43000030517578,37.720001220703125,37.720001220703125,66227
"PSNL","Personalis, Inc. - Common Stock","2021-02-17 13:30:00-05:00",37.72999954223633,39.32500076293945,37.72999954223633,38.83000183105469,38.83000183105469,84707
"PSNL","Personalis, Inc. - Common Stock","2021-02-17 14:30:00-05:00",38.84000015258789,39.869998931884766,38.81999969482422,39.810001373291016,39.810001373291016,132443
"PSNL","Personalis, Inc. - Common Stock","2021-02-17 15:30:00-05:00",39.82649993896485,39.93999862670898,39.52000045776367,39.810001373291016,39.810001373291016,129886
"PSNL","Personalis, Inc. - Common Stock","2021-02-17 16:00:00-05:00",39.83,40.4,39.01,39.7,39.7,0
"PSNL","Personalis, Inc. - Common Stock","2021-02-17 17:00:00-05:00",40.5,40.5,39.11,39.78,39.78,0
"PSNL","Personalis, Inc. - Common Stock","2021-02-18 04:00:00-05:00",39.85,39.85,39.85,39.85,39.85,0
"PSNL","Personalis, Inc. - Common Stock","2021-02-18 05:00:00-05:00",39.8,39.85,39.8,39.85,39.85,0
"PSNL","Personalis, Inc. - Common Stock","2021-02-18 07:00:00-05:00",40.0,40.0,40.0,40.0,40.0,0
"PSNL","Personalis, Inc. - Common Stock","2021-02-18 08:00:00-05:00",39.83,39.83,39.83,39.83,39.83,0
"PSNL","Personalis, Inc. - Common Stock","2021-02-18 09:00:00-05:00",37.811,39.49,37.81,38.0,38.0,0
"PSNL","Personalis, Inc. - Common Stock","2021-02-18 09:30:00-05:00",38.68000030517578,38.90999984741211,36.36000061035156,36.91999816894531,36.91999816894531,192153
"PSNL","Personalis, Inc. - Common Stock","2021-02-18 10:30:00-05:00",36.88909912109375,38.470001220703125,36.60020065307617,38.16999816894531,38.16999816894531,91701
"PSNL","Personalis, Inc. - Common Stock","2021-02-18 11:30:00-05:00",38.119998931884766,38.755001068115234,37.5099983215332,38.65999984741211,38.65999984741211,99033
"PSNL","Personalis, Inc. - Common Stock","2021-02-18 12:30:00-05:00",38.68999862670898,38.84000015258789,38.15999984741211,38.77999877929688,38.77999877929688,42317
"PSNL","Personalis, Inc. - Common Stock","2021-02-18 13:30:00-05:00",38.86000061035156,39.22999954223633,38.52999877929688,39.21500015258789,39.21500015258789,47449
"PSNL","Personalis, Inc. - Common Stock","2021-02-18 14:30:00-05:00",39.20000076293945,39.52999877929688,39.130001068115234,39.400001525878906,39.400001525878906,56424
"PSNL","Personalis, Inc. - Common Stock","2021-02-18 15:30:00-05:00",39.40999984741211,39.46500015258789,38.59000015258789,38.6150016784668,38.6150016784668,126889
"PSNL","Personalis, Inc. - Common Stock","2021-02-18 16:00:00-05:00",38.61,38.8,38.5,38.6,38.6,0
"PSNL","Personalis, Inc. - Common Stock","2021-02-18 17:00:00-05:00",38.6,39.49,38.6,39.49,39.49,0
"PSNL","Personalis, Inc. - Common Stock","2021-02-18 18:00:00-05:00",38.6,38.6,38.2,38.2,38.2,0
"PSNL","Personalis, Inc. - Common Stock","2021-02-19 07:00:00-05:00",38.51,38.51,38.51,38.51,38.51,0
"PSNL","Personalis, Inc. - Common Stock","2021-02-19 08:00:00-05:00",39.5,39.6,38.6,38.6,38.6,0
"PSNL","Personalis, Inc. - Common Stock","2021-02-19 09:30:00-05:00",39.0,39.88999938964844,38.52000045776367,39.810001373291016,39.810001373291016,167291
"PSNL","Personalis, Inc. - Common Stock","2021-02-19 10:30:00-05:00",39.81999969482422,40.09650039672852,39.459999084472656,39.79999923706055,39.79999923706055,64941
"PSNL","Personalis, Inc. - Common Stock","2021-02-19 11:30:00-05:00",39.775001525878906,40.5,39.52000045776367,39.59999847412109,39.59999847412109,77988
"PSNL","Personalis, Inc. - Common Stock","2021-02-19 12:30:00-05:00",39.52999877929688,39.540000915527344,38.4900016784668,39.060001373291016,39.060001373291016,66166
"PSNL","Personalis, Inc. - Common Stock","2021-02-19 13:30:00-05:00",39.060001373291016,39.25,38.77000045776367,38.83000183105469,38.83000183105469,61108
"PSNL","Personalis, Inc. - Common Stock","2021-02-19 14:30:00-05:00",38.775001525878906,38.98500061035156,38.41999816894531,38.56499862670898,38.56499862670898,51676
"PSNL","Personalis, Inc. - Common Stock","2021-02-19 15:30:00-05:00",38.59000015258789,38.869998931884766,38.45000076293945,38.83000183105469,38.83000183105469,106374
"PSNL","Personalis, Inc. - Common Stock","2021-02-19 16:00:00-05:00",38.76,38.76,38.75,38.75,38.75,0
"PSNL","Personalis, Inc. - Common Stock","2021-02-19 17:00:00-05:00",38.75,39.5,38.75,38.76,38.76,0
"PSNL","Personalis, Inc. - Common Stock","2021-02-22 07:00:00-05:00",37.5,38.75,37.5,38.75,38.75,0
"PSNL","Personalis, Inc. - Common Stock","2021-02-22 08:00:00-05:00",38.71,38.7599,38.71,38.7599,38.7599,0
"PSNL","Personalis, Inc. - Common Stock","2021-02-22 09:30:00-05:00",37.90999984741211,38.68999862670898,36.959999084472656,37.83000183105469,37.83000183105469,172053
"PSNL","Personalis, Inc. - Common Stock","2021-02-22 10:30:00-05:00",37.834999084472656,37.88999938964844,36.72679901123047,36.869998931884766,36.869998931884766,142926
"PSNL","Personalis, Inc. - Common Stock","2021-02-22 11:30:00-05:00",36.874298095703125,37.61000061035156,36.820098876953125,37.11000061035156,37.11000061035156,57197
"PSNL","Personalis, Inc. - Common Stock","2021-02-22 12:30:00-05:00",37.06999969482422,37.42990112304688,36.65999984741211,36.7400016784668,36.7400016784668,112642
"PSNL","Personalis, Inc. - Common Stock","2021-02-22 13:30:00-05:00",36.709999084472656,36.91999816894531,36.119998931884766,36.55509948730469,36.55509948730469,126416
"PSNL","Personalis, Inc. - Common Stock","2021-02-22 14:30:00-05:00",36.505001068115234,36.505001068115234,34.77000045776367,34.77000045776367,34.77000045776367,309215
"PSNL","Personalis, Inc. - Common Stock","2021-02-22 15:30:00-05:00",34.79499816894531,34.970001220703125,34.45709991455078,34.7400016784668,34.7400016784668,237128
"PSNL","Personalis, Inc. - Common Stock","2021-02-22 16:00:00-05:00",34.74,35.4,34.71,35.4,35.4,0
"PSNL","Personalis, Inc. - Common Stock","2021-02-22 17:00:00-05:00",35.5,35.6,35.33,35.4,35.4,0
"PSNL","Personalis, Inc. - Common Stock","2021-02-22 18:00:00-05:00",35.28,35.3,34.0,34.0,34.0,0
"PSNL","Personalis, Inc. - Common Stock","2021-02-23 05:00:00-05:00",34.5,34.5,34.0,34.0,34.0,0
"PSNL","Personalis, Inc. - Common Stock","2021-02-23 06:00:00-05:00",32.76,33.5,32.76,33.5,33.5,0
"PSNL","Personalis, Inc. - Common Stock","2021-02-23 07:00:00-05:00",33.5,34.94,33.5,34.74,34.74,0
"PSNL","Personalis, Inc. - Common Stock","2021-02-23 08:00:00-05:00",34.74,35.0,33.5,33.5,33.5,0
"PSNL","Personalis, Inc. - Common Stock","2021-02-23 09:00:00-05:00",33.7,33.7,32.07,32.33,32.33,0
"PSNL","Personalis, Inc. - Common Stock","2021-02-23 09:30:00-05:00",31.76000022888184,33.52000045776367,29.5,33.52000045776367,33.52000045776367,561913
"PSNL","Personalis, Inc. - Common Stock","2021-02-23 10:30:00-05:00",33.4900016784668,34.619998931884766,33.000099182128906,33.22999954223633,33.22999954223633,227746
"PSNL","Personalis, Inc. - Common Stock","2021-02-23 11:30:00-05:00",33.279998779296875,33.66999816894531,32.0099983215332,32.53499984741211,32.53499984741211,173186
"PSNL","Personalis, Inc. - Common Stock","2021-02-23 12:30:00-05:00",32.63999938964844,33.439998626708984,32.33829879760742,33.20000076293945,33.20000076293945,96700
"PSNL","Personalis, Inc. - Common Stock","2021-02-23 13:30:00-05:00",33.20000076293945,33.220001220703125,32.54999923706055,33.09000015258789,33.09000015258789,100388
"PSNL","Personalis, Inc. - Common Stock","2021-02-23 14:30:00-05:00",33.084999084472656,33.935001373291016,32.709999084472656,33.78499984741211,33.78499984741211,146554
"PSNL","Personalis, Inc. - Common Stock","2021-02-23 15:30:00-05:00",33.79999923706055,34.029998779296875,33.25,33.95000076293945,33.95000076293945,176299
"PSNL","Personalis, Inc. - Common Stock","2021-02-23 16:00:00-05:00",33.94,34.0,33.09,34.0,34.0,0
"PSNL","Personalis, Inc. - Common Stock","2021-02-23 17:00:00-05:00",33.75,33.94,32.76,33.94,33.94,0
"PSNL","Personalis, Inc. - Common Stock","2021-02-24 06:00:00-05:00",33.28,33.28,33.28,33.28,33.28,0
"PSNL","Personalis, Inc. - Common Stock","2021-02-24 07:00:00-05:00",33.94,34.8,33.94,34.8,34.8,0
"PSNL","Personalis, Inc. - Common Stock","2021-02-24 09:00:00-05:00",34.0,34.8,33.25,33.25,33.25,0
"PSNL","Personalis, Inc. - Common Stock","2021-02-24 09:30:00-05:00",33.5,34.47999954223633,31.959999084472656,32.54999923706055,32.54999923706055,146656
"PSNL","Personalis, Inc. - Common Stock","2021-02-24 10:30:00-05:00",32.540000915527344,35.08000183105469,32.380001068115234,35.08000183105469,35.08000183105469,203364
"PSNL","Personalis, Inc. - Common Stock","2021-02-24 11:30:00-05:00",35.10499954223633,35.7599983215332,34.54999923706055,35.560001373291016,35.560001373291016,148014
"PSNL","Personalis, Inc. - Common Stock","2021-02-24 12:30:00-05:00",35.5,36.2400016784668,35.400001525878906,36.04999923706055,36.04999923706055,108652
"PSNL","Personalis, Inc. - Common Stock","2021-02-24 13:30:00-05:00",36.0,36.25,34.91999816894531,35.290000915527344,35.290000915527344,67478
"PSNL","Personalis, Inc. - Common Stock","2021-02-24 14:30:00-05:00",35.20000076293945,35.400001525878906,34.22999954223633,34.5,34.5,78371
"PSNL","Personalis, Inc. - Common Stock","2021-02-24 15:30:00-05:00",34.540000915527344,34.81999969482422,34.34000015258789,34.709999084472656,34.709999084472656,100200
"PSNL","Personalis, Inc. - Common Stock","2021-02-24 16:00:00-05:00",34.69,34.7,34.03,34.69,34.69,0
"PSNL","Personalis, Inc. - Common Stock","2021-02-24 17:00:00-05:00",34.7,34.7,34.7,34.7,34.7,0
"PSNL","Personalis, Inc. - Common Stock","2021-02-24 18:00:00-05:00",34.69,34.69,34.69,34.69,34.69,0
"PSNL","Personalis, Inc. - Common Stock","2021-02-25 08:00:00-05:00",33.93,35.0,33.93,35.0,35.0,0
"PSNL","Personalis, Inc. - Common Stock","2021-02-25 09:00:00-05:00",35.01,35.11,34.0,34.4,34.4,0
"PSNL","Personalis, Inc. - Common Stock","2021-02-25 09:30:00-05:00",34.060001373291016,35.09000015258789,32.529998779296875,32.897499084472656,32.897499084472656,145893
"PSNL","Personalis, Inc. - Common Stock","2021-02-25 10:30:00-05:00",32.849998474121094,33.34000015258789,32.459999084472656,33.27000045776367,33.27000045776367,87397
"PSNL","Personalis, Inc. - Common Stock","2021-02-25 11:30:00-05:00",33.16999816894531,33.33000183105469,31.200000762939453,31.290000915527344,31.290000915527344,154815
"PSNL","Personalis, Inc. - Common Stock","2021-02-25 12:30:00-05:00",31.39999961853028,32.34000015258789,30.299999237060547,32.13999938964844,32.13999938964844,188819
"PSNL","Personalis, Inc. - Common Stock","2021-02-25 13:30:00-05:00",32.150001525878906,32.55500030517578,31.60009956359864,32.415000915527344,32.415000915527344,73903
"PSNL","Personalis, Inc. - Common Stock","2021-02-25 14:30:00-05:00",32.3849983215332,32.439998626708984,31.26000022888184,31.46500015258789,31.46500015258789,106946
"PSNL","Personalis, Inc. - Common Stock","2021-02-25 15:30:00-05:00",31.5,31.790000915527344,31.06999969482422,31.690000534057617,31.690000534057617,156385
"PSNL","Personalis, Inc. - Common Stock","2021-02-25 16:00:00-05:00",31.68,31.7,29.0,29.58,29.58,0
"PSNL","Personalis, Inc. - Common Stock","2021-02-25 17:00:00-05:00",30.2,30.8,29.58,29.58,29.58,0
"PSNL","Personalis, Inc. - Common Stock","2021-02-25 18:00:00-05:00",29.58,30.01,29.58,30.01,30.01,0
"PSNL","Personalis, Inc. - Common Stock","2021-02-26 07:00:00-05:00",30.0,30.0,28.5,28.5,28.5,0
"PSNL","Personalis, Inc. - Common Stock","2021-02-26 08:00:00-05:00",29.0,31.0,28.5,30.25,30.25,0
"PSNL","Personalis, Inc. - Common Stock","2021-02-26 09:30:00-05:00",30.68000030517578,31.86000061035156,28.8799991607666,29.52009963989257,29.52009963989257,526532
"PSNL","Personalis, Inc. - Common Stock","2021-02-26 10:30:00-05:00",29.59000015258789,31.309999465942383,29.07200050354004,30.709999084472656,30.709999084472656,339816
"PSNL","Personalis, Inc. - Common Stock","2021-02-26 11:30:00-05:00",30.75,32.12810134887695,30.729999542236328,31.38999938964844,31.38999938964844,175474
"PSNL","Personalis, Inc. - Common Stock","2021-02-26 12:30:00-05:00",31.4950008392334,31.740100860595703,30.540000915527344,30.670000076293945,30.670000076293945,82720
"PSNL","Personalis, Inc. - Common Stock","2021-02-26 13:30:00-05:00",30.780000686645508,30.959999084472656,30.299999237060547,30.3799991607666,30.3799991607666,109070
"PSNL","Personalis, Inc. - Common Stock","2021-02-26 14:30:00-05:00",30.34000015258789,30.799999237060547,30.225000381469727,30.48600006103516,30.48600006103516,125113
"PSNL","Personalis, Inc. - Common Stock","2021-02-26 15:30:00-05:00",30.46999931335449,31.049999237060547,30.46999931335449,30.729999542236328,30.729999542236328,212379
"PSNL","Personalis, Inc. - Common Stock","2021-02-26 16:00:00-05:00",30.83,30.83,30.5,30.826145,30.826145,0
"PSNL","Personalis, Inc. - Common Stock","2021-02-26 17:00:00-05:00",30.935,31.0,30.6,30.8,30.8,0
"PSNL","Personalis, Inc. - Common Stock","2021-02-26 18:00:00-05:00",30.6,30.6,30.0,30.0,30.0,0
"PSNL","Personalis, Inc. - Common Stock","2021-03-01 04:00:00-05:00",32.0,32.0,32.0,32.0,32.0,0
"PSNL","Personalis, Inc. - Common Stock","2021-03-01 07:00:00-05:00",31.3,31.5,31.01,31.5,31.5,0
"PSNL","Personalis, Inc. - Common Stock","2021-03-01 08:00:00-05:00",31.2,31.88,31.0,31.88,31.88,0
"PSNL","Personalis, Inc. - Common Stock","2021-03-01 09:00:00-05:00",31.33,32.0,30.9,32.0,32.0,0
"PSNL","Personalis, Inc. - Common Stock","2021-03-01 09:30:00-05:00",31.690000534057617,33.81999969482422,31.5,33.310001373291016,33.310001373291016,191417
"PSNL","Personalis, Inc. - Common Stock","2021-03-01 10:30:00-05:00",33.29999923706055,33.59000015258789,32.720001220703125,33.03070068359375,33.03070068359375,138984
"PSNL","Personalis, Inc. - Common Stock","2021-03-01 11:30:00-05:00",33.0,33.34000015258789,32.529998779296875,33.27000045776367,33.27000045776367,107267
"PSNL","Personalis, Inc. - Common Stock","2021-03-01 12:30:00-05:00",33.31999969482422,33.529998779296875,32.880001068115234,33.415000915527344,33.415000915527344,76612
"PSNL","Personalis, Inc. - Common Stock","2021-03-01 13:30:00-05:00",33.369998931884766,33.525001525878906,33.119998931884766,33.383201599121094,33.383201599121094,102817
"PSNL","Personalis, Inc. - Common Stock","2021-03-01 14:30:00-05:00",33.314998626708984,33.560001373291016,32.869998931884766,33.084999084472656,33.084999084472656,114111
"PSNL","Personalis, Inc. - Common Stock","2021-03-01 15:30:00-05:00",33.1150016784668,33.119998931884766,32.33000183105469,32.599998474121094,32.599998474121094,198005
"PSNL","Personalis, Inc. - Common Stock","2021-03-01 16:00:00-05:00",32.51,32.75,32.51,32.75,32.75,0
"PSNL","Personalis, Inc. - Common Stock","2021-03-02 04:00:00-05:00",32.5,32.5,32.5,32.5,32.5,0
"PSNL","Personalis, Inc. - Common Stock","2021-03-02 07:00:00-05:00",32.99,32.99,32.26,32.26,32.26,0
"PSNL","Personalis, Inc. - Common Stock","2021-03-02 08:00:00-05:00",32.51,33.0,32.51,33.0,33.0,0
"PSNL","Personalis, Inc. - Common Stock","2021-03-02 09:30:00-05:00",32.599998474121094,33.95000076293945,32.09000015258789,32.9900016784668,32.9900016784668,99565
"PSNL","Personalis, Inc. - Common Stock","2021-03-02 10:30:00-05:00",32.880001068115234,33.2400016784668,32.20000076293945,32.290000915527344,32.290000915527344,72941
"PSNL","Personalis, Inc. - Common Stock","2021-03-02 11:30:00-05:00",32.34000015258789,32.40999984741211,31.661800384521484,31.770000457763672,31.770000457763672,79538
"PSNL","Personalis, Inc. - Common Stock","2021-03-02 12:30:00-05:00",31.75,32.279998779296875,31.5,31.71999931335449,31.71999931335449,71596
"PSNL","Personalis, Inc. - Common Stock","2021-03-02 13:30:00-05:00",31.809999465942383,31.8700008392334,31.25,31.51000022888184,31.51000022888184,60772
"PSNL","Personalis, Inc. - Common Stock","2021-03-02 14:30:00-05:00",31.530000686645508,31.700000762939453,31.0,31.200000762939453,31.200000762939453,83929
"PSNL","Personalis, Inc. - Common Stock","2021-03-02 15:30:00-05:00",31.26000022888184,31.339500427246094,30.780000686645508,30.979999542236328,30.979999542236328,143446
"PSNL","Personalis, Inc. - Common Stock","2021-03-02 16:00:00-05:00",30.94,31.5,30.81,30.9,30.9,0
"PSNL","Personalis, Inc. - Common Stock","2021-03-02 17:00:00-05:00",30.94,30.95,30.9,30.95,30.95,0
"PSNL","Personalis, Inc. - Common Stock","2021-03-02 18:00:00-05:00",30.96,30.96,30.95,30.95,30.95,0
"PSNL","Personalis, Inc. - Common Stock","2021-03-03 09:00:00-05:00",30.95,30.95,30.95,30.95,30.95,0
"PSNL","Personalis, Inc. - Common Stock","2021-03-03 09:30:00-05:00",30.690000534057617,31.270000457763672,28.270000457763672,28.86000061035156,28.86000061035156,223796
"PSNL","Personalis, Inc. - Common Stock","2021-03-03 10:30:00-05:00",28.799999237060547,29.75,28.78319931030273,29.625,29.625,115517
"PSNL","Personalis, Inc. - Common Stock","2021-03-03 11:30:00-05:00",29.59000015258789,29.71999931335449,28.36009979248047,28.540000915527344,28.540000915527344,132711
"PSNL","Personalis, Inc. - Common Stock","2021-03-03 12:30:00-05:00",28.5,28.790000915527344,27.940000534057617,28.420000076293945,28.420000076293945,164664
"PSNL","Personalis, Inc. - Common Stock","2021-03-03 13:30:00-05:00",28.350000381469727,28.38990020751953,27.39999961853028,27.489999771118164,27.489999771118164,150305
"PSNL","Personalis, Inc. - Common Stock","2021-03-03 14:30:00-05:00",27.5,28.280000686645508,27.299999237060547,27.80500030517578,27.80500030517578,136440
"PSNL","Personalis, Inc. - Common Stock","2021-03-03 15:30:00-05:00",27.770000457763672,28.1299991607666,27.57999992370605,27.959999084472656,27.959999084472656,222905
"PSNL","Personalis, Inc. - Common Stock","2021-03-03 16:00:00-05:00",27.97,27.99,27.7,27.99,27.99,0
"PSNL","Personalis, Inc. - Common Stock","2021-03-03 17:00:00-05:00",27.06,27.06,27.06,27.06,27.06,0
"PSNL","Personalis, Inc. - Common Stock","2021-03-03 18:00:00-05:00",27.0,28.0,27.0,28.0,28.0,0
"PSNL","Personalis, Inc. - Common Stock","2021-03-04 04:00:00-05:00",28.0,28.0,28.0,28.0,28.0,0
"PSNL","Personalis, Inc. - Common Stock","2021-03-04 05:00:00-05:00",28.5,28.5,27.97,27.97,27.97,0
"PSNL","Personalis, Inc. - Common Stock","2021-03-04 07:00:00-05:00",27.97,27.97,27.69,27.97,27.97,0
"PSNL","Personalis, Inc. - Common Stock","2021-03-04 09:00:00-05:00",27.9,27.9,27.2,27.2,27.2,0
"PSNL","Personalis, Inc. - Common Stock","2021-03-04 09:30:00-05:00",26.979999542236328,28.34000015258789,25.770000457763672,26.8700008392334,26.8700008392334,331654
"PSNL","Personalis, Inc. - Common Stock","2021-03-04 10:30:00-05:00",26.8700008392334,27.530000686645508,26.14999961853028,26.787500381469727,26.787500381469727,146191
"PSNL","Personalis, Inc. - Common Stock","2021-03-04 11:30:00-05:00",26.76499938964844,27.25,25.80010032653809,26.13999938964844,26.13999938964844,103860
"PSNL","Personalis, Inc. - Common Stock","2021-03-04 12:30:00-05:00",26.207500457763672,26.207500457763672,23.65999984741211,24.280000686645508,24.280000686645508,518165
"PSNL","Personalis, Inc. - Common Stock","2021-03-04 13:30:00-05:00",24.239999771118164,26.11000061035156,24.14999961853028,25.924999237060547,25.924999237060547,291494
"PSNL","Personalis, Inc. - Common Stock","2021-03-04 14:30:00-05:00",25.934999465942383,25.934999465942383,24.72010040283203,24.8799991607666,24.8799991607666,122068
"PSNL","Personalis, Inc. - Common Stock","2021-03-04 15:30:00-05:00",24.850000381469727,25.64999961853028,24.850000381469727,25.56999969482422,25.56999969482422,223144
"PSNL","Personalis, Inc. - Common Stock","2021-03-04 16:00:00-05:00",25.57,25.97,25.01,25.396,25.396,0
"PSNL","Personalis, Inc. - Common Stock","2021-03-04 17:00:00-05:00",25.5,25.5,24.0,25.0,25.0,0
"PSNL","Personalis, Inc. - Common Stock","2021-03-05 04:00:00-05:00",24.01,24.01,24.01,24.01,24.01,0
"PSNL","Personalis, Inc. - Common Stock","2021-03-05 05:00:00-05:00",25.57,25.57,25.57,25.57,25.57,0
"PSNL","Personalis, Inc. - Common Stock","2021-03-05 07:00:00-05:00",25.57,25.7,25.0,25.3,25.3,0
"PSNL","Personalis, Inc. - Common Stock","2021-03-05 08:00:00-05:00",25.3,25.7,24.03,25.0,25.0,0
"PSNL","Personalis, Inc. - Common Stock","2021-03-05 09:00:00-05:00",25.0,25.7,24.0,25.7,25.7,0
"PSNL","Personalis, Inc. - Common Stock","2021-03-05 09:30:00-05:00",25.71999931335449,25.790000915527344,22.64999961853028,22.71500015258789,22.71500015258789,498030
"PSNL","Personalis, Inc. - Common Stock","2021-03-05 10:30:00-05:00",22.729999542236328,22.959999084472656,21.552000045776367,21.799999237060547,21.799999237060547,466025
"PSNL","Personalis, Inc. - Common Stock","2021-03-05 11:30:00-05:00",21.770000457763672,23.670000076293945,21.64999961853028,23.6299991607666,23.6299991607666,366454
"PSNL","Personalis, Inc. - Common Stock","2021-03-05 12:30:00-05:00",23.549999237060547,24.030000686645508,23.09000015258789,23.88999938964844,23.88999938964844,165668
"PSNL","Personalis, Inc. - Common Stock","2021-03-05 13:30:00-05:00",23.89999961853028,24.2278995513916,23.200000762939453,23.700000762939453,23.700000762939453,148290
"PSNL","Personalis, Inc. - Common Stock","2021-03-05 14:30:00-05:00",23.700000762939453,24.26000022888184,23.31999969482422,24.06999969482422,24.06999969482422,177164
"PSNL","Personalis, Inc. - Common Stock","2021-03-05 15:30:00-05:00",24.040000915527344,24.1200008392334,23.809999465942383,23.959999084472656,23.959999084472656,125189
"PSNL","Personalis, Inc. - Common Stock","2021-03-05 16:00:00-05:00",23.99,25.0,23.866085,24.11,24.11,0
"PSNL","Personalis, Inc. - Common Stock","2021-03-05 18:00:00-05:00",24.0,24.0,23.99,23.99,23.99,0
"PSNL","Personalis, Inc. - Common Stock","2021-03-08 04:00:00-05:00",24.5,24.5,24.5,24.5,24.5,0
"PSNL","Personalis, Inc. - Common Stock","2021-03-08 07:00:00-05:00",23.0,23.0,23.0,23.0,23.0,0
"PSNL","Personalis, Inc. - Common Stock","2021-03-08 08:00:00-05:00",23.9,23.99,22.96,23.41,23.41,0
"PSNL","Personalis, Inc. - Common Stock","2021-03-08 09:00:00-05:00",23.99,25.0,23.99,24.99,24.99,0
"PSNL","Personalis, Inc. - Common Stock","2021-03-08 09:30:00-05:00",24.450000762939453,24.709999084472656,22.770000457763672,24.229999542236328,24.229999542236328,263531
"PSNL","Personalis, Inc. - Common Stock","2021-03-08 10:30:00-05:00",24.08009910583496,24.799999237060547,23.79010009765625,24.07999992370605,24.07999992370605,242459
"PSNL","Personalis, Inc. - Common Stock","2021-03-08 11:30:00-05:00",24.0,24.049999237060547,23.25,23.86000061035156,23.86000061035156,186419
"PSNL","Personalis, Inc. - Common Stock","2021-03-08 12:30:00-05:00",23.834999084472656,23.88999938964844,23.09499931335449,23.190000534057617,23.190000534057617,110496
"PSNL","Personalis, Inc. - Common Stock","2021-03-08 13:30:00-05:00",23.22780036926269,23.280000686645508,22.40999984741211,23.13999938964844,23.13999938964844,197393
"PSNL","Personalis, Inc. - Common Stock","2021-03-08 14:30:00-05:00",23.1299991607666,23.14999961853028,22.0,22.14999961853028,22.14999961853028,193307
"PSNL","Personalis, Inc. - Common Stock","2021-03-08 15:30:00-05:00",22.14999961853028,22.40999984741211,21.959999084472656,21.989999771118164,21.989999771118164,265752
"PSNL","Personalis, Inc. - Common Stock","2021-03-08 16:00:00-05:00",22.01,22.15,21.89,22.0,22.0,0
"PSNL","Personalis, Inc. - Common Stock","2021-03-08 17:00:00-05:00",22.01,22.1,22.01,22.1,22.1,0
"PSNL","Personalis, Inc. - Common Stock","2021-03-09 08:00:00-05:00",22.01,23.77,22.01,23.0,23.0,0
"PSNL","Personalis, Inc. - Common Stock","2021-03-09 09:00:00-05:00",23.0,23.25,22.52,23.0,23.0,0
"PSNL","Personalis, Inc. - Common Stock","2021-03-09 09:30:00-05:00",23.299999237060547,25.25,23.240100860595703,24.690000534057617,24.690000534057617,372587
"PSNL","Personalis, Inc. - Common Stock","2021-03-09 10:30:00-05:00",24.690000534057617,24.979999542236328,23.99029922485352,24.575000762939453,24.575000762939453,169254
"PSNL","Personalis, Inc. - Common Stock","2021-03-09 11:30:00-05:00",24.57999992370605,24.75,24.21999931335449,24.44499969482422,24.44499969482422,168646
"PSNL","Personalis, Inc. - Common Stock","2021-03-09 12:30:00-05:00",24.5049991607666,24.64999961853028,24.299999237060547,24.62929916381836,24.62929916381836,223339
"PSNL","Personalis, Inc. - Common Stock","2021-03-09 13:30:00-05:00",24.55500030517578,24.88999938964844,24.0,24.065000534057617,24.065000534057617,231825
"PSNL","Personalis, Inc. - Common Stock","2021-03-09 14:30:00-05:00",24.030000686645508,24.559999465942383,24.0,24.459999084472656,24.459999084472656,211072
"PSNL","Personalis, Inc. - Common Stock","2021-03-09 15:30:00-05:00",24.440000534057617,24.76000022888184,24.31999969482422,24.540000915527344,24.540000915527344,286545
"PSNL","Personalis, Inc. - Common Stock","2021-03-09 16:00:00-05:00",24.63,24.7,24.63,24.64,24.64,0
"PSNL","Personalis, Inc. - Common Stock","2021-03-09 17:00:00-05:00",24.6,24.6,24.6,24.6,24.6,0
"PSNL","Personalis, Inc. - Common Stock","2021-03-09 18:00:00-05:00",24.54,24.54,24.54,24.54,24.54,0
"PSNL","Personalis, Inc. - Common Stock","2021-03-10 04:00:00-05:00",25.34,25.34,25.34,25.34,25.34,0
"PSNL","Personalis, Inc. - Common Stock","2021-03-10 07:00:00-05:00",25.74,25.74,25.74,25.74,25.74,0
"PSNL","Personalis, Inc. - Common Stock","2021-03-10 08:00:00-05:00",25.0,25.0,24.75,24.76,24.76,0
"PSNL","Personalis, Inc. - Common Stock","2021-03-10 09:00:00-05:00",25.5,25.5,25.37,25.37,25.37,0
"PSNL","Personalis, Inc. - Common Stock","2021-03-10 09:30:00-05:00",25.690000534057617,27.1299991607666,25.09000015258789,25.489999771118164,25.489999771118164,333527
"PSNL","Personalis, Inc. - Common Stock","2021-03-10 10:30:00-05:00",25.549999237060547,26.209199905395508,25.39999961853028,25.795000076293945,25.795000076293945,190004
"PSNL","Personalis, Inc. - Common Stock","2021-03-10 11:30:00-05:00",25.790000915527344,25.905000686645508,25.1200008392334,25.1200008392334,25.1200008392334,103353
"PSNL","Personalis, Inc. - Common Stock","2021-03-10 12:30:00-05:00",25.200000762939453,25.56999969482422,24.82150077819824,25.280000686645508,25.280000686645508,137946
"PSNL","Personalis, Inc. - Common Stock","2021-03-10 13:30:00-05:00",25.3700008392334,25.39999961853028,24.57999992370605,24.96500015258789,24.96500015258789,133070
"PSNL","Personalis, Inc. - Common Stock","2021-03-10 14:30:00-05:00",25.01000022888184,25.239999771118164,24.799999237060547,25.100000381469727,25.100000381469727,80538
"PSNL","Personalis, Inc. - Common Stock","2021-03-10 15:30:00-05:00",25.1200008392334,25.26000022888184,24.895000457763672,24.96999931335449,24.96999931335449,101928
"PSNL","Personalis, Inc. - Common Stock","2021-03-10 16:00:00-05:00",24.97,24.97,24.97,24.97,24.97,0
"PSNL","Personalis, Inc. - Common Stock","2021-03-10 17:00:00-05:00",25.75,25.75,25.75,25.75,25.75,0
"PSNL","Personalis, Inc. - Common Stock","2021-03-11 08:00:00-05:00",27.0,27.0,27.0,27.0,27.0,0
"PSNL","Personalis, Inc. - Common Stock","2021-03-11 09:00:00-05:00",27.0,27.1,25.65,25.77,25.77,0
"PSNL","Personalis, Inc. - Common Stock","2021-03-11 09:30:00-05:00",25.76000022888184,26.850000381469727,25.3799991607666,26.06999969482422,26.06999969482422,172008
"PSNL","Personalis, Inc. - Common Stock","2021-03-11 10:30:00-05:00",26.229999542236328,26.98660087585449,26.065000534057617,26.709999084472656,26.709999084472656,145149
"PSNL","Personalis, Inc. - Common Stock","2021-03-11 11:30:00-05:00",26.75,26.979999542236328,26.549999237060547,26.84000015258789,26.84000015258789,109777
"PSNL","Personalis, Inc. - Common Stock","2021-03-11 12:30:00-05:00",26.84000015258789,27.170000076293945,26.71299934387207,27.170000076293945,27.170000076293945,82957
"PSNL","Personalis, Inc. - Common Stock","2021-03-11 13:30:00-05:00",27.25,27.5,26.920000076293945,27.350000381469727,27.350000381469727,102103
"PSNL","Personalis, Inc. - Common Stock","2021-03-11 14:30:00-05:00",27.350000381469727,27.59000015258789,27.049999237060547,27.309999465942383,27.309999465942383,93474
"PSNL","Personalis, Inc. - Common Stock","2021-03-11 15:30:00-05:00",27.280000686645508,27.46999931335449,27.045499801635746,27.290000915527344,27.290000915527344,133328
"PSNL","Personalis, Inc. - Common Stock","2021-03-11 16:00:00-05:00",27.37,27.6,27.35,27.48,27.48,0
"PSNL","Personalis, Inc. - Common Stock","2021-03-11 17:00:00-05:00",27.48,27.48,27.48,27.48,27.48,0
"PSNL","Personalis, Inc. - Common Stock","2021-03-11 18:00:00-05:00",27.48,28.44,27.48,28.0,28.0,0
"PSNL","Personalis, Inc. - Common Stock","2021-03-12 07:00:00-05:00",27.99,27.99,27.99,27.99,27.99,0
"PSNL","Personalis, Inc. - Common Stock","2021-03-12 08:00:00-05:00",28.0,28.0,27.37,27.37,27.37,0
"PSNL","Personalis, Inc. - Common Stock","2021-03-12 09:00:00-05:00",27.37,27.37,26.5,26.5,26.5,0
"PSNL","Personalis, Inc. - Common Stock","2021-03-12 09:30:00-05:00",26.64999961853028,26.64999961853028,25.26000022888184,25.56999969482422,25.56999969482422,160363
"PSNL","Personalis, Inc. - Common Stock","2021-03-12 10:30:00-05:00",25.749799728393555,26.309999465942383,25.65999984741211,26.15999984741211,26.15999984741211,95823
"PSNL","Personalis, Inc. - Common Stock","2021-03-12 11:30:00-05:00",26.18000030517578,26.96999931335449,26.030000686645508,26.88999938964844,26.88999938964844,123125
"PSNL","Personalis, Inc. - Common Stock","2021-03-12 12:30:00-05:00",26.8799991607666,27.440000534057617,26.46999931335449,26.71999931335449,26.71999931335449,168285
"PSNL","Personalis, Inc. - Common Stock","2021-03-12 13:30:00-05:00",26.790000915527344,27.020000457763672,26.61000061035156,26.729999542236328,26.729999542236328,49782
"PSNL","Personalis, Inc. - Common Stock","2021-03-12 14:30:00-05:00",26.790000915527344,27.420000076293945,26.65999984741211,27.0,27.0,120423
"PSNL","Personalis, Inc. - Common Stock","2021-03-12 15:30:00-05:00",27.0,27.170000076293945,26.81999969482422,27.049999237060547,27.049999237060547,128467
"PSNL","Personalis, Inc. - Common Stock","2021-03-12 16:00:00-05:00",27.02,27.02,27.02,27.02,27.02,79560
"PSNL","Personalis, Inc. - Common Stock","2021-03-12 17:00:00-05:00",26.51,27.17,26.0,26.0,26.0,0
"PSNL","Personalis, Inc. - Common Stock","2021-03-15 07:00:00-04:00",27.15,27.15,27.1,27.1,27.1,0
"PSNL","Personalis, Inc. - Common Stock","2021-03-15 08:00:00-04:00",27.1,27.4,26.93,26.93,26.93,0
"PSNL","Personalis, Inc. - Common Stock","2021-03-15 09:00:00-04:00",27.02,27.02,26.65,26.725,26.725,0
"PSNL","Personalis, Inc. - Common Stock","2021-03-15 09:30:00-04:00",26.979999542236328,27.979999542236328,26.38999938964844,27.54360008239746,27.54360008239746,98178
"PSNL","Personalis, Inc. - Common Stock","2021-03-15 10:30:00-04:00",27.600000381469727,27.93000030517578,27.1200008392334,27.239999771118164,27.239999771118164,59917
"PSNL","Personalis, Inc. - Common Stock","2021-03-15 11:30:00-04:00",27.11009979248047,28.1299991607666,27.10020065307617,28.030000686645508,28.030000686645508,58406
"PSNL","Personalis, Inc. - Common Stock","2021-03-15 12:30:00-04:00",28.10840034484864,28.25,27.81999969482422,28.170000076293945,28.170000076293945,53344
"PSNL","Personalis, Inc. - Common Stock","2021-03-15 13:30:00-04:00",28.170000076293945,28.56999969482422,28.07999992370605,28.424999237060547,28.424999237060547,65821
"PSNL","Personalis, Inc. - Common Stock","2021-03-15 14:30:00-04:00",28.43000030517578,28.54990005493164,27.39999961853028,27.670000076293945,27.670000076293945,121399
"PSNL","Personalis, Inc. - Common Stock","2021-03-15 15:30:00-04:00",27.709999084472656,28.434999465942383,27.68000030517578,28.3799991607666,28.3799991607666,122444
"PSNL","Personalis, Inc. - Common Stock","2021-03-15 16:00:00-04:00",28.38,28.5,28.38,28.5,28.5,0
"PSNL","Personalis, Inc. - Common Stock","2021-03-15 17:00:00-04:00",27.7,27.7,27.7,27.7,27.7,0
"PSNL","Personalis, Inc. - Common Stock","2021-03-15 18:00:00-04:00",28.41,28.41,28.41,28.41,28.41,0
"PSNL","Personalis, Inc. - Common Stock","2021-03-15 19:00:00-04:00",28.41,28.41,28.41,28.41,28.41,0
"PSNL","Personalis, Inc. - Common Stock","2021-03-16 08:00:00-04:00",28.17,28.38,28.17,28.38,28.38,0
"PSNL","Personalis, Inc. - Common Stock","2021-03-16 09:30:00-04:00",29.489999771118164,29.90999984741211,28.0,28.979999542236328,28.979999542236328,292009
"PSNL","Personalis, Inc. - Common Stock","2021-03-16 10:30:00-04:00",28.96999931335449,29.100000381469727,28.43000030517578,28.950000762939453,28.950000762939453,124568
"PSNL","Personalis, Inc. - Common Stock","2021-03-16 11:30:00-04:00",28.950000762939453,29.269899368286133,27.850000381469727,27.950000762939453,27.950000762939453,104388
"PSNL","Personalis, Inc. - Common Stock","2021-03-16 12:30:00-04:00",27.96500015258789,28.40999984741211,27.920000076293945,28.020000457763672,28.020000457763672,57440
"PSNL","Personalis, Inc. - Common Stock","2021-03-16 13:30:00-04:00",28.040000915527344,28.21999931335449,27.21999931335449,27.520000457763672,27.520000457763672,76144
"PSNL","Personalis, Inc. - Common Stock","2021-03-16 14:30:00-04:00",27.43000030517578,27.979999542236328,26.96430015563965,27.76000022888184,27.76000022888184,101454
"PSNL","Personalis, Inc. - Common Stock","2021-03-16 15:30:00-04:00",27.850000381469727,28.053199768066406,27.670000076293945,27.940000534057617,27.940000534057617,152639
"PSNL","Personalis, Inc. - Common Stock","2021-03-16 16:00:00-04:00",27.9,27.9,27.9,27.9,27.9,0
"PSNL","Personalis, Inc. - Common Stock","2021-03-16 17:00:00-04:00",27.81,27.99,27.7,27.89,27.89,0
"PSNL","Personalis, Inc. - Common Stock","2021-03-17 07:00:00-04:00",26.76,26.76,26.76,26.76,26.76,0
"PSNL","Personalis, Inc. - Common Stock","2021-03-17 08:00:00-04:00",27.0,27.9,26.31,26.45,26.45,0
"PSNL","Personalis, Inc. - Common Stock","2021-03-17 09:00:00-04:00",26.45,26.5,26.3,26.3,26.3,0
"PSNL","Personalis, Inc. - Common Stock","2021-03-17 09:30:00-04:00",26.75,26.93000030517578,25.8799991607666,26.6200008392334,26.6200008392334,204570
"PSNL","Personalis, Inc. - Common Stock","2021-03-17 10:30:00-04:00",26.559999465942383,26.739999771118164,25.940000534057617,26.68000030517578,26.68000030517578,75396
"PSNL","Personalis, Inc. - Common Stock","2021-03-17 11:30:00-04:00",26.670000076293945,26.850000381469727,26.350000381469727,26.75,26.75,40545
"PSNL","Personalis, Inc. - Common Stock","2021-03-17 12:30:00-04:00",26.71999931335449,27.1200008392334,26.55010032653809,27.100000381469727,27.100000381469727,53713
"PSNL","Personalis, Inc. - Common Stock","2021-03-17 13:30:00-04:00",27.049999237060547,28.13999938964844,26.81999969482422,27.65999984741211,27.65999984741211,77669
"PSNL","Personalis, Inc. - Common Stock","2021-03-17 14:30:00-04:00",27.600000381469727,28.540000915527344,27.540000915527344,27.90999984741211,27.90999984741211,107586
"PSNL","Personalis, Inc. - Common Stock","2021-03-17 15:30:00-04:00",27.975000381469727,28.030000686645508,27.3799991607666,27.5,27.5,151784
"PSNL","Personalis, Inc. - Common Stock","2021-03-17 16:00:00-04:00",27.49,27.49,27.32,27.35,27.35,0
"PSNL","Personalis, Inc. - Common Stock","2021-03-17 17:00:00-04:00",27.49,27.49,27.49,27.49,27.49,0
"PSNL","Personalis, Inc. - Common Stock","2021-03-17 19:00:00-04:00",27.49,27.49,27.35,27.35,27.35,0
"PSNL","Personalis, Inc. - Common Stock","2021-03-18 04:00:00-04:00",28.1,28.1,28.1,28.1,28.1,0
"PSNL","Personalis, Inc. - Common Stock","2021-03-18 07:00:00-04:00",28.2,28.2,27.8,27.8,27.8,0
"PSNL","Personalis, Inc. - Common Stock","2021-03-18 08:00:00-04:00",27.49,27.49,27.3,27.3,27.3,0
"PSNL","Personalis, Inc. - Common Stock","2021-03-18 09:00:00-04:00",27.27,27.3,27.0,27.0,27.0,0
"PSNL","Personalis, Inc. - Common Stock","2021-03-18 09:30:00-04:00",26.66449928283692,26.739999771118164,25.51000022888184,25.959999084472656,25.959999084472656,126994
"PSNL","Personalis, Inc. - Common Stock","2021-03-18 10:30:00-04:00",25.96999931335449,26.200000762939453,25.76000022888184,25.959999084472656,25.959999084472656,53669
"PSNL","Personalis, Inc. - Common Stock","2021-03-18 11:30:00-04:00",25.88999938964844,26.0049991607666,25.61000061035156,25.773799896240234,25.773799896240234,62946
"PSNL","Personalis, Inc. - Common Stock","2021-03-18 12:30:00-04:00",25.770000457763672,25.834999084472656,25.25,25.71999931335449,25.71999931335449,52420
"PSNL","Personalis, Inc. - Common Stock","2021-03-18 13:30:00-04:00",25.76499938964844,25.82999992370605,25.100000381469727,25.11000061035156,25.11000061035156,40838
"PSNL","Personalis, Inc. - Common Stock","2021-03-18 14:30:00-04:00",25.11000061035156,25.209999084472656,24.65999984741211,24.82999992370605,24.82999992370605,110785
"PSNL","Personalis, Inc. - Common Stock","2021-03-18 15:30:00-04:00",24.8799991607666,24.89999961853028,24.459999084472656,24.59499931335449,24.59499931335449,154271
"PSNL","Personalis, Inc. - Common Stock","2021-03-18 16:00:00-04:00",24.6,25.0,24.6,25.0,25.0,0
"PSNL","Personalis, Inc. - Common Stock","2021-03-18 17:00:00-04:00",25.0,25.73,24.99,24.99,24.99,0
"PSNL","Personalis, Inc. - Common Stock","2021-03-18 18:00:00-04:00",25.59,25.59,24.99,24.99,24.99,0
"PSNL","Personalis, Inc. - Common Stock","2021-03-18 19:00:00-04:00",25.49,25.49,24.99,25.0,25.0,0
"PSNL","Personalis, Inc. - Common Stock","2021-03-19 08:00:00-04:00",25.8,25.8,25.8,25.8,25.8,0
"PSNL","Personalis, Inc. - Common Stock","2021-03-19 09:00:00-04:00",25.0,25.1,25.0,25.1,25.1,0
"PSNL","Personalis, Inc. - Common Stock","2021-03-19 09:30:00-04:00",25.11000061035156,25.46999931335449,24.27499961853028,24.90999984741211,24.90999984741211,260929
"PSNL","Personalis, Inc. - Common Stock","2021-03-19 10:30:00-04:00",24.89999961853028,25.44989967346192,24.530000686645508,25.170000076293945,25.170000076293945,145120
"PSNL","Personalis, Inc. - Common Stock","2021-03-19 11:30:00-04:00",25.11000061035156,25.68989944458008,25.07999992370605,25.43000030517578,25.43000030517578,58640
"PSNL","Personalis, Inc. - Common Stock","2021-03-19 12:30:00-04:00",25.489999771118164,25.81999969482422,25.239999771118164,25.3799991607666,25.3799991607666,52406
"PSNL","Personalis, Inc. - Common Stock","2021-03-19 13:30:00-04:00",25.39999961853028,25.440000534057617,24.940000534057617,25.18000030517578,25.18000030517578,79259
"PSNL","Personalis, Inc. - Common Stock","2021-03-19 14:30:00-04:00",25.1299991607666,25.269899368286133,24.76499938964844,24.959999084472656,24.959999084472656,98022
"PSNL","Personalis, Inc. - Common Stock","2021-03-19 15:30:00-04:00",24.98500061035156,25.270000457763672,24.934999465942383,25.020000457763672,25.020000457763672,228750
"PSNL","Personalis, Inc. - Common Stock","2021-03-19 16:00:00-04:00",25.01,25.01,24.62,25.009,25.009,0
"PSNL","Personalis, Inc. - Common Stock","2021-03-19 18:00:00-04:00",25.01,25.01,25.01,25.01,25.01,0
"PSNL","Personalis, Inc. - Common Stock","2021-03-19 19:00:00-04:00",25.01,25.01,25.01,25.01,25.01,0
"PSNL","Personalis, Inc. - Common Stock","2021-03-22 07:00:00-04:00",25.0,25.0,25.0,25.0,25.0,0
"PSNL","Personalis, Inc. - Common Stock","2021-03-22 08:00:00-04:00",25.0,25.0,25.0,25.0,25.0,0
"PSNL","Personalis, Inc. - Common Stock","2021-03-22 09:00:00-04:00",25.0,25.01,24.98,24.98,24.98,0
"PSNL","Personalis, Inc. - Common Stock","2021-03-22 09:30:00-04:00",24.68000030517578,25.70499992370605,24.31999969482422,24.770000457763672,24.770000457763672,102232
"PSNL","Personalis, Inc. - Common Stock","2021-03-22 10:30:00-04:00",24.790000915527344,25.40999984741211,24.440000534057617,25.299999237060547,25.299999237060547,70862
"PSNL","Personalis, Inc. - Common Stock","2021-03-22 11:30:00-04:00",25.34000015258789,25.940000534057617,25.14999961853028,25.700000762939453,25.700000762939453,183181
"PSNL","Personalis, Inc. - Common Stock","2021-03-22 12:30:00-04:00",25.709999084472656,26.170000076293945,25.670000076293945,25.88999938964844,25.88999938964844,100048
"PSNL","Personalis, Inc. - Common Stock","2021-03-22 13:30:00-04:00",25.88999938964844,26.46999931335449,25.880599975585938,26.3799991607666,26.3799991607666,70064
"PSNL","Personalis, Inc. - Common Stock","2021-03-22 14:30:00-04:00",26.4375,26.46500015258789,26.049999237060547,26.049999237060547,26.049999237060547,90957
"PSNL","Personalis, Inc. - Common Stock","2021-03-22 15:30:00-04:00",26.1299991607666,26.21999931335449,25.604999542236328,25.690000534057617,25.690000534057617,172637
"PSNL","Personalis, Inc. - Common Stock","2021-03-22 16:00:00-04:00",25.69,26.69,25.69,26.69,26.69,0
"PSNL","Personalis, Inc. - Common Stock","2021-03-22 17:00:00-04:00",25.69,26.58,25.69,25.69,25.69,0
"PSNL","Personalis, Inc. - Common Stock","2021-03-22 19:00:00-04:00",25.0,25.69,25.0,25.69,25.69,0
"PSNL","Personalis, Inc. - Common Stock","2021-03-23 08:00:00-04:00",25.0,25.0,25.0,25.0,25.0,0
"PSNL","Personalis, Inc. - Common Stock","2021-03-23 09:00:00-04:00",25.69,25.7,25.69,25.7,25.7,0
"PSNL","Personalis, Inc. - Common Stock","2021-03-23 09:30:00-04:00",25.190000534057617,25.239999771118164,24.01000022888184,24.350000381469727,24.350000381469727,191151
"PSNL","Personalis, Inc. - Common Stock","2021-03-23 10:30:00-04:00",24.309999465942383,24.558500289916992,23.82999992370605,24.34499931335449,24.34499931335449,62843
"PSNL","Personalis, Inc. - Common Stock","2021-03-23 11:30:00-04:00",24.3700008392334,24.780000686645508,24.225000381469727,24.59000015258789,24.59000015258789,76412
"PSNL","Personalis, Inc. - Common Stock","2021-03-23 12:30:00-04:00",24.729999542236328,24.8700008392334,24.39999961853028,24.420000076293945,24.420000076293945,53977
"PSNL","Personalis, Inc. - Common Stock","2021-03-23 13:30:00-04:00",24.39999961853028,24.40999984741211,23.959999084472656,24.059999465942383,24.059999465942383,77274
"PSNL","Personalis, Inc. - Common Stock","2021-03-23 14:30:00-04:00",24.05179977416992,24.05179977416992,23.420000076293945,23.729900360107425,23.729900360107425,119569
"PSNL","Personalis, Inc. - Common Stock","2021-03-23 15:30:00-04:00",23.729900360107425,24.06999969482422,23.3700008392334,23.989999771118164,23.989999771118164,159379
"PSNL","Personalis, Inc. - Common Stock","2021-03-23 16:00:00-04:00",23.98,23.98,23.82,23.98,23.98,0
"PSNL","Personalis, Inc. - Common Stock","2021-03-23 17:00:00-04:00",23.98,23.98,23.8,23.8,23.8,0
"PSNL","Personalis, Inc. - Common Stock","2021-03-23 18:00:00-04:00",23.5,23.65,23.5,23.51,23.51,0
"PSNL","Personalis, Inc. - Common Stock","2021-03-24 08:00:00-04:00",24.25,24.25,23.98,23.98,23.98,0
"PSNL","Personalis, Inc. - Common Stock","2021-03-24 09:00:00-04:00",23.8,23.8,23.8,23.8,23.8,0
"PSNL","Personalis, Inc. - Common Stock","2021-03-24 09:30:00-04:00",24.239999771118164,24.239999771118164,22.729999542236328,23.09000015258789,23.09000015258789,187299
"PSNL","Personalis, Inc. - Common Stock","2021-03-24 10:30:00-04:00",23.200000762939453,23.34000015258789,22.76000022888184,23.07999992370605,23.07999992370605,119914
"PSNL","Personalis, Inc. - Common Stock","2021-03-24 11:30:00-04:00",23.09000015258789,23.100000381469727,22.56999969482422,22.809999465942383,22.809999465942383,64442
"PSNL","Personalis, Inc. - Common Stock","2021-03-24 12:30:00-04:00",22.76000022888184,22.799999237060547,22.049999237060547,22.520000457763672,22.520000457763672,104129
"PSNL","Personalis, Inc. - Common Stock","2021-03-24 13:30:00-04:00",22.540000915527344,22.63999938964844,22.1200008392334,22.272899627685547,22.272899627685547,72924
"PSNL","Personalis, Inc. - Common Stock","2021-03-24 14:30:00-04:00",22.190000534057617,22.270000457763672,21.8799991607666,21.934999465942383,21.934999465942383,100141
"PSNL","Personalis, Inc. - Common Stock","2021-03-24 15:30:00-04:00",21.90999984741211,22.09000015258789,21.76000022888184,21.940000534057617,21.940000534057617,178871
"PSNL","Personalis, Inc. - Common Stock","2021-03-24 16:00:00-04:00",21.94,22.1,21.94,22.1,22.1,0
"PSNL","Personalis, Inc. - Common Stock","2021-03-24 17:00:00-04:00",22.0,22.0,21.5,21.51,21.51,0
"PSNL","Personalis, Inc. - Common Stock","2021-03-25 08:00:00-04:00",22.82,22.82,21.0,21.0,21.0,0
"PSNL","Personalis, Inc. - Common Stock","2021-03-25 09:00:00-04:00",21.5,21.55,21.0,21.05,21.05,0
"PSNL","Personalis, Inc. - Common Stock","2021-03-25 09:30:00-04:00",20.51000022888184,22.100000381469727,20.38999938964844,21.049999237060547,21.049999237060547,444585
"PSNL","Personalis, Inc. - Common Stock","2021-03-25 10:30:00-04:00",21.049999237060547,21.309999465942383,20.299999237060547,21.290000915527344,21.290000915527344,245415
"PSNL","Personalis, Inc. - Common Stock","2021-03-25 11:30:00-04:00",21.31999969482422,22.26000022888184,21.229999542236328,22.26000022888184,22.26000022888184,104508
"PSNL","Personalis, Inc. - Common Stock","2021-03-25 12:30:00-04:00",22.14999961853028,22.174999237060547,21.600000381469727,21.790000915527344,21.790000915527344,86014
"PSNL","Personalis, Inc. - Common Stock","2021-03-25 13:30:00-04:00",21.780000686645508,21.90999984741211,21.38999938964844,21.420000076293945,21.420000076293945,64541
"PSNL","Personalis, Inc. - Common Stock","2021-03-25 14:30:00-04:00",21.38999938964844,22.34000015258789,21.3700008392334,22.23500061035156,22.23500061035156,118712
"PSNL","Personalis, Inc. - Common Stock","2021-03-25 15:30:00-04:00",22.280000686645508,22.38999938964844,22.059999465942383,22.32999992370605,22.32999992370605,136763
"PSNL","Personalis, Inc. - Common Stock","2021-03-25 16:00:00-04:00",22.29,22.8,22.29,22.29,22.29,0
"PSNL","Personalis, Inc. - Common Stock","2021-03-25 17:00:00-04:00",22.5,22.5,22.0,22.5,22.5,0
"PSNL","Personalis, Inc. - Common Stock","2021-03-25 19:00:00-04:00",22.5,22.5,22.5,22.5,22.5,0
"PSNL","Personalis, Inc. - Common Stock","2021-03-26 07:00:00-04:00",22.82,22.82,22.82,22.82,22.82,0
"PSNL","Personalis, Inc. - Common Stock","2021-03-26 08:00:00-04:00",22.29,22.29,22.29,22.29,22.29,0
"PSNL","Personalis, Inc. - Common Stock","2021-03-26 09:00:00-04:00",22.49,22.5,22.29,22.5,22.5,0
"PSNL","Personalis, Inc. - Common Stock","2021-03-26 09:30:00-04:00",22.489999771118164,23.43000030517578,22.280000686645508,22.43000030517578,22.43000030517578,245717
"PSNL","Personalis, Inc. - Common Stock","2021-03-26 10:30:00-04:00",22.51000022888184,22.690000534057617,21.71999931335449,21.780000686645508,21.780000686645508,71314
"PSNL","Personalis, Inc. - Common Stock","2021-03-26 11:30:00-04:00",21.82999992370605,22.13999938964844,21.68000030517578,21.97249984741211,21.97249984741211,55303
"PSNL","Personalis, Inc. - Common Stock","2021-03-26 12:30:00-04:00",22.0049991607666,22.1299991607666,21.690000534057617,21.93000030517578,21.93000030517578,51582
"PSNL","Personalis, Inc. - Common Stock","2021-03-26 13:30:00-04:00",21.88999938964844,21.89999961853028,20.940000534057617,21.21500015258789,21.21500015258789,82359
"PSNL","Personalis, Inc. - Common Stock","2021-03-26 14:30:00-04:00",21.18000030517578,21.63999938964844,20.924999237060547,21.549999237060547,21.549999237060547,90740
"PSNL","Personalis, Inc. - Common Stock","2021-03-26 15:30:00-04:00",21.6200008392334,22.13999938964844,21.530000686645508,22.030000686645508,22.030000686645508,141774
"PSNL","Personalis, Inc. - Common Stock","2021-03-26 16:00:00-04:00",22.09,22.22,21.89,22.1001,22.1001,0
"PSNL","Personalis, Inc. - Common Stock","2021-03-26 17:00:00-04:00",23.15,23.15,23.15,23.15,23.15,0
"PSNL","Personalis, Inc. - Common Stock","2021-03-26 19:00:00-04:00",22.0,22.0,22.0,22.0,22.0,0
"PSNL","Personalis, Inc. - Common Stock","2021-03-29 07:00:00-04:00",22.0,22.0,22.0,22.0,22.0,0
"PSNL","Personalis, Inc. - Common Stock","2021-03-29 08:00:00-04:00",22.09,22.1,21.9,21.9,21.9,0
"PSNL","Personalis, Inc. - Common Stock","2021-03-29 09:30:00-04:00",21.850000381469727,21.8799991607666,20.350000381469727,20.780000686645508,20.780000686645508,185475
"PSNL","Personalis, Inc. - Common Stock","2021-03-29 10:30:00-04:00",20.600000381469727,20.86000061035156,20.126399993896484,20.239999771118164,20.239999771118164,107255
"PSNL","Personalis, Inc. - Common Stock","2021-03-29 11:30:00-04:00",20.25,20.90999984741211,20.18000030517578,20.90999984741211,20.90999984741211,81148
"PSNL","Personalis, Inc. - Common Stock","2021-03-29 12:30:00-04:00",20.93000030517578,21.31999969482422,20.75,21.02499961853028,21.02499961853028,64736
"PSNL","Personalis, Inc. - Common Stock","2021-03-29 13:30:00-04:00",21.049999237060547,21.2450008392334,20.989999771118164,21.100000381469727,21.100000381469727,48848
"PSNL","Personalis, Inc. - Common Stock","2021-03-29 14:30:00-04:00",21.049999237060547,21.100000381469727,20.729999542236328,20.84000015258789,20.84000015258789,111656
"PSNL","Personalis, Inc. - Common Stock","2021-03-29 15:30:00-04:00",20.8700008392334,20.8700008392334,20.6200008392334,20.700000762939453,20.700000762939453,104944
"PSNL","Personalis, Inc. - Common Stock","2021-03-29 16:00:00-04:00",20.71,21.69,20.71,21.0,21.0,0
"PSNL","Personalis, Inc. - Common Stock","2021-03-29 17:00:00-04:00",22.09,22.09,21.5,21.5,21.5,0
"PSNL","Personalis, Inc. - Common Stock","2021-03-29 18:00:00-04:00",21.0,21.0,20.5,20.5,20.5,0
"PSNL","Personalis, Inc. - Common Stock","2021-03-30 04:00:00-04:00",21.93,21.93,21.93,21.93,21.93,0
"PSNL","Personalis, Inc. - Common Stock","2021-03-30 05:00:00-04:00",21.93,21.93,21.93,21.93,21.93,0
"PSNL","Personalis, Inc. - Common Stock","2021-03-30 06:00:00-04:00",21.18,21.18,21.18,21.18,21.18,0
"PSNL","Personalis, Inc. - Common Stock","2021-03-30 08:00:00-04:00",21.48,21.48,20.0,20.71,20.71,0
"PSNL","Personalis, Inc. - Common Stock","2021-03-30 09:30:00-04:00",20.770000457763672,21.82990074157715,20.520000457763672,21.64999961853028,21.64999961853028,278665
"PSNL","Personalis, Inc. - Common Stock","2021-03-30 10:30:00-04:00",21.600000381469727,22.89999961853028,21.51000022888184,22.450000762939453,22.450000762939453,219656
"PSNL","Personalis, Inc. - Common Stock","2021-03-30 11:30:00-04:00",22.459999084472656,22.82999992370605,22.31999969482422,22.599899291992188,22.599899291992188,90082
"PSNL","Personalis, Inc. - Common Stock","2021-03-30 12:30:00-04:00",22.58989906311035,22.93000030517578,22.479999542236328,22.84000015258789,22.84000015258789,89403
"PSNL","Personalis, Inc. - Common Stock","2021-03-30 13:30:00-04:00",22.84000015258789,23.040000915527344,22.6200008392334,22.81999969482422,22.81999969482422,126020
"PSNL","Personalis, Inc. - Common Stock","2021-03-30 14:30:00-04:00",22.815000534057617,23.25,22.809999465942383,23.030000686645508,23.030000686645508,95334
"PSNL","Personalis, Inc. - Common Stock","2021-03-30 15:30:00-04:00",23.030000686645508,23.13999938964844,22.729999542236328,22.81999969482422,22.81999969482422,179906
"PSNL","Personalis, Inc. - Common Stock","2021-03-30 16:00:00-04:00",22.81,23.0,22.74,23.0,23.0,0
"PSNL","Personalis, Inc. - Common Stock","2021-03-30 17:00:00-04:00",23.0,23.0,23.0,23.0,23.0,0
"PSNL","Personalis, Inc. - Common Stock","2021-03-31 19:00:00-04:00",24.5,24.5,24.5,24.5,24.5,0
"PSNL","Personalis, Inc. - Common Stock","2021-04-01 07:00:00-04:00",24.48,25.0,24.48,25.0,25.0,0
"PSNL","Personalis, Inc. - Common Stock","2021-04-01 08:00:00-04:00",25.1,25.1,25.0,25.0,25.0,0
"PSNL","Personalis, Inc. - Common Stock","2021-04-01 09:00:00-04:00",25.0,25.11,25.0,25.0,25.0,0
"PSNL","Personalis, Inc. - Common Stock","2021-04-01 09:30:00-04:00",25.40999984741211,26.45499992370605,24.700000762939453,26.295000076293945,26.295000076293945,285052
"PSNL","Personalis, Inc. - Common Stock","2021-04-01 10:30:00-04:00",26.295000076293945,26.299999237060547,25.084999084472656,25.6200008392334,25.6200008392334,173629
"PSNL","Personalis, Inc. - Common Stock","2021-04-01 11:30:00-04:00",25.530000686645508,25.600000381469727,24.89999961853028,25.31859970092773,25.31859970092773,142504
"PSNL","Personalis, Inc. - Common Stock","2021-04-01 12:30:00-04:00",25.350000381469727,25.549999237060547,24.979999542236328,25.13999938964844,25.13999938964844,130847
"PSNL","Personalis, Inc. - Common Stock","2021-04-01 13:30:00-04:00",25.100000381469727,25.270000457763672,24.559999465942383,25.01000022888184,25.01000022888184,90789
"PSNL","Personalis, Inc. - Common Stock","2021-04-01 14:30:00-04:00",24.89999961853028,25.020000457763672,24.030000686645508,24.27499961853028,24.27499961853028,146572
"PSNL","Personalis, Inc. - Common Stock","2021-04-01 15:30:00-04:00",24.27499961853028,24.40999984741211,24.040000915527344,24.170000076293945,24.170000076293945,174239
"PSNL","Personalis, Inc. - Common Stock","2021-04-01 16:00:00-04:00",24.13,24.48,24.13,24.48,24.48,0
"PSNL","Personalis, Inc. - Common Stock","2021-04-01 17:00:00-04:00",24.49,24.99,24.49,24.99,24.99,0
"PSNL","Personalis, Inc. - Common Stock","2021-04-05 07:00:00-04:00",24.27,24.27,24.27,24.27,24.27,0
"PSNL","Personalis, Inc. - Common Stock","2021-04-05 08:00:00-04:00",24.8,24.98,24.8,24.98,24.98,0
"PSNL","Personalis, Inc. - Common Stock","2021-04-05 09:00:00-04:00",24.6,26.1904,24.6,26.0,26.0,0
"PSNL","Personalis, Inc. - Common Stock","2021-04-05 09:30:00-04:00",25.229999542236328,25.709999084472656,24.455400466918945,25.46999931335449,25.46999931335449,315447
"PSNL","Personalis, Inc. - Common Stock","2021-04-05 10:30:00-04:00",25.3700008392334,25.549999237060547,24.950000762939453,25.11000061035156,25.11000061035156,128150
"PSNL","Personalis, Inc. - Common Stock","2021-04-05 11:30:00-04:00",25.100000381469727,25.190000534057617,24.700000762939453,24.809999465942383,24.809999465942383,74182
"PSNL","Personalis, Inc. - Common Stock","2021-04-05 12:30:00-04:00",24.850000381469727,25.18000030517578,24.690000534057617,25.0,25.0,54573
"PSNL","Personalis, Inc. - Common Stock","2021-04-05 13:30:00-04:00",25.020000457763672,25.1200008392334,24.709999084472656,25.030000686645508,25.030000686645508,59773
"PSNL","Personalis, Inc. - Common Stock","2021-04-05 14:30:00-04:00",25.030000686645508,25.07999992370605,24.88999938964844,24.93000030517578,24.93000030517578,45269
"PSNL","Personalis, Inc. - Common Stock","2021-04-05 15:30:00-04:00",24.90999984741211,24.950000762939453,24.59000015258789,24.709999084472656,24.709999084472656,120206
"PSNL","Personalis, Inc. - Common Stock","2021-04-05 16:00:00-04:00",24.71,24.73,24.71,24.73,24.73,0
"PSNL","Personalis, Inc. - Common Stock","2021-04-05 17:00:00-04:00",24.7,24.7,24.7,24.7,24.7,0
"PSNL","Personalis, Inc. - Common Stock","2021-04-05 18:00:00-04:00",24.3,24.7,24.3,24.7,24.7,0
"PSNL","Personalis, Inc. - Common Stock","2021-04-06 08:00:00-04:00",24.71,24.71,24.71,24.71,24.71,0
"PSNL","Personalis, Inc. - Common Stock","2021-04-06 09:00:00-04:00",24.71,24.71,24.7,24.7,24.7,0
"PSNL","Personalis, Inc. - Common Stock","2021-04-06 09:30:00-04:00",24.51000022888184,25.229999542236328,24.200000762939453,24.799999237060547,24.799999237060547,130817
"PSNL","Personalis, Inc. - Common Stock","2021-04-06 10:30:00-04:00",24.75,25.299999237060547,24.674999237060547,25.170000076293945,25.170000076293945,99767
"PSNL","Personalis, Inc. - Common Stock","2021-04-06 11:30:00-04:00",25.170000076293945,25.450000762939453,25.09000015258789,25.209999084472656,25.209999084472656,55685
"PSNL","Personalis, Inc. - Common Stock","2021-04-06 12:30:00-04:00",25.07999992370605,25.440000534057617,24.84000015258789,25.07999992370605,25.07999992370605,77342
"PSNL","Personalis, Inc. - Common Stock","2021-04-06 13:30:00-04:00",25.040000915527344,25.600000381469727,25.040000915527344,25.530000686645508,25.530000686645508,58334
"PSNL","Personalis, Inc. - Common Stock","2021-04-06 14:30:00-04:00",25.530000686645508,25.6200008392334,25.049999237060547,25.07999992370605,25.07999992370605,72979
"PSNL","Personalis, Inc. - Common Stock","2021-04-06 15:30:00-04:00",25.045000076293945,25.190000534057617,24.6200008392334,24.790000915527344,24.790000915527344,109314
"PSNL","Personalis, Inc. - Common Stock","2021-04-06 16:00:00-04:00",24.79,24.79,24.79,24.79,24.79,0
"PSNL","Personalis, Inc. - Common Stock","2021-04-07 08:00:00-04:00",24.79,24.79,24.79,24.79,24.79,0
"PSNL","Personalis, Inc. - Common Stock","2021-04-07 09:00:00-04:00",24.1101,24.1101,24.1101,24.1101,24.1101,0
"PSNL","Personalis, Inc. - Common Stock","2021-04-07 09:30:00-04:00",24.71999931335449,24.850000381469727,23.850000381469727,23.979999542236328,23.979999542236328,173458
"PSNL","Personalis, Inc. - Common Stock","2021-04-07 10:30:00-04:00",23.950000762939453,23.950000762939453,22.88999938964844,23.07390022277832,23.07390022277832,198614
"PSNL","Personalis, Inc. - Common Stock","2021-04-07 11:30:00-04:00",22.979999542236328,23.290000915527344,22.729999542236328,22.950000762939453,22.950000762939453,124592
"PSNL","Personalis, Inc. - Common Stock","2021-04-07 12:30:00-04:00",22.950000762939453,23.21999931335449,22.834999084472656,22.88999938964844,22.88999938964844,73269
"PSNL","Personalis, Inc. - Common Stock","2021-04-07 13:30:00-04:00",22.86000061035156,22.920000076293945,22.530000686645508,22.8700008392334,22.8700008392334,70575
"PSNL","Personalis, Inc. - Common Stock","2021-04-07 14:30:00-04:00",22.770000457763672,22.77009963989257,22.559999465942383,22.63999938964844,22.63999938964844,42140
"PSNL","Personalis, Inc. - Common Stock","2021-04-07 15:30:00-04:00",22.6299991607666,22.86000061035156,22.350000381469727,22.86000061035156,22.86000061035156,112805
"PSNL","Personalis, Inc. - Common Stock","2021-04-07 16:00:00-04:00",22.86,23.48,22.75,22.86,22.86,0
"PSNL","Personalis, Inc. - Common Stock","2021-04-07 17:00:00-04:00",23.19,23.19,23.19,23.19,23.19,0
"PSNL","Personalis, Inc. - Common Stock","2021-04-08 07:00:00-04:00",23.19,23.19,23.19,23.19,23.19,0
"PSNL","Personalis, Inc. - Common Stock","2021-04-08 08:00:00-04:00",23.0,23.0,23.0,23.0,23.0,0
"PSNL","Personalis, Inc. - Common Stock","2021-04-08 09:00:00-04:00",23.0,23.01,22.86,23.0,23.0,0
"PSNL","Personalis, Inc. - Common Stock","2021-04-08 09:30:00-04:00",23.09000015258789,23.26000022888184,22.53249931335449,22.815000534057617,22.815000534057617,133496
"PSNL","Personalis, Inc. - Common Stock","2021-04-08 10:30:00-04:00",22.780000686645508,23.200000762939453,22.709999084472656,22.799999237060547,22.799999237060547,99045
"PSNL","Personalis, Inc. - Common Stock","2021-04-08 11:30:00-04:00",22.8700008392334,23.03019905090332,22.760900497436523,22.959999084472656,22.959999084472656,38253
"PSNL","Personalis, Inc. - Common Stock","2021-04-08 12:30:00-04:00",22.979999542236328,23.030000686645508,22.81999969482422,22.95499992370605,22.95499992370605,42210
"PSNL","Personalis, Inc. - Common Stock","2021-04-08 13:30:00-04:00",22.940000534057617,23.0,22.56999969482422,22.90999984741211,22.90999984741211,78931
"PSNL","Personalis, Inc. - Common Stock","2021-04-08 14:30:00-04:00",22.89999961853028,22.959999084472656,22.80500030517578,22.93000030517578,22.93000030517578,40320
"PSNL","Personalis, Inc. - Common Stock","2021-04-08 15:30:00-04:00",22.950000762939453,23.14999961853028,22.8700008392334,23.11000061035156,23.11000061035156,104347
"PSNL","Personalis, Inc. - Common Stock","2021-04-08 16:00:00-04:00",23.14,23.24,23.14,23.24,23.24,0
"PSNL","Personalis, Inc. - Common Stock","2021-04-08 18:00:00-04:00",23.28,23.28,23.28,23.28,23.28,0
"PSNL","Personalis, Inc. - Common Stock","2021-04-09 09:30:00-04:00",23.0,23.09000015258789,22.18000030517578,22.770000457763672,22.770000457763672,114483
"PSNL","Personalis, Inc. - Common Stock","2021-04-09 10:30:00-04:00",22.81999969482422,22.96839904785156,22.614999771118164,22.770000457763672,22.770000457763672,45943
"PSNL","Personalis, Inc. - Common Stock","2021-04-09 11:30:00-04:00",22.76000022888184,22.940000534057617,22.6200008392334,22.69499969482422,22.69499969482422,30700
"PSNL","Personalis, Inc. - Common Stock","2021-04-09 12:30:00-04:00",22.71999931335449,22.825000762939453,22.520000457763672,22.700000762939453,22.700000762939453,54919
"PSNL","Personalis, Inc. - Common Stock","2021-04-09 13:30:00-04:00",22.739999771118164,22.95499992370605,22.670000076293945,22.770000457763672,22.770000457763672,35124
"PSNL","Personalis, Inc. - Common Stock","2021-04-09 14:30:00-04:00",22.729999542236328,22.799999237060547,22.36000061035156,22.59000015258789,22.59000015258789,59899
"PSNL","Personalis, Inc. - Common Stock","2021-04-09 15:30:00-04:00",22.59000015258789,23.09000015258789,22.59000015258789,23.059999465942383,23.059999465942383,85470
"PSNL","Personalis, Inc. - Common Stock","2021-04-09 16:00:00-04:00",23.02,23.27,23.02,23.04,23.04,0
"PSNL","Personalis, Inc. - Common Stock","2021-04-09 17:00:00-04:00",23.04,23.04,23.04,23.04,23.04,0
"PSNL","Personalis, Inc. - Common Stock","2021-04-09 18:00:00-04:00",22.59,22.59,22.59,22.59,22.59,0
"PSNL","Personalis, Inc. - Common Stock","2021-04-12 08:00:00-04:00",22.995,23.25,22.995,23.25,23.25,0
"PSNL","Personalis, Inc. - Common Stock","2021-04-12 09:30:00-04:00",22.89999961853028,22.89999961853028,21.600000381469727,21.84000015258789,21.84000015258789,119775
"PSNL","Personalis, Inc. - Common Stock","2021-04-12 10:30:00-04:00",21.84000015258789,22.190000534057617,21.540000915527344,22.06999969482422,22.06999969482422,77749
"PSNL","Personalis, Inc. - Common Stock","2021-04-12 11:30:00-04:00",22.02449989318848,22.190000534057617,21.979999542236328,22.15999984741211,22.15999984741211,21570
"PSNL","Personalis, Inc. - Common Stock","2021-04-12 12:30:00-04:00",22.229999542236328,22.309999465942383,22.030000686645508,22.11000061035156,22.11000061035156,34593
"PSNL","Personalis, Inc. - Common Stock","2021-04-12 13:30:00-04:00",22.114999771118164,22.14999961853028,21.950000762939453,22.030000686645508,22.030000686645508,36539
"PSNL","Personalis, Inc. - Common Stock","2021-04-12 14:30:00-04:00",22.020000457763672,22.3799991607666,21.950000762939453,22.36000061035156,22.36000061035156,51388
"PSNL","Personalis, Inc. - Common Stock","2021-04-12 15:30:00-04:00",22.299999237060547,22.540000915527344,22.200000762939453,22.25,22.25,85902
"PSNL","Personalis, Inc. - Common Stock","2021-04-12 16:00:00-04:00",22.24,22.24,22.1,22.24,22.24,0
"PSNL","Personalis, Inc. - Common Stock","2021-04-12 17:00:00-04:00",22.24,22.3,21.55,21.55,21.55,0
"PSNL","Personalis, Inc. - Common Stock","2021-04-12 18:00:00-04:00",22.68,22.68,22.68,22.68,22.68,0
"PSNL","Personalis, Inc. - Common Stock","2021-04-13 07:00:00-04:00",21.9,21.9,21.9,21.9,21.9,0
"PSNL","Personalis, Inc. - Common Stock","2021-04-13 08:00:00-04:00",22.24,22.24,22.24,22.24,22.24,0
"PSNL","Personalis, Inc. - Common Stock","2021-04-13 09:00:00-04:00",22.21,22.21,22.21,22.21,22.21,0
"PSNL","Personalis, Inc. - Common Stock","2021-04-13 09:30:00-04:00",22.36000061035156,23.020000457763672,22.18000030517578,22.59000015258789,22.59000015258789,284894
"PSNL","Personalis, Inc. - Common Stock","2021-04-13 10:30:00-04:00",22.57999992370605,22.96999931335449,22.0,22.13500022888184,22.13500022888184,99547
"PSNL","Personalis, Inc. - Common Stock","2021-04-13 11:30:00-04:00",22.1299991607666,22.15999984741211,21.799999237060547,22.0,22.0,74147
"PSNL","Personalis, Inc. - Common Stock","2021-04-13 12:30:00-04:00",22.045000076293945,22.549999237060547,22.0,22.5,22.5,44261
"PSNL","Personalis, Inc. - Common Stock","2021-04-13 13:30:00-04:00",22.520000457763672,22.690000534057617,22.43000030517578,22.65999984741211,22.65999984741211,28435
"PSNL","Personalis, Inc. - Common Stock","2021-04-13 14:30:00-04:00",22.670000076293945,23.05190086364746,22.65999984741211,22.96999931335449,22.96999931335449,72311
"PSNL","Personalis, Inc. - Common Stock","2021-04-13 15:30:00-04:00",22.96500015258789,23.51000022888184,22.93000030517578,23.38999938964844,23.38999938964844,203831
"PSNL","Personalis, Inc. - Common Stock","2021-04-13 16:00:00-04:00",23.4,23.4,23.01,23.02,23.02,0
"PSNL","Personalis, Inc. - Common Stock","2021-04-13 17:00:00-04:00",23.3,23.42,23.3,23.42,23.42,0
"PSNL","Personalis, Inc. - Common Stock","2021-04-13 18:00:00-04:00",23.42,23.42,23.34,23.34,23.34,0
"PSNL","Personalis, Inc. - Common Stock","2021-04-13 19:00:00-04:00",23.58,23.58,23.58,23.58,23.58,0
"PSNL","Personalis, Inc. - Common Stock","2021-04-14 08:00:00-04:00",23.4,23.4,23.4,23.4,23.4,0
"PSNL","Personalis, Inc. - Common Stock","2021-04-14 09:00:00-04:00",23.37,23.4,23.37,23.4,23.4,0
"PSNL","Personalis, Inc. - Common Stock","2021-04-14 09:30:00-04:00",23.489999771118164,24.405000686645508,23.39999961853028,24.030000686645508,24.030000686645508,166015
"PSNL","Personalis, Inc. - Common Stock","2021-04-14 10:30:00-04:00",24.0,24.459999084472656,23.690000534057617,23.71999931335449,23.71999931335449,100406
"PSNL","Personalis, Inc. - Common Stock","2021-04-14 11:30:00-04:00",23.71999931335449,23.909900665283203,23.40010070800781,23.40010070800781,23.40010070800781,44073
"PSNL","Personalis, Inc. - Common Stock","2021-04-14 12:30:00-04:00",23.5,23.64999961853028,23.38999938964844,23.440000534057617,23.440000534057617,25114
"PSNL","Personalis, Inc. - Common Stock","2021-04-14 13:30:00-04:00",23.44499969482422,23.479999542236328,22.940000534057617,23.405000686645508,23.405000686645508,47398
"PSNL","Personalis, Inc. - Common Stock","2021-04-14 14:30:00-04:00",23.440000534057617,23.459999084472656,22.739999771118164,23.14999961853028,23.14999961853028,77457
"PSNL","Personalis, Inc. - Common Stock","2021-04-14 15:30:00-04:00",23.170000076293945,23.170000076293945,22.90999984741211,23.09000015258789,23.09000015258789,83477
"PSNL","Personalis, Inc. - Common Stock","2021-04-14 16:00:00-04:00",23.09,23.09,23.09,23.09,23.09,33094
"PSNL","Personalis, Inc. - Common Stock","2021-04-14 17:00:00-04:00",24.0525,24.0525,24.0525,24.0525,24.0525,0
"PSNL","Personalis, Inc. - Common Stock","2021-04-14 19:00:00-04:00",23.0,23.0,23.0,23.0,23.0,0
"PSNL","Personalis, Inc. - Common Stock","2021-04-15 08:00:00-04:00",23.09,23.09,23.09,23.09,23.09,0
"PSNL","Personalis, Inc. - Common Stock","2021-04-15 09:00:00-04:00",23.0,23.11,22.89,23.09,23.09,0
"PSNL","Personalis, Inc. - Common Stock","2021-04-15 09:30:00-04:00",23.64999961853028,24.190000534057617,23.1299991607666,23.89999961853028,23.89999961853028,148622
"PSNL","Personalis, Inc. - Common Stock","2021-04-15 10:30:00-04:00",24.030000686645508,24.38999938964844,23.68000030517578,23.8700008392334,23.8700008392334,81569
"PSNL","Personalis, Inc. - Common Stock","2021-04-15 11:30:00-04:00",23.8700008392334,24.209999084472656,23.43000030517578,23.5,23.5,77236
"PSNL","Personalis, Inc. - Common Stock","2021-04-15 12:30:00-04:00",23.5,23.5,23.100000381469727,23.25329971313477,23.25329971313477,41539
"PSNL","Personalis, Inc. - Common Stock","2021-04-15 13:30:00-04:00",23.32999992370605,23.63999938964844,23.32999992370605,23.59000015258789,23.59000015258789,26916
"PSNL","Personalis, Inc. - Common Stock","2021-04-15 14:30:00-04:00",23.59000015258789,23.700000762939453,23.21999931335449,23.26000022888184,23.26000022888184,59554
"PSNL","Personalis, Inc. - Common Stock","2021-04-15 15:30:00-04:00",23.28380012512207,23.479999542236328,23.280000686645508,23.3799991607666,23.3799991607666,70421
"PSNL","Personalis, Inc. - Common Stock","2021-04-15 16:00:00-04:00",23.38,23.38,23.38,23.38,23.38,24405
"PSNL","Personalis, Inc. - Common Stock","2021-04-16 08:00:00-04:00",23.8,23.8,23.8,23.8,23.8,0
"PSNL","Personalis, Inc. - Common Stock","2021-04-16 09:00:00-04:00",23.55,23.55,23.55,23.55,23.55,0
"PSNL","Personalis, Inc. - Common Stock","2021-04-16 09:30:00-04:00",23.5,23.5,21.75,22.31999969482422,22.31999969482422,204611
"PSNL","Personalis, Inc. - Common Stock","2021-04-16 10:30:00-04:00",22.31999969482422,22.57999992370605,22.145000457763672,22.280000686645508,22.280000686645508,50490
"PSNL","Personalis, Inc. - Common Stock","2021-04-16 11:30:00-04:00",22.270000457763672,22.309999465942383,21.989999771118164,22.190000534057617,22.190000534057617,54638
"PSNL","Personalis, Inc. - Common Stock","2021-04-16 12:30:00-04:00",22.200000762939453,22.280000686645508,21.95499992370605,22.10700035095215,22.10700035095215,39863
"PSNL","Personalis, Inc. - Common Stock","2021-04-16 13:30:00-04:00",22.14999961853028,22.239999771118164,22.0049991607666,22.239999771118164,22.239999771118164,44407
"PSNL","Personalis, Inc. - Common Stock","2021-04-16 14:30:00-04:00",22.299999237060547,22.309999465942383,22.100000381469727,22.170000076293945,22.170000076293945,56148
"PSNL","Personalis, Inc. - Common Stock","2021-04-16 15:30:00-04:00",22.184999465942383,22.32999992370605,22.14999961853028,22.190000534057617,22.190000534057617,76536
"PSNL","Personalis, Inc. - Common Stock","2021-04-16 16:00:00-04:00",22.19,22.19,22.19,22.19,22.19,13046
"PSNL","Personalis, Inc. - Common Stock","2021-04-16 17:00:00-04:00",22.19,22.19,22.19,22.19,22.19,0
"PSNL","Personalis, Inc. - Common Stock","2021-04-16 18:00:00-04:00",22.3,22.3,21.2,21.2,21.2,0
"PSNL","Personalis, Inc. - Common Stock","2021-04-16 19:00:00-04:00",22.15,22.15,22.15,22.15,22.15,0
"PSNL","Personalis, Inc. - Common Stock","2021-04-19 08:00:00-04:00",22.19,22.19,22.19,22.19,22.19,0
"PSNL","Personalis, Inc. - Common Stock","2021-04-19 09:00:00-04:00",21.595,22.18,21.55,22.15,22.15,0
"PSNL","Personalis, Inc. - Common Stock","2021-04-19 09:30:00-04:00",21.950000762939453,22.520000457763672,21.39999961853028,21.8700008392334,21.8700008392334,96469
"PSNL","Personalis, Inc. - Common Stock","2021-04-19 10:30:00-04:00",21.795000076293945,21.795000076293945,21.170000076293945,21.450000762939453,21.450000762939453,98386
"PSNL","Personalis, Inc. - Common Stock","2021-04-19 11:30:00-04:00",21.36000061035156,21.440000534057617,21.172100067138672,21.229999542236328,21.229999542236328,62946
"PSNL","Personalis, Inc. - Common Stock","2021-04-19 12:30:00-04:00",21.200000762939453,21.53499984741211,21.14999961853028,21.39999961853028,21.39999961853028,54175
"PSNL","Personalis, Inc. - Common Stock","2021-04-19 13:30:00-04:00",21.3799991607666,21.8799991607666,21.31999969482422,21.65999984741211,21.65999984741211,89138
"PSNL","Personalis, Inc. - Common Stock","2021-04-19 14:30:00-04:00",21.63999938964844,21.739999771118164,21.3799991607666,21.575000762939453,21.575000762939453,83328
"PSNL","Personalis, Inc. - Common Stock","2021-04-19 15:30:00-04:00",21.575000762939453,21.6299991607666,21.31999969482422,21.450000762939453,21.450000762939453,107909
"PSNL","Personalis, Inc. - Common Stock","2021-04-19 16:00:00-04:00",21.44,22.0,21.44,21.44,21.44,0
"PSNL","Personalis, Inc. - Common Stock","2021-04-19 17:00:00-04:00",21.44,21.44,21.44,21.44,21.44,0
"PSNL","Personalis, Inc. - Common Stock","2021-04-20 08:00:00-04:00",21.44,21.44,21.44,21.44,21.44,0
"PSNL","Personalis, Inc. - Common Stock","2021-04-20 09:30:00-04:00",21.3700008392334,22.100000381469727,20.89999961853028,22.049999237060547,22.049999237060547,106954
"PSNL","Personalis, Inc. - Common Stock","2021-04-20 10:30:00-04:00",22.020000457763672,22.020000457763672,20.75,20.864999771118164,20.864999771118164,172669
"PSNL","Personalis, Inc. - Common Stock","2021-04-20 11:30:00-04:00",20.86000061035156,21.295000076293945,20.729999542236328,21.15999984741211,21.15999984741211,78114
"PSNL","Personalis, Inc. - Common Stock","2021-04-20 12:30:00-04:00",21.020000457763672,21.39999961853028,21.0,21.030000686645508,21.030000686645508,44398
"PSNL","Personalis, Inc. - Common Stock","2021-04-20 13:30:00-04:00",21.040000915527344,21.1200008392334,20.979999542236328,21.040000915527344,21.040000915527344,32711
"PSNL","Personalis, Inc. - Common Stock","2021-04-20 14:30:00-04:00",21.05500030517578,21.1299991607666,20.90999984741211,21.1200008392334,21.1200008392334,49381
"PSNL","Personalis, Inc. - Common Stock","2021-04-20 15:30:00-04:00",21.13999938964844,21.34000015258789,21.06999969482422,21.1299991607666,21.1299991607666,132577
"PSNL","Personalis, Inc. - Common Stock","2021-04-20 16:00:00-04:00",21.11,21.17,20.82,21.04,21.04,0
"PSNL","Personalis, Inc. - Common Stock","2021-04-20 17:00:00-04:00",21.05,21.05,21.04,21.04,21.04,0
"PSNL","Personalis, Inc. - Common Stock","2021-04-20 18:00:00-04:00",21.07,21.07,21.0,21.0,21.0,0
"PSNL","Personalis, Inc. - Common Stock","2021-04-20 19:00:00-04:00",20.91,20.95,20.9,20.9,20.9,0
"PSNL","Personalis, Inc. - Common Stock","2021-04-21 07:00:00-04:00",21.1,21.1,21.1,21.1,21.1,0
"PSNL","Personalis, Inc. - Common Stock","2021-04-21 08:00:00-04:00",21.02,21.11,20.9,20.9,20.9,0
"PSNL","Personalis, Inc. - Common Stock","2021-04-21 09:00:00-04:00",21.0,21.0,21.0,21.0,21.0,0
"PSNL","Personalis, Inc. - Common Stock","2021-04-21 09:30:00-04:00",20.739999771118164,22.479999542236328,20.63999938964844,22.39999961853028,22.39999961853028,126299
"PSNL","Personalis, Inc. - Common Stock","2021-04-21 10:30:00-04:00",22.39999961853028,22.6299991607666,22.15999984741211,22.270000457763672,22.270000457763672,108166
"PSNL","Personalis, Inc. - Common Stock","2021-04-21 11:30:00-04:00",22.270000457763672,22.670000076293945,22.270000457763672,22.59000015258789,22.59000015258789,38603
"PSNL","Personalis, Inc. - Common Stock","2021-04-21 12:30:00-04:00",22.56999969482422,22.670000076293945,22.280000686645508,22.36000061035156,22.36000061035156,37853
"PSNL","Personalis, Inc. - Common Stock","2021-04-21 13:30:00-04:00",22.420000076293945,22.739999771118164,22.38999938964844,22.71999931335449,22.71999931335449,36801
"PSNL","Personalis, Inc. - Common Stock","2021-04-21 14:30:00-04:00",22.75,23.100000381469727,22.739999771118164,22.739999771118164,22.739999771118164,74312
"PSNL","Personalis, Inc. - Common Stock","2021-04-21 15:30:00-04:00",22.799999237060547,22.809999465942383,22.57999992370605,22.729999542236328,22.729999542236328,123864
"PSNL","Personalis, Inc. - Common Stock","2021-04-21 16:00:00-04:00",22.72,22.95,20.66,20.66,20.66,0
"PSNL","Personalis, Inc. - Common Stock","2021-04-21 17:00:00-04:00",21.5,21.5,21.5,21.5,21.5,0
"PSNL","Personalis, Inc. - Common Stock","2021-04-21 19:00:00-04:00",22.65,22.65,22.65,22.65,22.65,0
"PSNL","Personalis, Inc. - Common Stock","2021-04-22 09:00:00-04:00",22.72,22.72,22.72,22.72,22.72,0
"PSNL","Personalis, Inc. - Common Stock","2021-04-22 09:30:00-04:00",22.709999084472656,23.46999931335449,22.700000762939453,23.440000534057617,23.440000534057617,63167
"PSNL","Personalis, Inc. - Common Stock","2021-04-22 10:30:00-04:00",23.440000534057617,23.559999465942383,23.09000015258789,23.270000457763672,23.270000457763672,45179
"PSNL","Personalis, Inc. - Common Stock","2021-04-22 11:30:00-04:00",23.200000762939453,23.729999542236328,23.11000061035156,23.709999084472656,23.709999084472656,62305
"PSNL","Personalis, Inc. - Common Stock","2021-04-22 12:30:00-04:00",23.739999771118164,23.920000076293945,23.084999084472656,23.479999542236328,23.479999542236328,107920
"PSNL","Personalis, Inc. - Common Stock","2021-04-22 13:30:00-04:00",23.459999084472656,23.530000686645508,22.739999771118164,23.280000686645508,23.280000686645508,72547
"PSNL","Personalis, Inc. - Common Stock","2021-04-22 14:30:00-04:00",23.315000534057617,23.405000686645508,22.799999237060547,22.86000061035156,22.86000061035156,92107
"PSNL","Personalis, Inc. - Common Stock","2021-04-22 15:30:00-04:00",22.86000061035156,23.100000381469727,22.700000762939453,22.739999771118164,22.739999771118164,81286
"PSNL","Personalis, Inc. - Common Stock","2021-04-22 16:00:00-04:00",22.75,22.75,22.75,22.75,22.75,28837
"PSNL","Personalis, Inc. - Common Stock","2021-04-22 17:00:00-04:00",22.68,22.68,22.25,22.25,22.25,0
"PSNL","Personalis, Inc. - Common Stock","2021-04-23 09:30:00-04:00",22.790000915527344,23.799999237060547,22.700000762939453,23.78499984741211,23.78499984741211,64945
"PSNL","Personalis, Inc. - Common Stock","2021-04-23 10:30:00-04:00",23.80500030517578,23.80500030517578,23.01000022888184,23.184999465942383,23.184999465942383,69810
"PSNL","Personalis, Inc. - Common Stock","2021-04-23 11:30:00-04:00",23.21999931335449,23.5,23.100000381469727,23.170000076293945,23.170000076293945,37414
"PSNL","Personalis, Inc. - Common Stock","2021-04-23 12:30:00-04:00",23.18000030517578,23.440000534057617,23.059999465942383,23.270000457763672,23.270000457763672,54469
"PSNL","Personalis, Inc. - Common Stock","2021-04-23 13:30:00-04:00",23.31999969482422,23.56999969482422,23.21999931335449,23.43000030517578,23.43000030517578,46748
"PSNL","Personalis, Inc. - Common Stock","2021-04-23 14:30:00-04:00",23.459999084472656,23.479999542236328,23.3700008392334,23.38990020751953,23.38990020751953,30455
"PSNL","Personalis, Inc. - Common Stock","2021-04-23 15:30:00-04:00",23.420000076293945,23.420000076293945,23.1299991607666,23.200000762939453,23.200000762939453,76299
"PSNL","Personalis, Inc. - Common Stock","2021-04-23 16:00:00-04:00",23.17,23.8,23.169,23.8,23.8,0
"PSNL","Personalis, Inc. - Common Stock","2021-04-23 17:00:00-04:00",23.79,23.79,23.79,23.79,23.79,0
"PSNL","Personalis, Inc. - Common Stock","2021-04-23 19:00:00-04:00",22.5,22.5,22.0,22.0,22.0,0
"PSNL","Personalis, Inc. - Common Stock","2021-04-26 09:30:00-04:00",23.40999984741211,23.90999984741211,23.09000015258789,23.209999084472656,23.209999084472656,49395
"PSNL","Personalis, Inc. - Common Stock","2021-04-26 10:30:00-04:00",23.200000762939453,23.535499572753903,23.100000381469727,23.45499992370605,23.45499992370605,57835
"PSNL","Personalis, Inc. - Common Stock","2021-04-26 11:30:00-04:00",23.459999084472656,23.850000381469727,23.405000686645508,23.81999969482422,23.81999969482422,50252
"PSNL","Personalis, Inc. - Common Stock","2021-04-26 12:30:00-04:00",23.809999465942383,24.097999572753903,23.709999084472656,24.06999969482422,24.06999969482422,44155
"PSNL","Personalis, Inc. - Common Stock","2021-04-26 13:30:00-04:00",24.07999992370605,24.5049991607666,23.989999771118164,24.5049991607666,24.5049991607666,52566
"PSNL","Personalis, Inc. - Common Stock","2021-04-26 14:30:00-04:00",24.5049991607666,24.518999099731445,24.239999771118164,24.26000022888184,24.26000022888184,61129
"PSNL","Personalis, Inc. - Common Stock","2021-04-26 15:30:00-04:00",24.23500061035156,24.299999237060547,24.209999084472656,24.21999931335449,24.21999931335449,75879
"PSNL","Personalis, Inc. - Common Stock","2021-04-26 16:00:00-04:00",24.25,24.25,24.1,24.25,24.25,0
"PSNL","Personalis, Inc. - Common Stock","2021-04-26 18:00:00-04:00",24.25,24.25,24.25,24.25,24.25,0
"PSNL","Personalis, Inc. - Common Stock","2021-04-26 19:00:00-04:00",24.24,25.0,24.24,25.0,25.0,0
"PSNL","Personalis, Inc. - Common Stock","2021-04-27 08:00:00-04:00",24.25,25.0,24.25,25.0,25.0,0
"PSNL","Personalis, Inc. - Common Stock","2021-04-27 09:00:00-04:00",24.3,24.3,24.3,24.3,24.3,0
"PSNL","Personalis, Inc. - Common Stock","2021-04-27 09:30:00-04:00",24.290000915527344,24.93000030517578,24.11009979248047,24.670000076293945,24.670000076293945,134868
"PSNL","Personalis, Inc. - Common Stock","2021-04-27 10:30:00-04:00",24.65999984741211,25.350000381469727,24.540000915527344,25.31999969482422,25.31999969482422,268943
"PSNL","Personalis, Inc. - Common Stock","2021-04-27 11:30:00-04:00",25.32999992370605,25.479999542236328,25.045000076293945,25.13999938964844,25.13999938964844,195094
"PSNL","Personalis, Inc. - Common Stock","2021-04-27 12:30:00-04:00",25.18000030517578,25.39999961853028,24.950000762939453,25.36000061035156,25.36000061035156,157663
"PSNL","Personalis, Inc. - Common Stock","2021-04-27 13:30:00-04:00",25.3799991607666,25.420000076293945,25.020000457763672,25.25,25.25,96392
"PSNL","Personalis, Inc. - Common Stock","2021-04-27 14:30:00-04:00",25.270000457763672,25.489999771118164,25.1200008392334,25.15999984741211,25.15999984741211,98930
"PSNL","Personalis, Inc. - Common Stock","2021-04-27 15:30:00-04:00",25.18000030517578,25.57999992370605,25.14999961853028,25.540000915527344,25.540000915527344,133280
"PSNL","Personalis, Inc. - Common Stock","2021-04-27 16:00:00-04:00",25.55,25.55,25.55,25.55,25.55,0
"PSNL","Personalis, Inc. - Common Stock","2021-04-27 17:00:00-04:00",25.55,25.55,25.55,25.55,25.55,0
"PSNL","Personalis, Inc. - Common Stock","2021-04-27 18:00:00-04:00",25.5,25.5,25.5,25.5,25.5,0
"PSNL","Personalis, Inc. - Common Stock","2021-04-27 19:00:00-04:00",25.88,25.96,25.88,25.96,25.96,0
"PSNL","Personalis, Inc. - Common Stock","2021-04-28 09:30:00-04:00",25.26000022888184,25.549999237060547,24.5,25.280000686645508,25.280000686645508,140447
"PSNL","Personalis, Inc. - Common Stock","2021-04-28 10:30:00-04:00",25.299999237060547,25.459999084472656,24.82999992370605,24.89999961853028,24.89999961853028,96239
"PSNL","Personalis, Inc. - Common Stock","2021-04-28 11:30:00-04:00",24.915000915527344,25.200000762939453,24.91010093688965,24.974899291992188,24.974899291992188,51629
"PSNL","Personalis, Inc. - Common Stock","2021-04-28 12:30:00-04:00",25.0,25.170000076293945,24.940000534057617,25.049999237060547,25.049999237060547,31671
"PSNL","Personalis, Inc. - Common Stock","2021-04-28 13:30:00-04:00",25.059999465942383,25.25,25.049999237060547,25.190000534057617,25.190000534057617,42265
"PSNL","Personalis, Inc. - Common Stock","2021-04-28 14:30:00-04:00",25.18000030517578,25.39999961853028,25.030000686645508,25.309999465942383,25.309999465942383,68267
"PSNL","Personalis, Inc. - Common Stock","2021-04-28 15:30:00-04:00",25.295000076293945,25.489999771118164,25.104999542236328,25.209999084472656,25.209999084472656,96999
"PSNL","Personalis, Inc. - Common Stock","2021-04-28 16:00:00-04:00",25.21,26.88,24.2,25.4,25.4,0
"PSNL","Personalis, Inc. - Common Stock","2021-04-28 17:00:00-04:00",25.4,25.74,25.4,25.74,25.74,0
"PSNL","Personalis, Inc. - Common Stock","2021-04-28 18:00:00-04:00",25.22,25.22,25.22,25.22,25.22,0
"PSNL","Personalis, Inc. - Common Stock","2021-04-28 19:00:00-04:00",25.5,25.5,25.5,25.5,25.5,0
"PSNL","Personalis, Inc. - Common Stock","2021-04-29 08:00:00-04:00",25.21,26.0,25.21,26.0,26.0,0
"PSNL","Personalis, Inc. - Common Stock","2021-04-29 09:30:00-04:00",25.440000534057617,25.55500030517578,24.3700008392334,24.440000534057617,24.440000534057617,198577
"PSNL","Personalis, Inc. - Common Stock","2021-04-29 10:30:00-04:00",24.34000015258789,24.3799991607666,23.84000015258789,24.09000015258789,24.09000015258789,62205
"PSNL","Personalis, Inc. - Common Stock","2021-04-29 11:30:00-04:00",24.040000915527344,24.450000762939453,23.799999237060547,23.940000534057617,23.940000534057617,191935
"PSNL","Personalis, Inc. - Common Stock","2021-04-29 12:30:00-04:00",23.94499969482422,24.229999542236328,23.81999969482422,24.21999931335449,24.21999931335449,50880
"PSNL","Personalis, Inc. - Common Stock","2021-04-29 13:30:00-04:00",24.190000534057617,24.489999771118164,24.14999961853028,24.420000076293945,24.420000076293945,36534
"PSNL","Personalis, Inc. - Common Stock","2021-04-29 14:30:00-04:00",24.405000686645508,24.565000534057617,24.229999542236328,24.290000915527344,24.290000915527344,67369
"PSNL","Personalis, Inc. - Common Stock","2021-04-29 15:30:00-04:00",24.28499984741211,24.64999961853028,24.26000022888184,24.530000686645508,24.530000686645508,107343
"PSNL","Personalis, Inc. - Common Stock","2021-04-29 16:00:00-04:00",24.48,24.48,24.48,24.48,24.48,42859
"PSNL","Personalis, Inc. - Common Stock","2021-05-03 09:00:00-04:00",24.63,24.63,24.63,24.63,24.63,0
"PSNL","Personalis, Inc. - Common Stock","2021-05-03 09:30:00-04:00",24.280000686645508,24.6299991607666,23.299999237060547,23.36000061035156,23.36000061035156,94752
"PSNL","Personalis, Inc. - Common Stock","2021-05-03 10:30:00-04:00",23.34000015258789,23.479999542236328,22.81999969482422,22.81999969482422,22.81999969482422,98851
"PSNL","Personalis, Inc. - Common Stock","2021-05-03 11:30:00-04:00",22.8700008392334,23.34000015258789,22.829599380493164,23.174999237060547,23.174999237060547,48905
"PSNL","Personalis, Inc. - Common Stock","2021-05-03 12:30:00-04:00",23.15999984741211,23.3700008392334,23.040000915527344,23.1299991607666,23.1299991607666,35830
"PSNL","Personalis, Inc. - Common Stock","2021-05-03 13:30:00-04:00",23.1299991607666,23.3700008392334,23.1299991607666,23.184999465942383,23.184999465942383,39515
"PSNL","Personalis, Inc. - Common Stock","2021-05-03 14:30:00-04:00",23.174999237060547,23.209999084472656,22.81999969482422,23.020000457763672,23.020000457763672,84697
"PSNL","Personalis, Inc. - Common Stock","2021-05-03 15:30:00-04:00",23.059999465942383,23.1200008392334,22.950000762939453,23.01000022888184,23.01000022888184,86996
"PSNL","Personalis, Inc. - Common Stock","2021-05-03 16:00:00-04:00",23.01,23.26,22.01,23.01,23.01,0
"PSNL","Personalis, Inc. - Common Stock","2021-05-04 08:00:00-04:00",23.0,23.0,23.0,23.0,23.0,0
"PSNL","Personalis, Inc. - Common Stock","2021-05-04 09:30:00-04:00",22.530000686645508,22.530000686645508,21.042499542236328,22.09000015258789,22.09000015258789,161094
"PSNL","Personalis, Inc. - Common Stock","2021-05-04 10:30:00-04:00",22.06999969482422,22.15999984741211,21.280000686645508,21.489999771118164,21.489999771118164,86862
"PSNL","Personalis, Inc. - Common Stock","2021-05-04 11:30:00-04:00",21.540000915527344,21.56999969482422,21.040000915527344,21.309999465942383,21.309999465942383,74797
"PSNL","Personalis, Inc. - Common Stock","2021-05-04 12:30:00-04:00",21.280000686645508,21.63999938964844,21.11000061035156,21.63999938964844,21.63999938964844,42259
"PSNL","Personalis, Inc. - Common Stock","2021-05-04 13:30:00-04:00",21.59000015258789,21.6299991607666,21.309999465942383,21.459999084472656,21.459999084472656,65752
"PSNL","Personalis, Inc. - Common Stock","2021-05-04 14:30:00-04:00",21.489999771118164,21.84000015258789,21.479999542236328,21.57999992370605,21.57999992370605,143884
"PSNL","Personalis, Inc. - Common Stock","2021-05-04 15:30:00-04:00",21.57999992370605,21.68000030517578,21.38999938964844,21.6299991607666,21.6299991607666,101034
"PSNL","Personalis, Inc. - Common Stock","2021-05-04 16:00:00-04:00",21.64,22.18,21.64,21.71,21.71,0
"PSNL","Personalis, Inc. - Common Stock","2021-05-04 17:00:00-04:00",21.71,21.73,21.71,21.73,21.73,0
"PSNL","Personalis, Inc. - Common Stock","2021-05-04 19:00:00-04:00",22.0,22.0,22.0,22.0,22.0,0
"PSNL","Personalis, Inc. - Common Stock","2021-05-05 06:00:00-04:00",21.95,21.95,21.95,21.95,21.95,0
"PSNL","Personalis, Inc. - Common Stock","2021-05-05 07:00:00-04:00",22.0,22.0,22.0,22.0,22.0,0
"PSNL","Personalis, Inc. - Common Stock","2021-05-05 08:00:00-04:00",22.0,22.0,22.0,22.0,22.0,0
"PSNL","Personalis, Inc. - Common Stock","2021-05-05 09:30:00-04:00",21.850000381469727,21.940000534057617,20.933799743652344,21.170000076293945,21.170000076293945,125084
"PSNL","Personalis, Inc. - Common Stock","2021-05-05 10:30:00-04:00",21.145000457763672,22.25,21.059999465942383,21.979999542236328,21.979999542236328,77802
"PSNL","Personalis, Inc. - Common Stock","2021-05-05 11:30:00-04:00",22.01000022888184,22.200000762939453,21.674999237060547,21.71999931335449,21.71999931335449,44813
"PSNL","Personalis, Inc. - Common Stock","2021-05-05 12:30:00-04:00",21.670000076293945,21.700000762939453,21.39999961853028,21.540000915527344,21.540000915527344,49457
"PSNL","Personalis, Inc. - Common Stock","2021-05-05 13:30:00-04:00",21.549999237060547,21.58989906311035,21.1299991607666,21.190000534057617,21.190000534057617,53808
"PSNL","Personalis, Inc. - Common Stock","2021-05-05 14:30:00-04:00",21.170000076293945,21.270000457763672,20.84000015258789,20.92009925842285,20.92009925842285,104794
"PSNL","Personalis, Inc. - Common Stock","2021-05-05 15:30:00-04:00",20.989999771118164,21.1299991607666,20.93000030517578,21.0,21.0,98750
"PSNL","Personalis, Inc. - Common Stock","2021-05-05 16:00:00-04:00",21.04,21.5,21.04,21.04,21.04,0
"PSNL","Personalis, Inc. - Common Stock","2021-05-05 17:00:00-04:00",21.85,21.85,21.85,21.85,21.85,0
"PSNL","Personalis, Inc. - Common Stock","2021-05-06 07:00:00-04:00",22.05,22.21,22.05,22.21,22.21,0
"PSNL","Personalis, Inc. - Common Stock","2021-05-06 08:00:00-04:00",22.28,22.65,21.04,22.35,22.35,0
"PSNL","Personalis, Inc. - Common Stock","2021-05-06 09:00:00-04:00",22.4,22.5,21.04,22.35,22.35,0
"PSNL","Personalis, Inc. - Common Stock","2021-05-06 09:30:00-04:00",22.40999984741211,22.40999984741211,20.63139915466309,20.65999984741211,20.65999984741211,241371
"PSNL","Personalis, Inc. - Common Stock","2021-05-06 10:30:00-04:00",20.64999961853028,21.770000457763672,20.61000061035156,21.670000076293945,21.670000076293945,117162
"PSNL","Personalis, Inc. - Common Stock","2021-05-06 11:30:00-04:00",21.65999984741211,22.530000686645508,21.63999938964844,21.989999771118164,21.989999771118164,187845
"PSNL","Personalis, Inc. - Common Stock","2021-05-06 12:30:00-04:00",22.02499961853028,22.06999969482422,21.5,21.81999969482422,21.81999969482422,74923
"PSNL","Personalis, Inc. - Common Stock","2021-05-06 13:30:00-04:00",21.81999969482422,21.93000030517578,21.43000030517578,21.43000030517578,21.43000030517578,74982
"PSNL","Personalis, Inc. - Common Stock","2021-05-06 14:30:00-04:00",21.464000701904297,21.540000915527344,20.88999938964844,21.06999969482422,21.06999969482422,155918
"PSNL","Personalis, Inc. - Common Stock","2021-05-06 15:30:00-04:00",21.06999969482422,21.6299991607666,21.01499938964844,21.6299991607666,21.6299991607666,184995
"PSNL","Personalis, Inc. - Common Stock","2021-05-06 16:00:00-04:00",21.52,21.7,21.52,21.7,21.7,0
"PSNL","Personalis, Inc. - Common Stock","2021-05-06 18:00:00-04:00",22.0,22.17,21.7,22.17,22.17,0
"PSNL","Personalis, Inc. - Common Stock","2021-05-07 08:00:00-04:00",21.52,21.52,21.52,21.52,21.52,0
"PSNL","Personalis, Inc. - Common Stock","2021-05-07 09:00:00-04:00",21.7,21.7,21.52,21.52,21.52,0
"PSNL","Personalis, Inc. - Common Stock","2021-05-07 09:30:00-04:00",22.06999969482422,23.5,21.71999931335449,23.25,23.25,142989
"PSNL","Personalis, Inc. - Common Stock","2021-05-07 10:30:00-04:00",23.24169921875,23.75,23.229999542236328,23.3700008392334,23.3700008392334,94103
"PSNL","Personalis, Inc. - Common Stock","2021-05-07 11:30:00-04:00",23.3700008392334,23.459999084472656,23.040000915527344,23.34499931335449,23.34499931335449,44790
"PSNL","Personalis, Inc. - Common Stock","2021-05-07 12:30:00-04:00",23.34499931335449,23.475000381469727,22.93000030517578,22.96999931335449,22.96999931335449,48054
"PSNL","Personalis, Inc. - Common Stock","2021-05-07 13:30:00-04:00",22.931299209594727,23.065000534057617,22.65999984741211,22.84000015258789,22.84000015258789,29537
"PSNL","Personalis, Inc. - Common Stock","2021-05-07 14:30:00-04:00",22.799999237060547,23.040000915527344,22.75,22.875,22.875,41155
"PSNL","Personalis, Inc. - Common Stock","2021-05-07 15:30:00-04:00",22.920000076293945,22.920000076293945,22.709999084472656,22.84000015258789,22.84000015258789,78071
"PSNL","Personalis, Inc. - Common Stock","2021-05-07 16:00:00-04:00",22.75,22.75,22.75,22.75,22.75,0
"PSNL","Personalis, Inc. - Common Stock","2021-05-10 08:00:00-04:00",22.75,22.75,22.75,22.75,22.75,0
"PSNL","Personalis, Inc. - Common Stock","2021-05-10 09:00:00-04:00",22.76,22.76,22.76,22.76,22.76,0
"PSNL","Personalis, Inc. - Common Stock","2021-05-10 09:30:00-04:00",22.26000022888184,22.40999984741211,20.709999084472656,20.825000762939453,20.825000762939453,178452
"PSNL","Personalis, Inc. - Common Stock","2021-05-10 10:30:00-04:00",20.780000686645508,20.849300384521484,20.44499969482422,20.725000381469727,20.725000381469727,126799
"PSNL","Personalis, Inc. - Common Stock","2021-05-10 11:30:00-04:00",20.729999542236328,20.770000457763672,20.31909942626953,20.31909942626953,20.31909942626953,184438
"PSNL","Personalis, Inc. - Common Stock","2021-05-10 12:30:00-04:00",20.354999542236328,20.600000381469727,20.14999961853028,20.278200149536133,20.278200149536133,124609
"PSNL","Personalis, Inc. - Common Stock","2021-05-10 13:30:00-04:00",20.34000015258789,20.34000015258789,19.5,19.5,19.5,233074
"PSNL","Personalis, Inc. - Common Stock","2021-05-10 14:30:00-04:00",19.549999237060547,19.950000762939453,19.38999938964844,19.5,19.5,291485
"PSNL","Personalis, Inc. - Common Stock","2021-05-10 15:30:00-04:00",19.5,19.600000381469727,19.43000030517578,19.479999542236328,19.479999542236328,251331
"PSNL","Personalis, Inc. - Common Stock","2021-05-10 16:00:00-04:00",19.5,20.0001,19.37,19.53,19.53,0
"PSNL","Personalis, Inc. - Common Stock","2021-05-10 17:00:00-04:00",19.98,20.0,19.3,19.64,19.64,0
"PSNL","Personalis, Inc. - Common Stock","2021-05-10 18:00:00-04:00",19.64,19.64,19.64,19.64,19.64,0
"PSNL","Personalis, Inc. - Common Stock","2021-05-10 19:00:00-04:00",19.76,19.76,19.5,19.5,19.5,0
"PSNL","Personalis, Inc. - Common Stock","2021-05-11 05:00:00-04:00",20.3,20.3,19.0,19.0,19.0,0
"PSNL","Personalis, Inc. - Common Stock","2021-05-11 06:00:00-04:00",19.5,19.5,19.0,19.0,19.0,0
"PSNL","Personalis, Inc. - Common Stock","2021-05-11 08:00:00-04:00",19.5,19.5,18.0,18.0,18.0,0
"PSNL","Personalis, Inc. - Common Stock","2021-05-11 09:00:00-04:00",18.74,19.21,17.96,18.18,18.18,0
"PSNL","Personalis, Inc. - Common Stock","2021-05-11 09:30:00-04:00",18.290000915527344,19.50849914550781,18.0,18.492000579833984,18.492000579833984,444663
"PSNL","Personalis, Inc. - Common Stock","2021-05-11 10:30:00-04:00",18.375,19.6299991607666,18.239999771118164,19.270000457763672,19.270000457763672,220898
"PSNL","Personalis, Inc. - Common Stock","2021-05-11 11:30:00-04:00",19.309999465942383,19.420000076293945,19.11000061035156,19.217500686645508,19.217500686645508,54950
"PSNL","Personalis, Inc. - Common Stock","2021-05-11 12:30:00-04:00",19.229999542236328,19.600000381469727,18.85090065002441,19.600000381469727,19.600000381469727,68296
"PSNL","Personalis, Inc. - Common Stock","2021-05-11 13:30:00-04:00",19.61000061035156,19.717500686645508,19.25,19.670000076293945,19.670000076293945,82811
"PSNL","Personalis, Inc. - Common Stock","2021-05-11 14:30:00-04:00",19.6299991607666,19.6299991607666,19.27009963989257,19.405000686645508,19.405000686645508,78871
"PSNL","Personalis, Inc. - Common Stock","2021-05-11 15:30:00-04:00",19.405000686645508,19.489999771118164,19.200000762939453,19.46999931335449,19.46999931335449,102298
"PSNL","Personalis, Inc. - Common Stock","2021-05-11 16:00:00-04:00",19.46,19.8,19.43,19.46,19.46,0
"PSNL","Personalis, Inc. - Common Stock","2021-05-11 18:00:00-04:00",19.43,19.5099,19.43,19.5,19.5,0
"PSNL","Personalis, Inc. - Common Stock","2021-05-11 19:00:00-04:00",19.5,19.5,19.09,19.3,19.3,0
"PSNL","Personalis, Inc. - Common Stock","2021-05-12 07:00:00-04:00",19.28,19.29,19.28,19.29,19.29,0
"PSNL","Personalis, Inc. - Common Stock","2021-05-12 08:00:00-04:00",19.4001,19.46,19.14,19.31,19.31,0
"PSNL","Personalis, Inc. - Common Stock","2021-05-12 09:30:00-04:00",19.01000022888184,19.5,18.59000015258789,18.68000030517578,18.68000030517578,96333
"PSNL","Personalis, Inc. - Common Stock","2021-05-12 10:30:00-04:00",18.61000061035156,18.809999465942383,18.39999961853028,18.450000762939453,18.450000762939453,136545
"PSNL","Personalis, Inc. - Common Stock","2021-05-12 11:30:00-04:00",18.479999542236328,18.780000686645508,18.299999237060547,18.600000381469727,18.600000381469727,165570
"PSNL","Personalis, Inc. - Common Stock","2021-05-12 12:30:00-04:00",18.56999969482422,19.09499931335449,18.489999771118164,18.850000381469727,18.850000381469727,109812
"PSNL","Personalis, Inc. - Common Stock","2021-05-12 13:30:00-04:00",18.799999237060547,18.98500061035156,18.71999931335449,18.799999237060547,18.799999237060547,41380
"PSNL","Personalis, Inc. - Common Stock","2021-05-12 14:30:00-04:00",18.795000076293945,18.86000061035156,18.38010025024414,18.51000022888184,18.51000022888184,101342
"PSNL","Personalis, Inc. - Common Stock","2021-05-12 15:30:00-04:00",18.479999542236328,18.65999984741211,18.34000015258789,18.56999969482422,18.56999969482422,137850
"PSNL","Personalis, Inc. - Common Stock","2021-05-12 16:00:00-04:00",18.57,18.57,18.18,18.18,18.18,0
"PSNL","Personalis, Inc. - Common Stock","2021-05-12 17:00:00-04:00",18.57,18.57,18.57,18.57,18.57,0
"PSNL","Personalis, Inc. - Common Stock","2021-05-12 18:00:00-04:00",18.57,18.79,18.51,18.77,18.77,0
"PSNL","Personalis, Inc. - Common Stock","2021-05-12 19:00:00-04:00",18.73,18.73,18.32,18.7,18.7,0
"PSNL","Personalis, Inc. - Common Stock","2021-05-13 07:00:00-04:00",18.23,18.23,18.23,18.23,18.23,0
"PSNL","Personalis, Inc. - Common Stock","2021-05-13 08:00:00-04:00",18.52,18.8,18.2999,18.8,18.8,0
"PSNL","Personalis, Inc. - Common Stock","2021-05-13 09:00:00-04:00",18.6499,18.7001,18.63,18.7001,18.7001,0
"PSNL","Personalis, Inc. - Common Stock","2021-05-13 09:30:00-04:00",18.780000686645508,19.15999984741211,18.07999992370605,18.717500686645508,18.717500686645508,290089
"PSNL","Personalis, Inc. - Common Stock","2021-05-13 10:30:00-04:00",18.709999084472656,18.729999542236328,17.850000381469727,17.989999771118164,17.989999771118164,166131
"PSNL","Personalis, Inc. - Common Stock","2021-05-13 11:30:00-04:00",18.020000457763672,18.205400466918945,17.729999542236328,17.959999084472656,17.959999084472656,146182
"PSNL","Personalis, Inc. - Common Stock","2021-05-13 12:30:00-04:00",17.959999084472656,18.14999961853028,17.559999465942383,17.889999389648438,17.889999389648438,198416
"PSNL","Personalis, Inc. - Common Stock","2021-05-13 13:30:00-04:00",17.760000228881836,18.145000457763672,17.299999237060547,17.735000610351562,17.735000610351562,215512
"PSNL","Personalis, Inc. - Common Stock","2021-05-13 14:30:00-04:00",17.75,18.165000915527344,17.709999084472656,17.950000762939453,17.950000762939453,142966
"PSNL","Personalis, Inc. - Common Stock","2021-05-13 15:30:00-04:00",17.959999084472656,18.2549991607666,17.954999923706055,18.1299991607666,18.1299991607666,210208
"PSNL","Personalis, Inc. - Common Stock","2021-05-13 16:00:00-04:00",18.15,18.15,18.15,18.15,18.15,35685
"PSNL","Personalis, Inc. - Common Stock","2021-05-13 17:00:00-04:00",18.25,18.25,18.15,18.15,18.15,0
"PSNL","Personalis, Inc. - Common Stock","2021-05-14 07:00:00-04:00",18.5,18.5,18.5,18.5,18.5,0
"PSNL","Personalis, Inc. - Common Stock","2021-05-14 08:00:00-04:00",18.55,18.6,18.3299,18.33,18.33,0
"PSNL","Personalis, Inc. - Common Stock","2021-05-14 09:30:00-04:00",18.46999931335449,19.049999237060547,18.295000076293945,19.020000457763672,19.020000457763672,174060
"PSNL","Personalis, Inc. - Common Stock","2021-05-14 10:30:00-04:00",19.020000457763672,19.350000381469727,18.96999931335449,19.06999969482422,19.06999969482422,133252
"PSNL","Personalis, Inc. - Common Stock","2021-05-14 11:30:00-04:00",19.0,19.6200008392334,18.98500061035156,19.46999931335449,19.46999931335449,105849
"PSNL","Personalis, Inc. - Common Stock","2021-05-14 12:30:00-04:00",19.489999771118164,19.51000022888184,19.190000534057617,19.450000762939453,19.450000762939453,57956
"PSNL","Personalis, Inc. - Common Stock","2021-05-14 13:30:00-04:00",19.450000762939453,19.61000061035156,19.239999771118164,19.59000015258789,19.59000015258789,81827
"PSNL","Personalis, Inc. - Common Stock","2021-05-14 14:30:00-04:00",19.61000061035156,19.68000030517578,19.31999969482422,19.388399124145508,19.388399124145508,85515
"PSNL","Personalis, Inc. - Common Stock","2021-05-14 15:30:00-04:00",19.38999938964844,19.8799991607666,19.38999938964844,19.780000686645508,19.780000686645508,213262
"PSNL","Personalis, Inc. - Common Stock","2021-05-14 16:00:00-04:00",19.78,19.78,19.74,19.74,19.74,0
"PSNL","Personalis, Inc. - Common Stock","2021-05-14 17:00:00-04:00",19.7,19.7,19.7,19.7,19.7,0
"PSNL","Personalis, Inc. - Common Stock","2021-05-17 08:00:00-04:00",19.7,19.7,19.7,19.7,19.7,0
"PSNL","Personalis, Inc. - Common Stock","2021-05-17 09:00:00-04:00",19.919,19.98,19.34,19.34,19.34,0
"PSNL","Personalis, Inc. - Common Stock","2021-05-17 09:30:00-04:00",19.520000457763672,20.065000534057617,18.91270065307617,19.76000022888184,19.76000022888184,90002
"PSNL","Personalis, Inc. - Common Stock","2021-05-17 10:30:00-04:00",19.63010025024414,20.39999961853028,19.600000381469727,20.38999938964844,20.38999938964844,85187
"PSNL","Personalis, Inc. - Common Stock","2021-05-17 11:30:00-04:00",20.364999771118164,20.440000534057617,20.049999237060547,20.38999938964844,20.38999938964844,66345
"PSNL","Personalis, Inc. - Common Stock","2021-05-17 12:30:00-04:00",20.350000381469727,20.57999992370605,20.040000915527344,20.1299991607666,20.1299991607666,108294
"PSNL","Personalis, Inc. - Common Stock","2021-05-17 13:30:00-04:00",20.13500022888184,20.13500022888184,19.6299991607666,19.6299991607666,19.6299991607666,54863
"PSNL","Personalis, Inc. - Common Stock","2021-05-17 14:30:00-04:00",19.6299991607666,19.76000022888184,19.46999931335449,19.545000076293945,19.545000076293945,82259
"PSNL","Personalis, Inc. - Common Stock","2021-05-17 15:30:00-04:00",19.57999992370605,20.01000022888184,19.549999237060547,19.93000030517578,19.93000030517578,111220
"PSNL","Personalis, Inc. - Common Stock","2021-05-17 16:00:00-04:00",19.91,19.91,19.91,19.91,19.91,0
"PSNL","Personalis, Inc. - Common Stock","2021-05-18 08:00:00-04:00",19.91,19.91,19.91,19.91,19.91,0
"PSNL","Personalis, Inc. - Common Stock","2021-05-18 09:30:00-04:00",20.13999938964844,21.700000762939453,19.69389915466309,21.584999084472656,21.584999084472656,147270
"PSNL","Personalis, Inc. - Common Stock","2021-05-18 10:30:00-04:00",21.645000457763672,22.14999961853028,21.530000686645508,21.770000457763672,21.770000457763672,172197
"PSNL","Personalis, Inc. - Common Stock","2021-05-18 11:30:00-04:00",21.790000915527344,22.030000686645508,21.51000022888184,21.940000534057617,21.940000534057617,82287
"PSNL","Personalis, Inc. - Common Stock","2021-05-18 12:30:00-04:00",21.95499992370605,22.46999931335449,21.950000762939453,22.46999931335449,22.46999931335449,78744
"PSNL","Personalis, Inc. - Common Stock","2021-05-18 13:30:00-04:00",22.46999931335449,22.5,21.80500030517578,21.80500030517578,21.80500030517578,92642
"PSNL","Personalis, Inc. - Common Stock","2021-05-18 14:30:00-04:00",21.780000686645508,21.809999465942383,21.299999237060547,21.674999237060547,21.674999237060547,80050
"PSNL","Personalis, Inc. - Common Stock","2021-05-18 15:30:00-04:00",21.709999084472656,21.770000457763672,21.209999084472656,21.350000381469727,21.350000381469727,116115
"PSNL","Personalis, Inc. - Common Stock","2021-05-18 16:00:00-04:00",21.31,21.58,20.566015,21.31,21.31,0
"PSNL","Personalis, Inc. - Common Stock","2021-05-18 17:00:00-04:00",24.44,24.44,24.44,24.44,24.44,0
"PSNL","Personalis, Inc. - Common Stock","2021-05-19 07:00:00-04:00",21.31,21.31,21.31,21.31,21.31,0
"PSNL","Personalis, Inc. - Common Stock","2021-05-19 08:00:00-04:00",21.0,21.0,20.6,20.61,20.61,0
"PSNL","Personalis, Inc. - Common Stock","2021-05-19 09:00:00-04:00",20.6,21.0,20.6,20.6,20.6,0
"PSNL","Personalis, Inc. - Common Stock","2021-05-19 09:30:00-04:00",20.46999931335449,21.520000457763672,20.26000022888184,21.40999984741211,21.40999984741211,111151
"PSNL","Personalis, Inc. - Common Stock","2021-05-19 10:30:00-04:00",21.36000061035156,21.770000457763672,21.059999465942383,21.43000030517578,21.43000030517578,68758
"PSNL","Personalis, Inc. - Common Stock","2021-05-19 11:30:00-04:00",21.39999961853028,21.520000457763672,21.17219924926757,21.39999961853028,21.39999961853028,48068
"PSNL","Personalis, Inc. - Common Stock","2021-05-19 12:30:00-04:00",21.339099884033203,21.46999931335449,21.040000915527344,21.40999984741211,21.40999984741211,32978
"PSNL","Personalis, Inc. - Common Stock","2021-05-19 13:30:00-04:00",21.38999938964844,21.89999961853028,21.229999542236328,21.770000457763672,21.770000457763672,125609
"PSNL","Personalis, Inc. - Common Stock","2021-05-19 14:30:00-04:00",21.790000915527344,21.86000061035156,21.530000686645508,21.84000015258789,21.84000015258789,56791
"PSNL","Personalis, Inc. - Common Stock","2021-05-19 15:30:00-04:00",21.76000022888184,21.809999465942383,21.59000015258789,21.700000762939453,21.700000762939453,82636
"PSNL","Personalis, Inc. - Common Stock","2021-05-19 16:00:00-04:00",21.68,21.68,21.5,21.5,21.5,0
"PSNL","Personalis, Inc. - Common Stock","2021-05-19 17:00:00-04:00",21.7,21.7,21.5,21.5,21.5,0
"PSNL","Personalis, Inc. - Common Stock","2021-05-20 09:30:00-04:00",21.6200008392334,22.39999961853028,21.479999542236328,22.21999931335449,22.21999931335449,125884
"PSNL","Personalis, Inc. - Common Stock","2021-05-20 10:30:00-04:00",22.239999771118164,22.280000686645508,21.959999084472656,22.14999961853028,22.14999961853028,77941
"PSNL","Personalis, Inc. - Common Stock","2021-05-20 11:30:00-04:00",22.1299991607666,22.229999542236328,21.8799991607666,22.07999992370605,22.07999992370605,54815
"PSNL","Personalis, Inc. - Common Stock","2021-05-20 12:30:00-04:00",22.100000381469727,22.20499992370605,21.850000381469727,22.1200008392334,22.1200008392334,38410
"PSNL","Personalis, Inc. - Common Stock","2021-05-20 13:30:00-04:00",22.14999961853028,22.170000076293945,21.84000015258789,22.0,22.0,39925
"PSNL","Personalis, Inc. - Common Stock","2021-05-20 14:30:00-04:00",21.96999931335449,22.170000076293945,21.86000061035156,21.979999542236328,21.979999542236328,66926
"PSNL","Personalis, Inc. - Common Stock","2021-05-20 15:30:00-04:00",22.01000022888184,22.01000022888184,21.6299991607666,21.71999931335449,21.71999931335449,133245
"PSNL","Personalis, Inc. - Common Stock","2021-05-20 16:00:00-04:00",21.74,21.8,21.6,21.8,21.8,0
"PSNL","Personalis, Inc. - Common Stock","2021-05-21 08:00:00-04:00",22.0,22.0,22.0,22.0,22.0,0
"PSNL","Personalis, Inc. - Common Stock","2021-05-21 09:30:00-04:00",22.21999931335449,22.34000015258789,21.38999938964844,22.14999961853028,22.14999961853028,145410
"PSNL","Personalis, Inc. - Common Stock","2021-05-21 10:30:00-04:00",22.15999984741211,22.440000534057617,21.82999992370605,22.15749931335449,22.15749931335449,81161
"PSNL","Personalis, Inc. - Common Stock","2021-05-21 11:30:00-04:00",22.13170051574707,22.424999237060547,22.1200008392334,22.36000061035156,22.36000061035156,48466
"PSNL","Personalis, Inc. - Common Stock","2021-05-21 12:30:00-04:00",22.46999931335449,22.46999931335449,22.26000022888184,22.38999938964844,22.38999938964844,51351
"PSNL","Personalis, Inc. - Common Stock","2021-05-21 13:30:00-04:00",22.32999992370605,22.569000244140625,22.170000076293945,22.170000076293945,22.170000076293945,47987
"PSNL","Personalis, Inc. - Common Stock","2021-05-21 14:30:00-04:00",22.170000076293945,22.290000915527344,22.06999969482422,22.15999984741211,22.15999984741211,58802
"PSNL","Personalis, Inc. - Common Stock","2021-05-21 15:30:00-04:00",22.14999961853028,22.19499969482422,21.920000076293945,21.96999931335449,21.96999931335449,181686
"PSNL","Personalis, Inc. - Common Stock","2021-05-21 16:00:00-04:00",21.97,21.97,21.97,21.97,21.97,0
"PSNL","Personalis, Inc. - Common Stock","2021-05-21 17:00:00-04:00",21.815,21.97,21.815,21.97,21.97,0
"PSNL","Personalis, Inc. - Common Stock","2021-05-24 08:00:00-04:00",21.97,22.0,21.97,22.0,22.0,0
"PSNL","Personalis, Inc. - Common Stock","2021-05-24 09:00:00-04:00",21.97,21.97,21.97,21.97,21.97,0
"PSNL","Personalis, Inc. - Common Stock","2021-05-24 09:30:00-04:00",22.520000457763672,22.790000915527344,22.040000915527344,22.39999961853028,22.39999961853028,89988
"PSNL","Personalis, Inc. - Common Stock","2021-05-24 10:30:00-04:00",22.39999961853028,22.540000915527344,22.03499984741211,22.1299991607666,22.1299991607666,53386
"PSNL","Personalis, Inc. - Common Stock","2021-05-24 11:30:00-04:00",22.111299514770508,22.21500015258789,21.63999938964844,21.725000381469727,21.725000381469727,33623
"PSNL","Personalis, Inc. - Common Stock","2021-05-24 12:30:00-04:00",21.76000022888184,21.90999984741211,21.61000061035156,21.8700008392334,21.8700008392334,25605
"PSNL","Personalis, Inc. - Common Stock","2021-05-24 13:30:00-04:00",21.90999984741211,22.01499938964844,21.64999961853028,21.729999542236328,21.729999542236328,66687
"PSNL","Personalis, Inc. - Common Stock","2021-05-24 14:30:00-04:00",21.799999237060547,21.920000076293945,21.690000534057617,21.729999542236328,21.729999542236328,44547
"PSNL","Personalis, Inc. - Common Stock","2021-05-24 15:30:00-04:00",21.76000022888184,21.84000015258789,21.520000457763672,21.57999992370605,21.57999992370605,102047
"PSNL","Personalis, Inc. - Common Stock","2021-05-24 16:00:00-04:00",21.59,21.96,21.59,21.59,21.59,0
"PSNL","Personalis, Inc. - Common Stock","2021-05-24 17:00:00-04:00",21.7,21.7,21.7,21.7,21.7,0
"PSNL","Personalis, Inc. - Common Stock","2021-05-25 07:00:00-04:00",21.5,21.5,21.5,21.5,21.5,0
"PSNL","Personalis, Inc. - Common Stock","2021-05-25 08:00:00-04:00",21.61,21.9,21.55,21.9,21.9,0
"PSNL","Personalis, Inc. - Common Stock","2021-05-25 09:00:00-04:00",21.65,21.9,21.18,21.85,21.85,0
"PSNL","Personalis, Inc. - Common Stock","2021-05-25 09:30:00-04:00",21.809999465942383,22.479999542236328,21.59000015258789,22.01499938964844,22.01499938964844,56668
"PSNL","Personalis, Inc. - Common Stock","2021-05-25 10:30:00-04:00",22.040000915527344,22.14999961853028,21.6299991607666,21.670000076293945,21.670000076293945,38791
"PSNL","Personalis, Inc. - Common Stock","2021-05-25 11:30:00-04:00",21.684999465942383,21.86000061035156,21.450000762939453,21.82999992370605,21.82999992370605,35659
"PSNL","Personalis, Inc. - Common Stock","2021-05-25 12:30:00-04:00",21.8799991607666,22.30500030517578,21.8799991607666,22.184999465942383,22.184999465942383,42919
"PSNL","Personalis, Inc. - Common Stock","2021-05-25 13:30:00-04:00",22.190000534057617,22.229999542236328,21.979999542236328,22.13999938964844,22.13999938964844,28194
"PSNL","Personalis, Inc. - Common Stock","2021-05-25 14:30:00-04:00",22.14999961853028,22.239999771118164,21.8799991607666,21.940000534057617,21.940000534057617,51698
"PSNL","Personalis, Inc. - Common Stock","2021-05-25 15:30:00-04:00",21.940000534057617,22.02499961853028,21.71999931335449,21.71999931335449,21.71999931335449,84546
"PSNL","Personalis, Inc. - Common Stock","2021-05-25 16:00:00-04:00",21.72,21.72,21.48,21.72,21.72,0
"PSNL","Personalis, Inc. - Common Stock","2021-05-26 09:30:00-04:00",21.770000457763672,22.31999969482422,21.770000457763672,22.18000030517578,22.18000030517578,52612
"PSNL","Personalis, Inc. - Common Stock","2021-05-26 10:30:00-04:00",22.25,22.309999465942383,22.09000015258789,22.13500022888184,22.13500022888184,53801
"PSNL","Personalis, Inc. - Common Stock","2021-05-26 11:30:00-04:00",22.13500022888184,22.25,22.100000381469727,22.209999084472656,22.209999084472656,37663
"PSNL","Personalis, Inc. - Common Stock","2021-05-26 12:30:00-04:00",22.21999931335449,22.32999992370605,22.030000686645508,22.280000686645508,22.280000686645508,71438
"PSNL","Personalis, Inc. - Common Stock","2021-05-26 13:30:00-04:00",22.290000915527344,22.56999969482422,22.290000915527344,22.489999771118164,22.489999771118164,53546
"PSNL","Personalis, Inc. - Common Stock","2021-05-26 14:30:00-04:00",22.540000915527344,22.540000915527344,22.350000381469727,22.39999961853028,22.39999961853028,46014
"PSNL","Personalis, Inc. - Common Stock","2021-05-26 15:30:00-04:00",22.40999984741211,22.489999771118164,22.200000762939453,22.26000022888184,22.26000022888184,87305
"PSNL","Personalis, Inc. - Common Stock","2021-05-26 16:00:00-04:00",22.29,22.4,22.29,22.4,22.4,0
"PSNL","Personalis, Inc. - Common Stock","2021-05-27 08:00:00-04:00",22.29,22.29,22.29,22.29,22.29,0
"PSNL","Personalis, Inc. - Common Stock","2021-05-27 09:30:00-04:00",22.209999084472656,22.32999992370605,21.530000686645508,22.020000457763672,22.020000457763672,80589
"PSNL","Personalis, Inc. - Common Stock","2021-05-27 10:30:00-04:00",22.01000022888184,22.01000022888184,21.51000022888184,21.940000534057617,21.940000534057617,32111
"PSNL","Personalis, Inc. - Common Stock","2021-05-27 11:30:00-04:00",21.979999542236328,22.100000381469727,21.959999084472656,22.06999969482422,22.06999969482422,23164
"PSNL","Personalis, Inc. - Common Stock","2021-05-27 12:30:00-04:00",22.07990074157715,22.21999931335449,22.020000457763672,22.1299991607666,22.1299991607666,22856
"PSNL","Personalis, Inc. - Common Stock","2021-05-27 13:30:00-04:00",22.13999938964844,22.43000030517578,22.040000915527344,22.200000762939453,22.200000762939453,32366
"PSNL","Personalis, Inc. - Common Stock","2021-05-27 14:30:00-04:00",22.21999931335449,22.34000015258789,22.06999969482422,22.1299991607666,22.1299991607666,50511
"PSNL","Personalis, Inc. - Common Stock","2021-05-27 15:30:00-04:00",22.14999961853028,22.290000915527344,22.01000022888184,22.229999542236328,22.229999542236328,58844
"PSNL","Personalis, Inc. - Common Stock","2021-05-27 16:00:00-04:00",22.26,22.262781,22.2569,22.262781,22.262781,0
"PSNL","Personalis, Inc. - Common Stock","2021-05-28 09:30:00-04:00",22.299999237060547,23.625,22.299999237060547,23.09000015258789,23.09000015258789,132723
"PSNL","Personalis, Inc. - Common Stock","2021-05-28 10:30:00-04:00",23.07999992370605,23.170000076293945,22.90999984741211,22.929399490356445,22.929399490356445,59396
"PSNL","Personalis, Inc. - Common Stock","2021-05-28 11:30:00-04:00",22.950000762939453,23.040000915527344,22.6200008392334,22.790000915527344,22.790000915527344,30472
"PSNL","Personalis, Inc. - Common Stock","2021-05-28 12:30:00-04:00",22.809999465942383,23.020000457763672,22.690000534057617,22.690000534057617,22.690000534057617,28504
"PSNL","Personalis, Inc. - Common Stock","2021-05-28 13:30:00-04:00",22.700000762939453,22.96999931335449,22.6200008392334,22.96999931335449,22.96999931335449,28835
"PSNL","Personalis, Inc. - Common Stock","2021-05-28 14:30:00-04:00",22.93000030517578,23.06999969482422,22.6299991607666,22.65999984741211,22.65999984741211,81813
"PSNL","Personalis, Inc. - Common Stock","2021-05-28 15:30:00-04:00",22.6299991607666,22.64999961853028,22.420000076293945,22.520000457763672,22.520000457763672,103279
"PSNL","Personalis, Inc. - Common Stock","2021-05-28 16:00:00-04:00",22.49,22.59,22.49,22.59,22.59,0
"PSNL","Personalis, Inc. - Common Stock","2021-05-28 17:00:00-04:00",22.59,24.0,22.59,24.0,24.0,0
"PSNL","Personalis, Inc. - Common Stock","2021-05-28 19:00:00-04:00",22.6,22.6,22.6,22.6,22.6,0
"PSNL","Personalis, Inc. - Common Stock","2021-06-01 04:00:00-04:00",22.51,22.51,22.51,22.51,22.51,0
"PSNL","Personalis, Inc. - Common Stock","2021-06-01 08:00:00-04:00",22.51,24.0,22.49,23.76,23.76,0
"PSNL","Personalis, Inc. - Common Stock","2021-06-01 09:00:00-04:00",22.5,22.5,22.5,22.5,22.5,0
"PSNL","Personalis, Inc. - Common Stock","2021-06-01 09:30:00-04:00",22.57999992370605,22.72410011291504,21.25,21.674999237060547,21.674999237060547,117849
"PSNL","Personalis, Inc. - Common Stock","2021-06-01 10:30:00-04:00",21.670000076293945,21.770000457763672,21.059999465942383,21.30500030517578,21.30500030517578,66749
"PSNL","Personalis, Inc. - Common Stock","2021-06-01 11:30:00-04:00",21.299999237060547,21.489999771118164,21.170000076293945,21.489999771118164,21.489999771118164,51740
"PSNL","Personalis, Inc. - Common Stock","2021-06-01 12:30:00-04:00",21.440000534057617,21.549999237060547,21.32999992370605,21.530000686645508,21.530000686645508,30069
"PSNL","Personalis, Inc. - Common Stock","2021-06-01 13:30:00-04:00",21.489999771118164,21.63999938964844,21.48500061035156,21.61000061035156,21.61000061035156,27331
"PSNL","Personalis, Inc. - Common Stock","2021-06-01 14:30:00-04:00",21.600000381469727,21.799999237060547,21.600000381469727,21.604999542236328,21.604999542236328,47908
"PSNL","Personalis, Inc. - Common Stock","2021-06-01 15:30:00-04:00",21.600000381469727,21.61000061035156,21.40999984741211,21.549999237060547,21.549999237060547,87251
"PSNL","Personalis, Inc. - Common Stock","2021-06-01 16:00:00-04:00",21.52,21.69,21.5,21.69,21.69,0
"PSNL","Personalis, Inc. - Common Stock","2021-06-01 17:00:00-04:00",21.6,21.7,21.54,21.54,21.54,0
"PSNL","Personalis, Inc. - Common Stock","2021-06-01 18:00:00-04:00",21.4,21.4,21.4,21.4,21.4,0
"PSNL","Personalis, Inc. - Common Stock","2021-06-01 19:00:00-04:00",21.4,21.4,21.4,21.4,21.4,0
"PSNL","Personalis, Inc. - Common Stock","2021-06-02 07:00:00-04:00",21.4,21.4,21.4,21.4,21.4,0
"PSNL","Personalis, Inc. - Common Stock","2021-06-02 08:00:00-04:00",21.5,21.8,21.41,21.77,21.77,0
"PSNL","Personalis, Inc. - Common Stock","2021-06-02 09:30:00-04:00",21.56999969482422,22.06999969482422,21.25,21.61000061035156,21.61000061035156,64397
"PSNL","Personalis, Inc. - Common Stock","2021-06-02 10:30:00-04:00",21.670000076293945,21.790000915527344,21.479999542236328,21.655000686645508,21.655000686645508,29876
"PSNL","Personalis, Inc. - Common Stock","2021-06-02 11:30:00-04:00",21.65999984741211,21.89999961853028,21.6200008392334,21.8700008392334,21.8700008392334,22021
"PSNL","Personalis, Inc. - Common Stock","2021-06-02 12:30:00-04:00",21.8799991607666,22.100000381469727,21.75,21.82999992370605,21.82999992370605,28685
"PSNL","Personalis, Inc. - Common Stock","2021-06-02 13:30:00-04:00",21.799999237060547,21.85070037841797,21.450000762939453,21.559999465942383,21.559999465942383,27782
"PSNL","Personalis, Inc. - Common Stock","2021-06-02 14:30:00-04:00",21.530000686645508,21.665000915527344,21.39999961853028,21.450000762939453,21.450000762939453,57073
"PSNL","Personalis, Inc. - Common Stock","2021-06-02 15:30:00-04:00",21.459999084472656,21.65999984741211,21.450000762939453,21.600000381469727,21.600000381469727,70924
"PSNL","Personalis, Inc. - Common Stock","2021-06-02 16:00:00-04:00",21.61,21.82,21.61,21.82,21.82,0
"PSNL","Personalis, Inc. - Common Stock","2021-06-02 17:00:00-04:00",21.7816,21.7816,21.7816,21.7816,21.7816,0
"PSNL","Personalis, Inc. - Common Stock","2021-06-02 19:00:00-04:00",21.62,21.63,21.62,21.63,21.63,0
"PSNL","Personalis, Inc. - Common Stock","2021-06-03 07:00:00-04:00",21.61,21.61,21.61,21.61,21.61,0
"PSNL","Personalis, Inc. - Common Stock","2021-06-03 08:00:00-04:00",21.61,21.61,21.61,21.61,21.61,0
"PSNL","Personalis, Inc. - Common Stock","2021-06-03 09:00:00-04:00",21.66,21.66,21.21,21.42,21.42,0
"PSNL","Personalis, Inc. - Common Stock","2021-06-03 09:30:00-04:00",21.25,21.479999542236328,20.280000686645508,21.1299991607666,21.1299991607666,110952
"PSNL","Personalis, Inc. - Common Stock","2021-06-03 10:30:00-04:00",21.020000457763672,21.26000022888184,20.670000076293945,20.790000915527344,20.790000915527344,48071
"PSNL","Personalis, Inc. - Common Stock","2021-06-03 11:30:00-04:00",20.7549991607666,21.07999992370605,20.700000762939453,21.01000022888184,21.01000022888184,60870
"PSNL","Personalis, Inc. - Common Stock","2021-06-03 12:30:00-04:00",21.020000457763672,21.09090042114257,20.8700008392334,21.0,21.0,26635
"PSNL","Personalis, Inc. - Common Stock","2021-06-03 13:30:00-04:00",20.96999931335449,21.030000686645508,20.684999465942383,20.725000381469727,20.725000381469727,55227
"PSNL","Personalis, Inc. - Common Stock","2021-06-03 14:30:00-04:00",20.729999542236328,20.850000381469727,20.63999938964844,20.659900665283203,20.659900665283203,45302
"PSNL","Personalis, Inc. - Common Stock","2021-06-03 15:30:00-04:00",20.690000534057617,20.86000061035156,20.670000076293945,20.690000534057617,20.690000534057617,78355
"PSNL","Personalis, Inc. - Common Stock","2021-06-03 16:00:00-04:00",20.69,20.97,20.66,20.8,20.8,0
"PSNL","Personalis, Inc. - Common Stock","2021-06-03 17:00:00-04:00",20.85,20.88,20.65,20.66,20.66,0
"PSNL","Personalis, Inc. - Common Stock","2021-06-03 18:00:00-04:00",20.6,20.67,20.54,20.67,20.67,0
"PSNL","Personalis, Inc. - Common Stock","2021-06-03 19:00:00-04:00",20.7,20.7,20.51,20.51,20.51,0
"PSNL","Personalis, Inc. - Common Stock","2021-06-04 07:00:00-04:00",20.6,20.6,20.6,20.6,20.6,0
"PSNL","Personalis, Inc. - Common Stock","2021-06-04 08:00:00-04:00",20.51,20.98,20.51,20.6099,20.6099,0
"PSNL","Personalis, Inc. - Common Stock","2021-06-04 09:00:00-04:00",20.61,20.91,20.61,20.9,20.9,0
"PSNL","Personalis, Inc. - Common Stock","2021-06-04 09:30:00-04:00",20.729999542236328,21.5,20.540000915527344,20.770000457763672,20.770000457763672,91638
"PSNL","Personalis, Inc. - Common Stock","2021-06-04 10:30:00-04:00",20.790000915527344,21.25,20.6299991607666,21.225400924682617,21.225400924682617,73746
"PSNL","Personalis, Inc. - Common Stock","2021-06-04 11:30:00-04:00",21.190000534057617,21.38999938964844,21.020000457763672,21.38999938964844,21.38999938964844,56420
"PSNL","Personalis, Inc. - Common Stock","2021-06-04 12:30:00-04:00",21.479999542236328,21.479999542236328,21.14999961853028,21.190000534057617,21.190000534057617,25363
"PSNL","Personalis, Inc. - Common Stock","2021-06-04 13:30:00-04:00",21.18000030517578,21.190000534057617,20.82999992370605,20.82999992370605,20.82999992370605,23013
"PSNL","Personalis, Inc. - Common Stock","2021-06-04 14:30:00-04:00",20.809999465942383,20.88999938964844,20.69499969482422,20.709999084472656,20.709999084472656,35885
"PSNL","Personalis, Inc. - Common Stock","2021-06-04 15:30:00-04:00",20.709999084472656,20.8700008392334,20.68000030517578,20.71999931335449,20.71999931335449,59760
"PSNL","Personalis, Inc. - Common Stock","2021-06-04 16:00:00-04:00",20.7,20.7,20.7,20.7,20.7,23112
"PSNL","Personalis, Inc. - Common Stock","2021-06-07 07:00:00-04:00",20.3,20.3,19.99,19.99,19.99,0
"PSNL","Personalis, Inc. - Common Stock","2021-06-07 08:00:00-04:00",21.06,21.06,21.06,21.06,21.06,0
"PSNL","Personalis, Inc. - Common Stock","2021-06-07 09:00:00-04:00",21.0,21.0,20.49,20.99,20.99,0
"PSNL","Personalis, Inc. - Common Stock","2021-06-07 09:30:00-04:00",20.549999237060547,21.790000915527344,20.39999961853028,21.790000915527344,21.790000915527344,78178
"PSNL","Personalis, Inc. - Common Stock","2021-06-07 10:30:00-04:00",21.799999237060547,22.700000762939453,21.65010070800781,22.670000076293945,22.670000076293945,179632
"PSNL","Personalis, Inc. - Common Stock","2021-06-07 11:30:00-04:00",22.65999984741211,23.200000762939453,22.64999961853028,22.96999931335449,22.96999931335449,134193
"PSNL","Personalis, Inc. - Common Stock","2021-06-07 12:30:00-04:00",22.989999771118164,23.43000030517578,22.97010040283203,23.20359992980957,23.20359992980957,70644
"PSNL","Personalis, Inc. - Common Stock","2021-06-07 13:30:00-04:00",23.190000534057617,23.46500015258789,23.190000534057617,23.34000015258789,23.34000015258789,70730
"PSNL","Personalis, Inc. - Common Stock","2021-06-07 14:30:00-04:00",23.36000061035156,23.40999984741211,22.8799991607666,23.09000015258789,23.09000015258789,85858
"PSNL","Personalis, Inc. - Common Stock","2021-06-07 15:30:00-04:00",23.1200008392334,23.1299991607666,22.799999237060547,22.8700008392334,22.8700008392334,95526
"PSNL","Personalis, Inc. - Common Stock","2021-06-07 16:00:00-04:00",22.86,23.0,22.06,22.06,22.06,0
"PSNL","Personalis, Inc. - Common Stock","2021-06-07 17:00:00-04:00",22.86,22.86,22.86,22.86,22.86,0
"PSNL","Personalis, Inc. - Common Stock","2021-06-07 18:00:00-04:00",23.0,23.0,23.0,23.0,23.0,0
"PSNL","Personalis, Inc. - Common Stock","2021-06-07 19:00:00-04:00",23.0,23.0,23.0,23.0,23.0,0
"PSNL","Personalis, Inc. - Common Stock","2021-06-08 06:00:00-04:00",23.15,23.15,23.15,23.15,23.15,0
"PSNL","Personalis, Inc. - Common Stock","2021-06-08 07:00:00-04:00",23.2,23.2,22.7,22.8,22.8,0
"PSNL","Personalis, Inc. - Common Stock","2021-06-08 08:00:00-04:00",23.21,23.22,22.7499,23.1001,23.1001,0
"PSNL","Personalis, Inc. - Common Stock","2021-06-08 09:30:00-04:00",22.940000534057617,23.0,22.299999237060547,22.739999771118164,22.739999771118164,97361
"PSNL","Personalis, Inc. - Common Stock","2021-06-08 10:30:00-04:00",22.82999992370605,22.82999992370605,21.75,22.01000022888184,22.01000022888184,72081
"PSNL","Personalis, Inc. - Common Stock","2021-06-08 11:30:00-04:00",22.09000015258789,22.21999931335449,21.920000076293945,22.15999984741211,22.15999984741211,43798
"PSNL","Personalis, Inc. - Common Stock","2021-06-08 12:30:00-04:00",22.190000534057617,22.39999961853028,22.1200008392334,22.309999465942383,22.309999465942383,46165
"PSNL","Personalis, Inc. - Common Stock","2021-06-08 13:30:00-04:00",22.309999465942383,22.489999771118164,22.270000457763672,22.39999961853028,22.39999961853028,38741
"PSNL","Personalis, Inc. - Common Stock","2021-06-08 14:30:00-04:00",22.43000030517578,22.71999931335449,22.32999992370605,22.57999992370605,22.57999992370605,75634
"PSNL","Personalis, Inc. - Common Stock","2021-06-08 15:30:00-04:00",22.56999969482422,22.670000076293945,22.450000762939453,22.459999084472656,22.459999084472656,81644
"PSNL","Personalis, Inc. - Common Stock","2021-06-08 16:00:00-04:00",22.45,22.45,22.45,22.45,22.45,0
"PSNL","Personalis, Inc. - Common Stock","2021-06-08 17:00:00-04:00",22.45,22.45,22.45,22.45,22.45,0
"PSNL","Personalis, Inc. - Common Stock","2021-06-08 18:00:00-04:00",22.45,22.45,22.02,22.02,22.02,0
"PSNL","Personalis, Inc. - Common Stock","2021-06-09 08:00:00-04:00",22.45,22.46,22.45,22.46,22.46,0
"PSNL","Personalis, Inc. - Common Stock","2021-06-09 09:00:00-04:00",22.45,22.5,22.45,22.5,22.5,0
"PSNL","Personalis, Inc. - Common Stock","2021-06-09 09:30:00-04:00",22.690000534057617,23.32999992370605,22.690000534057617,22.959999084472656,22.959999084472656,84459
"PSNL","Personalis, Inc. - Common Stock","2021-06-09 10:30:00-04:00",22.93000030517578,23.09000015258789,22.559999465942383,22.63999938964844,22.63999938964844,75669
"PSNL","Personalis, Inc. - Common Stock","2021-06-09 11:30:00-04:00",22.6299991607666,22.7549991607666,22.32999992370605,22.7549991607666,22.7549991607666,38545
"PSNL","Personalis, Inc. - Common Stock","2021-06-09 12:30:00-04:00",22.79990005493164,23.34000015258789,22.75,23.26000022888184,23.26000022888184,58032
"PSNL","Personalis, Inc. - Common Stock","2021-06-09 13:30:00-04:00",23.25,23.25,23.02499961853028,23.09000015258789,23.09000015258789,51992
"PSNL","Personalis, Inc. - Common Stock","2021-06-09 14:30:00-04:00",23.09000015258789,23.21999931335449,22.76000022888184,22.770000457763672,22.770000457763672,79964
"PSNL","Personalis, Inc. - Common Stock","2021-06-09 15:30:00-04:00",22.790000915527344,22.8700008392334,22.61000061035156,22.65999984741211,22.65999984741211,92949
"PSNL","Personalis, Inc. - Common Stock","2021-06-09 16:00:00-04:00",22.67,22.67,22.67,22.67,22.67,45681
"PSNL","Personalis, Inc. - Common Stock","2021-06-09 17:00:00-04:00",22.65,22.65,22.55,22.56,22.56,0
"PSNL","Personalis, Inc. - Common Stock","2021-06-10 08:00:00-04:00",22.67,22.67,22.6,22.6,22.6,0
"PSNL","Personalis, Inc. - Common Stock","2021-06-10 09:30:00-04:00",22.559999465942383,23.190000534057617,22.190000534057617,22.950000762939453,22.950000762939453,83795
"PSNL","Personalis, Inc. - Common Stock","2021-06-10 10:30:00-04:00",22.96999931335449,23.049999237060547,22.39999961853028,22.989999771118164,22.989999771118164,56210
"PSNL","Personalis, Inc. - Common Stock","2021-06-10 11:30:00-04:00",23.049999237060547,23.559999465942383,22.920000076293945,23.5,23.5,68540
"PSNL","Personalis, Inc. - Common Stock","2021-06-10 12:30:00-04:00",23.530000686645508,23.93000030517578,23.5,23.728099822998047,23.728099822998047,68590
"PSNL","Personalis, Inc. - Common Stock","2021-06-10 13:30:00-04:00",23.76000022888184,23.90999984741211,23.65999984741211,23.76000022888184,23.76000022888184,91868
"PSNL","Personalis, Inc. - Common Stock","2021-06-10 14:30:00-04:00",23.780000686645508,23.89999961853028,23.32999992370605,23.3700008392334,23.3700008392334,105486
"PSNL","Personalis, Inc. - Common Stock","2021-06-10 15:30:00-04:00",23.45429992675781,23.45429992675781,23.200000762939453,23.299999237060547,23.299999237060547,171617
"PSNL","Personalis, Inc. - Common Stock","2021-06-10 16:00:00-04:00",23.3,23.3,23.3,23.3,23.3,0
"PSNL","Personalis, Inc. - Common Stock","2021-06-10 17:00:00-04:00",23.35,23.35,23.35,23.35,23.35,0
"PSNL","Personalis, Inc. - Common Stock","2021-06-10 19:00:00-04:00",23.3,23.35,23.2999,23.35,23.35,0
"PSNL","Personalis, Inc. - Common Stock","2021-06-11 07:00:00-04:00",23.65,23.65,23.37,23.37,23.37,0
"PSNL","Personalis, Inc. - Common Stock","2021-06-11 08:00:00-04:00",23.64,23.6501,23.3699,23.45,23.45,0
"PSNL","Personalis, Inc. - Common Stock","2021-06-11 09:00:00-04:00",23.33,23.6,23.3,23.3,23.3,0
"PSNL","Personalis, Inc. - Common Stock","2021-06-11 09:30:00-04:00",23.190000534057617,23.739999771118164,23.020000457763672,23.5049991607666,23.5049991607666,61343
"PSNL","Personalis, Inc. - Common Stock","2021-06-11 10:30:00-04:00",23.5,23.65999984741211,23.11210060119629,23.229999542236328,23.229999542236328,56227
"PSNL","Personalis, Inc. - Common Stock","2021-06-11 11:30:00-04:00",23.200000762939453,23.200000762939453,22.780000686645508,22.93000030517578,22.93000030517578,47234
"PSNL","Personalis, Inc. - Common Stock","2021-06-11 12:30:00-04:00",22.90999984741211,23.1299991607666,22.84000015258789,23.040000915527344,23.040000915527344,47185
"PSNL","Personalis, Inc. - Common Stock","2021-06-11 13:30:00-04:00",23.049999237060547,23.109100341796875,22.91710090637207,22.959999084472656,22.959999084472656,25913
"PSNL","Personalis, Inc. - Common Stock","2021-06-11 14:30:00-04:00",22.959999084472656,22.979999542236328,22.8799991607666,22.90010070800781,22.90010070800781,28345
"PSNL","Personalis, Inc. - Common Stock","2021-06-11 15:30:00-04:00",22.920000076293945,22.959999084472656,22.56999969482422,22.799999237060547,22.799999237060547,95452
"PSNL","Personalis, Inc. - Common Stock","2021-06-11 16:00:00-04:00",22.8,22.8,22.8,22.8,22.8,23302
"PSNL","Personalis, Inc. - Common Stock","2021-06-11 17:00:00-04:00",23.275,24.4,23.275,23.49,23.49,0
"PSNL","Personalis, Inc. - Common Stock","2021-06-14 05:00:00-04:00",23.0,23.0,23.0,23.0,23.0,0
"PSNL","Personalis, Inc. - Common Stock","2021-06-14 09:00:00-04:00",23.54,23.54,23.29,23.54,23.54,0
"PSNL","Personalis, Inc. - Common Stock","2021-06-14 09:30:00-04:00",23.479999542236328,24.68000030517578,23.200000762939453,24.3700008392334,24.3700008392334,126790
"PSNL","Personalis, Inc. - Common Stock","2021-06-14 10:30:00-04:00",24.280000686645508,24.34499931335449,23.940000534057617,24.32299995422364,24.32299995422364,81166
"PSNL","Personalis, Inc. - Common Stock","2021-06-14 11:30:00-04:00",24.32999992370605,24.559999465942383,24.21999931335449,24.32999992370605,24.32999992370605,28445
"PSNL","Personalis, Inc. - Common Stock","2021-06-14 12:30:00-04:00",24.24469947814941,24.350000381469727,24.1299991607666,24.209999084472656,24.209999084472656,40202
"PSNL","Personalis, Inc. - Common Stock","2021-06-14 13:30:00-04:00",24.25,24.299999237060547,23.82999992370605,23.8799991607666,23.8799991607666,34612
"PSNL","Personalis, Inc. - Common Stock","2021-06-14 14:30:00-04:00",23.8700008392334,24.01000022888184,23.700000762939453,23.84000015258789,23.84000015258789,70743
"PSNL","Personalis, Inc. - Common Stock","2021-06-14 15:30:00-04:00",23.82999992370605,23.84499931335449,23.51000022888184,23.57999992370605,23.57999992370605,80284
"PSNL","Personalis, Inc. - Common Stock","2021-06-14 16:00:00-04:00",23.63,23.63,23.6,23.63,23.63,0
"PSNL","Personalis, Inc. - Common Stock","2021-06-14 17:00:00-04:00",23.7,23.7,23.7,23.7,23.7,0
"PSNL","Personalis, Inc. - Common Stock","2021-06-15 07:00:00-04:00",23.64,23.64,23.64,23.64,23.64,0
"PSNL","Personalis, Inc. - Common Stock","2021-06-15 08:00:00-04:00",23.52,23.8,23.52,23.7,23.7,0
"PSNL","Personalis, Inc. - Common Stock","2021-06-15 09:00:00-04:00",23.7,23.7,23.7,23.7,23.7,0
"PSNL","Personalis, Inc. - Common Stock","2021-06-15 09:30:00-04:00",23.450000762939453,23.549999237060547,22.309999465942383,22.38999938964844,22.38999938964844,120890
"PSNL","Personalis, Inc. - Common Stock","2021-06-15 10:30:00-04:00",22.34000015258789,22.6299991607666,22.280000686645508,22.36000061035156,22.36000061035156,45444
"PSNL","Personalis, Inc. - Common Stock","2021-06-15 11:30:00-04:00",22.269800186157227,22.76000022888184,22.190000534057617,22.76000022888184,22.76000022888184,43133
"PSNL","Personalis, Inc. - Common Stock","2021-06-15 12:30:00-04:00",22.71999931335449,22.76000022888184,22.299999237060547,22.48500061035156,22.48500061035156,26204
"PSNL","Personalis, Inc. - Common Stock","2021-06-15 13:30:00-04:00",22.53499984741211,22.65999984741211,22.450000762939453,22.63999938964844,22.63999938964844,24085
"PSNL","Personalis, Inc. - Common Stock","2021-06-15 14:30:00-04:00",22.63999938964844,22.950000762939453,22.6299991607666,22.65999984741211,22.65999984741211,56718
"PSNL","Personalis, Inc. - Common Stock","2021-06-15 15:30:00-04:00",22.65999984741211,22.89999961853028,22.65999984741211,22.89999961853028,22.89999961853028,67045
"PSNL","Personalis, Inc. - Common Stock","2021-06-15 16:00:00-04:00",22.88,22.88,22.88,22.88,22.88,0
"PSNL","Personalis, Inc. - Common Stock","2021-06-16 08:00:00-04:00",22.92,23.0,22.88,22.88,22.88,0
"PSNL","Personalis, Inc. - Common Stock","2021-06-16 09:00:00-04:00",23.14,23.17,22.44,22.9,22.9,0
"PSNL","Personalis, Inc. - Common Stock","2021-06-16 09:30:00-04:00",22.8799991607666,23.075000762939453,22.34129905700684,22.56999969482422,22.56999969482422,91122
"PSNL","Personalis, Inc. - Common Stock","2021-06-16 10:30:00-04:00",22.479999542236328,22.6200008392334,22.36009979248047,22.531099319458008,22.531099319458008,68088
"PSNL","Personalis, Inc. - Common Stock","2021-06-16 11:30:00-04:00",22.57929992675781,23.200000762939453,22.53499984741211,22.795000076293945,22.795000076293945,190595
"PSNL","Personalis, Inc. - Common Stock","2021-06-16 12:30:00-04:00",22.8700008392334,23.170000076293945,22.729999542236328,23.11000061035156,23.11000061035156,60124
"PSNL","Personalis, Inc. - Common Stock","2021-06-16 13:30:00-04:00",23.1200008392334,23.600000381469727,22.604999542236328,22.864999771118164,22.864999771118164,90224
"PSNL","Personalis, Inc. - Common Stock","2021-06-16 14:30:00-04:00",22.739999771118164,23.07999992370605,22.11000061035156,22.84499931335449,22.84499931335449,141068
"PSNL","Personalis, Inc. - Common Stock","2021-06-16 15:30:00-04:00",22.84499931335449,23.198699951171875,22.84499931335449,23.14999961853028,23.14999961853028,96844
"PSNL","Personalis, Inc. - Common Stock","2021-06-16 16:00:00-04:00",23.15,23.15,23.15,23.15,23.15,0
"PSNL","Personalis, Inc. - Common Stock","2021-06-17 08:00:00-04:00",23.15,23.15,23.15,23.15,23.15,0
"PSNL","Personalis, Inc. - Common Stock","2021-06-17 09:00:00-04:00",23.0,23.05,23.0,23.05,23.05,0
"PSNL","Personalis, Inc. - Common Stock","2021-06-17 09:30:00-04:00",22.809999465942383,24.11000061035156,22.75,24.049999237060547,24.049999237060547,73698
"PSNL","Personalis, Inc. - Common Stock","2021-06-17 10:30:00-04:00",24.11000061035156,24.584999084472656,23.959999084472656,24.309999465942383,24.309999465942383,44078
"PSNL","Personalis, Inc. - Common Stock","2021-06-17 11:30:00-04:00",24.32999992370605,24.6200008392334,23.809999465942383,23.8799991607666,23.8799991607666,96869
"PSNL","Personalis, Inc. - Common Stock","2021-06-17 12:30:00-04:00",23.86000061035156,24.63999938964844,23.84499931335449,24.56999969482422,24.56999969482422,65236
"PSNL","Personalis, Inc. - Common Stock","2021-06-17 13:30:00-04:00",24.53470039367676,24.739999771118164,24.290000915527344,24.420000076293945,24.420000076293945,79438
"PSNL","Personalis, Inc. - Common Stock","2021-06-17 14:30:00-04:00",24.3700008392334,24.739999771118164,24.3700008392334,24.5,24.5,42851
"PSNL","Personalis, Inc. - Common Stock","2021-06-17 15:30:00-04:00",24.540000915527344,24.63999938964844,24.43000030517578,24.549999237060547,24.549999237060547,79364
"PSNL","Personalis, Inc. - Common Stock","2021-06-17 16:00:00-04:00",24.5,24.5,23.911,23.911,23.911,0
"PSNL","Personalis, Inc. - Common Stock","2021-06-17 17:00:00-04:00",24.0,24.4899,24.0,24.4899,24.4899,0
"PSNL","Personalis, Inc. - Common Stock","2021-06-17 18:00:00-04:00",24.5,24.5,24.5,24.5,24.5,0
"PSNL","Personalis, Inc. - Common Stock","2021-06-18 08:00:00-04:00",24.0,24.0,23.92,23.92,23.92,0
"PSNL","Personalis, Inc. - Common Stock","2021-06-18 09:30:00-04:00",24.239999771118164,24.76000022888184,24.000099182128903,24.36000061035156,24.36000061035156,172187
"PSNL","Personalis, Inc. - Common Stock","2021-06-18 10:30:00-04:00",24.31999969482422,24.65999984741211,24.030000686645508,24.14999961853028,24.14999961853028,69814
"PSNL","Personalis, Inc. - Common Stock","2021-06-18 11:30:00-04:00",24.14999961853028,24.6200008392334,24.14999961853028,24.57999992370605,24.57999992370605,39271
"PSNL","Personalis, Inc. - Common Stock","2021-06-18 12:30:00-04:00",24.56999969482422,24.6299991607666,24.39999961853028,24.46999931335449,24.46999931335449,35931
"PSNL","Personalis, Inc. - Common Stock","2021-06-18 13:30:00-04:00",24.450000762939453,24.68000030517578,24.43000030517578,24.68000030517578,24.68000030517578,43016
"PSNL","Personalis, Inc. - Common Stock","2021-06-18 14:30:00-04:00",24.61000061035156,24.709999084472656,24.239999771118164,24.459999084472656,24.459999084472656,79583
"PSNL","Personalis, Inc. - Common Stock","2021-06-18 15:30:00-04:00",24.43000030517578,24.700000762939453,24.36000061035156,24.6299991607666,24.6299991607666,102590
"PSNL","Personalis, Inc. - Common Stock","2021-06-18 16:00:00-04:00",24.64,24.64,24.625,24.64,24.64,0
"PSNL","Personalis, Inc. - Common Stock","2021-06-18 17:00:00-04:00",23.9,24.64,23.9,24.64,24.64,0
"PSNL","Personalis, Inc. - Common Stock","2021-06-21 08:00:00-04:00",24.64,24.64,24.64,24.64,24.64,0
"PSNL","Personalis, Inc. - Common Stock","2021-06-21 09:30:00-04:00",24.6299991607666,24.989999771118164,24.0,24.71500015258789,24.71500015258789,87498
"PSNL","Personalis, Inc. - Common Stock","2021-06-21 10:30:00-04:00",24.59000015258789,25.25,24.59000015258789,25.02079963684082,25.02079963684082,78485
"PSNL","Personalis, Inc. - Common Stock","2021-06-21 11:30:00-04:00",24.90999984741211,25.280000686645508,24.89999961853028,25.270000457763672,25.270000457763672,49500
"PSNL","Personalis, Inc. - Common Stock","2021-06-21 12:30:00-04:00",25.270000457763672,25.38999938964844,25.229999542236328,25.32999992370605,25.32999992370605,25297
"PSNL","Personalis, Inc. - Common Stock","2021-06-21 13:30:00-04:00",25.34000015258789,25.479999542236328,25.25,25.479999542236328,25.479999542236328,32054
"PSNL","Personalis, Inc. - Common Stock","2021-06-21 14:30:00-04:00",25.479999542236328,25.479999542236328,25.200000762939453,25.270000457763672,25.270000457763672,53575
"PSNL","Personalis, Inc. - Common Stock","2021-06-21 15:30:00-04:00",25.270000457763672,25.520000457763672,25.25,25.450000762939453,25.450000762939453,76524
"PSNL","Personalis, Inc. - Common Stock","2021-06-21 16:00:00-04:00",25.45,25.6,25.45,25.45,25.45,0
"PSNL","Personalis, Inc. - Common Stock","2021-06-21 18:00:00-04:00",25.6,25.81,25.6,25.81,25.81,0
"PSNL","Personalis, Inc. - Common Stock","2021-06-22 06:00:00-04:00",24.0,24.0,24.0,24.0,24.0,0
"PSNL","Personalis, Inc. - Common Stock","2021-06-22 07:00:00-04:00",25.45,25.45,25.0,25.0,25.0,0
"PSNL","Personalis, Inc. - Common Stock","2021-06-22 08:00:00-04:00",25.45,25.45,25.45,25.45,25.45,0
"PSNL","Personalis, Inc. - Common Stock","2021-06-22 09:30:00-04:00",25.479999542236328,25.780000686645508,25.08009910583496,25.38999938964844,25.38999938964844,71595
"PSNL","Personalis, Inc. - Common Stock","2021-06-22 10:30:00-04:00",25.31999969482422,25.5049991607666,25.2450008392334,25.32999992370605,25.32999992370605,55010
"PSNL","Personalis, Inc. - Common Stock","2021-06-22 11:30:00-04:00",25.32999992370605,25.420000076293945,25.100000381469727,25.39999961853028,25.39999961853028,51412
"PSNL","Personalis, Inc. - Common Stock","2021-06-22 12:30:00-04:00",25.39999961853028,25.40999984741211,25.007999420166016,25.1200008392334,25.1200008392334,31314
"PSNL","Personalis, Inc. - Common Stock","2021-06-22 13:30:00-04:00",25.13999938964844,25.299999237060547,25.059999465942383,25.1299991607666,25.1299991607666,25535
"PSNL","Personalis, Inc. - Common Stock","2021-06-22 14:30:00-04:00",25.07999992370605,25.459999084472656,25.049999237060547,25.440000534057617,25.440000534057617,32039
"PSNL","Personalis, Inc. - Common Stock","2021-06-22 15:30:00-04:00",25.450000762939453,25.68000030517578,25.434999465942383,25.670000076293945,25.670000076293945,53919
"PSNL","Personalis, Inc. - Common Stock","2021-06-22 16:00:00-04:00",25.67,25.72,25.67,25.72,25.72,0
"PSNL","Personalis, Inc. - Common Stock","2021-06-23 08:00:00-04:00",25.67,25.67,25.67,25.67,25.67,0
"PSNL","Personalis, Inc. - Common Stock","2021-06-23 09:30:00-04:00",25.709999084472656,26.420000076293945,25.559999465942383,25.8799991607666,25.8799991607666,69506
"PSNL","Personalis, Inc. - Common Stock","2021-06-23 10:30:00-04:00",25.89999961853028,25.989999771118164,25.350000381469727,25.989999771118164,25.989999771118164,60391
"PSNL","Personalis, Inc. - Common Stock","2021-06-23 11:30:00-04:00",25.920000076293945,26.030000686645508,25.709999084472656,26.030000686645508,26.030000686645508,26581
"PSNL","Personalis, Inc. - Common Stock","2021-06-23 12:30:00-04:00",26.040000915527344,26.05990028381348,25.81999969482422,25.989999771118164,25.989999771118164,64628
"PSNL","Personalis, Inc. - Common Stock","2021-06-23 13:30:00-04:00",25.950000762939453,26.3700008392334,25.920000076293945,25.920000076293945,25.920000076293945,117683
"PSNL","Personalis, Inc. - Common Stock","2021-06-23 14:30:00-04:00",25.989999771118164,26.700000762939453,25.93000030517578,26.46999931335449,26.46999931335449,115980
"PSNL","Personalis, Inc. - Common Stock","2021-06-23 15:30:00-04:00",26.51000022888184,26.82999992370605,26.31999969482422,26.38999938964844,26.38999938964844,102618
"PSNL","Personalis, Inc. - Common Stock","2021-06-23 16:00:00-04:00",26.35,26.785,26.35,26.35,26.35,0
"PSNL","Personalis, Inc. - Common Stock","2021-06-23 18:00:00-04:00",26.84,26.84,26.84,26.84,26.84,0
"PSNL","Personalis, Inc. - Common Stock","2021-06-24 07:00:00-04:00",26.4,26.4,26.4,26.4,26.4,0
"PSNL","Personalis, Inc. - Common Stock","2021-06-24 09:00:00-04:00",26.35,26.35,26.35,26.35,26.35,0
"PSNL","Personalis, Inc. - Common Stock","2021-06-24 09:30:00-04:00",26.65999984741211,26.940000534057617,26.170000076293945,26.31999969482422,26.31999969482422,47053
"PSNL","Personalis, Inc. - Common Stock","2021-06-24 10:30:00-04:00",26.309999465942383,26.459999084472656,26.01000022888184,26.229999542236328,26.229999542236328,30544
"PSNL","Personalis, Inc. - Common Stock","2021-06-24 11:30:00-04:00",26.18000030517578,26.479999542236328,26.11000061035156,26.34000015258789,26.34000015258789,37203
"PSNL","Personalis, Inc. - Common Stock","2021-06-24 12:30:00-04:00",26.32999992370605,26.32999992370605,25.979999542236328,26.13999938964844,26.13999938964844,45561
"PSNL","Personalis, Inc. - Common Stock","2021-06-24 13:30:00-04:00",26.229999542236328,26.309999465942383,25.979999542236328,26.209999084472656,26.209999084472656,30828
"PSNL","Personalis, Inc. - Common Stock","2021-06-24 14:30:00-04:00",26.21999931335449,26.5,26.18000030517578,26.31999969482422,26.31999969482422,38943
"PSNL","Personalis, Inc. - Common Stock","2021-06-24 15:30:00-04:00",26.34000015258789,26.34000015258789,26.14999961853028,26.190000534057617,26.190000534057617,109906
"PSNL","Personalis, Inc. - Common Stock","2021-06-24 16:00:00-04:00",26.19,26.19,26.19,26.19,26.19,56469
"PSNL","Personalis, Inc. - Common Stock","2021-06-25 09:30:00-04:00",26.200000762939453,26.799999237060547,25.549999237060547,25.88999938964844,25.88999938964844,0
"PSNL","Personalis, Inc. - Common Stock","2021-06-25 10:30:00-04:00",25.979999542236328,26.09000015258789,25.729999542236328,26.06999969482422,26.06999969482422,51851
"PSNL","Personalis, Inc. - Common Stock","2021-06-25 11:30:00-04:00",26.100000381469727,26.1299991607666,25.979999542236328,26.06999969482422,26.06999969482422,30126
"PSNL","Personalis, Inc. - Common Stock","2021-06-25 12:30:00-04:00",26.100000381469727,26.584999084472656,26.09000015258789,26.540000915527344,26.540000915527344,41177
"PSNL","Personalis, Inc. - Common Stock","2021-06-25 13:30:00-04:00",26.51000022888184,26.57999992370605,26.26000022888184,26.5,26.5,54816
"PSNL","Personalis, Inc. - Common Stock","2021-06-25 14:30:00-04:00",26.53499984741211,26.709999084472656,26.350000381469727,26.59000015258789,26.59000015258789,73770
"PSNL","Personalis, Inc. - Common Stock","2021-06-25 15:30:00-04:00",26.600000381469727,26.709999084472656,26.39999961853028,26.600000381469727,26.600000381469727,124866
"PSNL","Personalis, Inc. - Common Stock","2021-06-25 16:00:00-04:00",26.59,26.5919,26.5857,26.59,26.59,0
"PSNL","Personalis, Inc. - Common Stock","2021-06-25 17:00:00-04:00",26.01,26.01,26.01,26.01,26.01,0
"PSNL","Personalis, Inc. - Common Stock","2021-06-28 07:00:00-04:00",27.159,27.159,27.159,27.159,27.159,0
"PSNL","Personalis, Inc. - Common Stock","2021-06-28 08:00:00-04:00",27.15,27.21,26.59,26.59,26.59,0
"PSNL","Personalis, Inc. - Common Stock","2021-06-28 09:30:00-04:00",27.170000076293945,28.41309928894043,27.170000076293945,28.07999992370605,28.07999992370605,229444
"PSNL","Personalis, Inc. - Common Stock","2021-06-28 10:30:00-04:00",28.1299991607666,28.21999931335449,28.0,28.100000381469727,28.100000381469727,87092
"PSNL","Personalis, Inc. - Common Stock","2021-06-28 11:30:00-04:00",28.07360076904297,28.13999938964844,28.0,28.11000061035156,28.11000061035156,74312
"PSNL","Personalis, Inc. - Common Stock","2021-06-28 12:30:00-04:00",28.1200008392334,28.14999961853028,27.549999237060547,27.56999969482422,27.56999969482422,58482
"PSNL","Personalis, Inc. - Common Stock","2021-06-28 13:30:00-04:00",27.56999969482422,27.88999938964844,27.56999969482422,27.75,27.75,52917
"PSNL","Personalis, Inc. - Common Stock","2021-06-28 14:30:00-04:00",27.76000022888184,27.920000076293945,27.670000076293945,27.84000015258789,27.84000015258789,63580
"PSNL","Personalis, Inc. - Common Stock","2021-06-28 15:30:00-04:00",27.81999969482422,27.850000381469727,27.700000762939453,27.770000457763672,27.770000457763672,135827
"PSNL","Personalis, Inc. - Common Stock","2021-06-28 16:00:00-04:00",27.75,27.8,27.75,27.8,27.8,0
"PSNL","Personalis, Inc. - Common Stock","2021-06-28 17:00:00-04:00",27.75,27.75,27.75,27.75,27.75,0
"PSNL","Personalis, Inc. - Common Stock","2021-06-28 19:00:00-04:00",27.5,27.5,27.5,27.5,27.5,0
"PSNL","Personalis, Inc. - Common Stock","2021-06-29 08:00:00-04:00",28.0,28.0,28.0,28.0,28.0,0
"PSNL","Personalis, Inc. - Common Stock","2021-06-29 09:00:00-04:00",28.0,28.0,27.75,27.75,27.75,0
"PSNL","Personalis, Inc. - Common Stock","2021-06-29 09:30:00-04:00",27.770000457763672,28.280000686645508,27.549999237060547,27.68000030517578,27.68000030517578,123750
"PSNL","Personalis, Inc. - Common Stock","2021-06-29 10:30:00-04:00",27.790000915527344,27.88999938964844,27.36000061035156,27.40999984741211,27.40999984741211,43482
"PSNL","Personalis, Inc. - Common Stock","2021-06-29 11:30:00-04:00",27.36000061035156,27.45499992370605,26.729999542236328,27.135099411010746,27.135099411010746,37236
"PSNL","Personalis, Inc. - Common Stock","2021-06-29 12:30:00-04:00",27.100000381469727,27.39999961853028,27.0,27.15999984741211,27.15999984741211,31915
"PSNL","Personalis, Inc. - Common Stock","2021-06-29 13:30:00-04:00",27.09000015258789,27.190000534057617,26.440000534057617,26.4950008392334,26.4950008392334,34382
"PSNL","Personalis, Inc. - Common Stock","2021-06-29 14:30:00-04:00",26.5049991607666,26.690000534057617,26.32999992370605,26.450000762939453,26.450000762939453,45855
"PSNL","Personalis, Inc. - Common Stock","2021-06-29 15:30:00-04:00",26.46500015258789,26.700000762939453,26.32999992370605,26.40999984741211,26.40999984741211,61905
"PSNL","Personalis, Inc. - Common Stock","2021-06-29 16:00:00-04:00",26.39,26.39,26.39,26.39,26.39,0
"PSNL","Personalis, Inc. - Common Stock","2021-06-29 17:00:00-04:00",26.39,26.39,26.39,26.39,26.39,0
"PSNL","Personalis, Inc. - Common Stock","2021-06-30 19:00:00-04:00",25.25,25.67,25.25,25.43,25.43,0
"PSNL","Personalis, Inc. - Common Stock","2021-07-01 09:00:00-04:00",25.3,25.3,25.3,25.3,25.3,0
"PSNL","Personalis, Inc. - Common Stock","2021-07-01 09:30:00-04:00",25.25,26.3799991607666,25.25,25.989999771118164,25.989999771118164,81374
"PSNL","Personalis, Inc. - Common Stock","2021-07-01 10:30:00-04:00",26.020000457763672,26.059999465942383,25.39999961853028,25.39999961853028,25.39999961853028,71533
"PSNL","Personalis, Inc. - Common Stock","2021-07-01 11:30:00-04:00",25.46999931335449,26.06999969482422,25.46999931335449,25.9950008392334,25.9950008392334,36159
"PSNL","Personalis, Inc. - Common Stock","2021-07-01 12:30:00-04:00",26.0049991607666,26.06999969482422,25.790000915527344,25.96999931335449,25.96999931335449,39476
"PSNL","Personalis, Inc. - Common Stock","2021-07-01 13:30:00-04:00",26.0,26.25,25.96500015258789,26.0,26.0,42647
"PSNL","Personalis, Inc. - Common Stock","2021-07-01 14:30:00-04:00",26.0,26.350000381469727,25.979999542236328,26.229999542236328,26.229999542236328,54893
"PSNL","Personalis, Inc. - Common Stock","2021-07-01 15:30:00-04:00",26.229999542236328,26.229999542236328,25.979999542236328,26.059999465942383,26.059999465942383,83304
"PSNL","Personalis, Inc. - Common Stock","2021-07-01 16:00:00-04:00",26.05,26.05,26.05,26.05,26.05,0
"PSNL","Personalis, Inc. - Common Stock","2021-07-02 07:00:00-04:00",26.19,26.68,26.19,26.68,26.68,0
"PSNL","Personalis, Inc. - Common Stock","2021-07-02 08:00:00-04:00",26.1,26.15,26.1,26.14,26.14,0
"PSNL","Personalis, Inc. - Common Stock","2021-07-02 09:00:00-04:00",26.12,26.26,26.12,26.25,26.25,0
"PSNL","Personalis, Inc. - Common Stock","2021-07-02 09:30:00-04:00",26.059999465942383,26.31999969482422,25.1299991607666,25.21999931335449,25.21999931335449,50720
"PSNL","Personalis, Inc. - Common Stock","2021-07-02 10:30:00-04:00",25.18000030517578,25.18000030517578,24.760099411010746,24.88500022888184,24.88500022888184,45309
"PSNL","Personalis, Inc. - Common Stock","2021-07-02 11:30:00-04:00",24.88500022888184,25.209999084472656,24.84000015258789,24.989999771118164,24.989999771118164,30524
"PSNL","Personalis, Inc. - Common Stock","2021-07-02 12:30:00-04:00",24.940000534057617,25.181400299072266,24.8700008392334,25.165000915527344,25.165000915527344,22888
"PSNL","Personalis, Inc. - Common Stock","2021-07-02 13:30:00-04:00",25.1299991607666,25.21500015258789,24.940000534057617,25.1299991607666,25.1299991607666,35297
"PSNL","Personalis, Inc. - Common Stock","2021-07-02 14:30:00-04:00",25.1299991607666,25.1299991607666,24.82999992370605,24.86000061035156,24.86000061035156,33203
"PSNL","Personalis, Inc. - Common Stock","2021-07-02 15:30:00-04:00",24.8700008392334,24.96999931335449,24.700000762939453,24.700000762939453,24.700000762939453,66790
"PSNL","Personalis, Inc. - Common Stock","2021-07-02 16:00:00-04:00",24.71,24.8,24.0,24.73,24.73,0
"PSNL","Personalis, Inc. - Common Stock","2021-07-02 17:00:00-04:00",24.68,24.7,24.68,24.7,24.7,0
"PSNL","Personalis, Inc. - Common Stock","2021-07-06 07:00:00-04:00",24.7,24.8,24.7,24.8,24.8,0
"PSNL","Personalis, Inc. - Common Stock","2021-07-06 08:00:00-04:00",24.8,24.8,24.8,24.8,24.8,0
"PSNL","Personalis, Inc. - Common Stock","2021-07-06 09:00:00-04:00",24.6,24.68,24.6,24.68,24.68,0
"PSNL","Personalis, Inc. - Common Stock","2021-07-06 09:30:00-04:00",24.5,24.82999992370605,24.07999992370605,24.690000534057617,24.690000534057617,40572
"PSNL","Personalis, Inc. - Common Stock","2021-07-06 10:30:00-04:00",24.530000686645508,25.19499969482422,24.530000686645508,24.895000457763672,24.895000457763672,31811
"PSNL","Personalis, Inc. - Common Stock","2021-07-06 11:30:00-04:00",24.948999404907227,25.049999237060547,24.437000274658203,24.530000686645508,24.530000686645508,23571
"PSNL","Personalis, Inc. - Common Stock","2021-07-06 12:30:00-04:00",24.530000686645508,24.6200008392334,24.43000030517578,24.540000915527344,24.540000915527344,13911
"PSNL","Personalis, Inc. - Common Stock","2021-07-06 13:30:00-04:00",24.489999771118164,24.530000686645508,24.18000030517578,24.18000030517578,24.18000030517578,20026
"PSNL","Personalis, Inc. - Common Stock","2021-07-06 14:30:00-04:00",24.174999237060547,24.3700008392334,24.045000076293945,24.299999237060547,24.299999237060547,56276
"PSNL","Personalis, Inc. - Common Stock","2021-07-06 15:30:00-04:00",24.309999465942383,24.559999465942383,24.280000686645508,24.479999542236328,24.479999542236328,61018
"PSNL","Personalis, Inc. - Common Stock","2021-07-06 16:00:00-04:00",24.46,24.46,24.46,24.46,24.46,29856
"PSNL","Personalis, Inc. - Common Stock","2021-07-06 18:00:00-04:00",24.35,24.35,24.35,24.35,24.35,0
"PSNL","Personalis, Inc. - Common Stock","2021-07-07 09:30:00-04:00",24.520000457763672,24.520000457763672,23.229999542236328,23.26000022888184,23.26000022888184,65907
"PSNL","Personalis, Inc. - Common Stock","2021-07-07 10:30:00-04:00",23.25,23.45770072937012,23.06999969482422,23.281200408935547,23.281200408935547,48623
"PSNL","Personalis, Inc. - Common Stock","2021-07-07 11:30:00-04:00",23.299999237060547,23.6299991607666,23.13999938964844,23.57999992370605,23.57999992370605,26118
"PSNL","Personalis, Inc. - Common Stock","2021-07-07 12:30:00-04:00",23.559999465942383,23.799999237060547,23.520000457763672,23.64999961853028,23.64999961853028,62784
"PSNL","Personalis, Inc. - Common Stock","2021-07-07 13:30:00-04:00",23.68000030517578,23.729999542236328,23.46500015258789,23.46500015258789,23.46500015258789,21847
"PSNL","Personalis, Inc. - Common Stock","2021-07-07 14:30:00-04:00",23.440000534057617,23.520000457763672,23.26000022888184,23.44050025939941,23.44050025939941,22084
"PSNL","Personalis, Inc. - Common Stock","2021-07-07 15:30:00-04:00",23.415000915527344,23.63999938964844,23.3799991607666,23.540000915527344,23.540000915527344,58424
"PSNL","Personalis, Inc. - Common Stock","2021-07-07 16:00:00-04:00",23.55,23.55,23.55,23.55,23.55,28781
"PSNL","Personalis, Inc. - Common Stock","2021-07-07 19:00:00-04:00",23.4,23.68,23.32,23.5301,23.5301,0
"PSNL","Personalis, Inc. - Common Stock","2021-07-08 07:00:00-04:00",23.35,23.35,23.35,23.35,23.35,0
"PSNL","Personalis, Inc. - Common Stock","2021-07-08 08:00:00-04:00",23.3,23.3,22.8,22.8,22.8,0
"PSNL","Personalis, Inc. - Common Stock","2021-07-08 09:00:00-04:00",22.01,23.0,22.01,22.9,22.9,0
"PSNL","Personalis, Inc. - Common Stock","2021-07-08 09:30:00-04:00",22.6299991607666,22.920000076293945,21.785400390625,22.56999969482422,22.56999969482422,115432
"PSNL","Personalis, Inc. - Common Stock","2021-07-08 10:30:00-04:00",22.57749938964844,22.76000022888184,22.25,22.36000061035156,22.36000061035156,45605
"PSNL","Personalis, Inc. - Common Stock","2021-07-08 11:30:00-04:00",22.3700008392334,22.64929962158203,22.21500015258789,22.61000061035156,22.61000061035156,64215
"PSNL","Personalis, Inc. - Common Stock","2021-07-08 12:30:00-04:00",22.63999938964844,22.71999931335449,22.5,22.670000076293945,22.670000076293945,26440
"PSNL","Personalis, Inc. - Common Stock","2021-07-08 13:30:00-04:00",22.670000076293945,22.700000762939453,22.440000534057617,22.45499992370605,22.45499992370605,43284
"PSNL","Personalis, Inc. - Common Stock","2021-07-08 14:30:00-04:00",22.46999931335449,22.559999465942383,22.39999961853028,22.47599983215332,22.47599983215332,35524
"PSNL","Personalis, Inc. - Common Stock","2021-07-08 15:30:00-04:00",22.47599983215332,22.78499984741211,22.465999603271484,22.739999771118164,22.739999771118164,38357
"PSNL","Personalis, Inc. - Common Stock","2021-07-08 16:00:00-04:00",22.74,22.74,22.1,22.1,22.1,0
"PSNL","Personalis, Inc. - Common Stock","2021-07-08 17:00:00-04:00",23.27,23.28,23.26,23.26,23.26,0
"PSNL","Personalis, Inc. - Common Stock","2021-07-08 19:00:00-04:00",23.4,23.4,23.4,23.4,23.4,0
"PSNL","Personalis, Inc. - Common Stock","2021-07-09 08:00:00-04:00",23.05,23.05,23.05,23.05,23.05,0
"PSNL","Personalis, Inc. - Common Stock","2021-07-09 09:00:00-04:00",22.85,23.4,22.85,23.4,23.4,0
"PSNL","Personalis, Inc. - Common Stock","2021-07-09 09:30:00-04:00",22.93000030517578,23.31999969482422,22.615800857543945,23.13999938964844,23.13999938964844,55023
"PSNL","Personalis, Inc. - Common Stock","2021-07-09 10:30:00-04:00",23.100000381469727,23.420000076293945,22.95009994506836,23.299999237060547,23.299999237060547,27566
"PSNL","Personalis, Inc. - Common Stock","2021-07-09 11:30:00-04:00",23.239999771118164,23.46999931335449,23.170000076293945,23.450000762939453,23.450000762939453,19389
"PSNL","Personalis, Inc. - Common Stock","2021-07-09 12:30:00-04:00",23.48500061035156,23.575000762939453,23.29010009765625,23.4650993347168,23.4650993347168,22812
"PSNL","Personalis, Inc. - Common Stock","2021-07-09 13:30:00-04:00",23.489999771118164,23.69499969482422,23.479999542236328,23.69499969482422,23.69499969482422,30419
"PSNL","Personalis, Inc. - Common Stock","2021-07-09 14:30:00-04:00",23.690000534057617,23.709999084472656,23.479999542236328,23.559999465942383,23.559999465942383,30920
"PSNL","Personalis, Inc. - Common Stock","2021-07-09 15:30:00-04:00",23.559999465942383,23.81999969482422,23.559999465942383,23.75,23.75,67109
"PSNL","Personalis, Inc. - Common Stock","2021-07-09 16:00:00-04:00",23.78,23.8301,23.78,23.8301,23.8301,0
"PSNL","Personalis, Inc. - Common Stock","2021-07-09 19:00:00-04:00",23.8,23.8,23.8,23.8,23.8,0
"PSNL","Personalis, Inc. - Common Stock","2021-07-12 09:30:00-04:00",23.989999771118164,24.100000381469727,23.100000381469727,23.3700008392334,23.3700008392334,69644
"PSNL","Personalis, Inc. - Common Stock","2021-07-12 10:30:00-04:00",23.32999992370605,23.559999465942383,23.21999931335449,23.3700008392334,23.3700008392334,22961
"PSNL","Personalis, Inc. - Common Stock","2021-07-12 11:30:00-04:00",23.280000686645508,23.39999961853028,22.950000762939453,23.06999969482422,23.06999969482422,22838
"PSNL","Personalis, Inc. - Common Stock","2021-07-12 12:30:00-04:00",23.1200008392334,23.209999084472656,22.88999938964844,22.920000076293945,22.920000076293945,15056
"PSNL","Personalis, Inc. - Common Stock","2021-07-12 13:30:00-04:00",22.959999084472656,23.06999969482422,22.8799991607666,23.049999237060547,23.049999237060547,17739
"PSNL","Personalis, Inc. - Common Stock","2021-07-12 14:30:00-04:00",23.059999465942383,23.32999992370605,23.049999237060547,23.11000061035156,23.11000061035156,30402
"PSNL","Personalis, Inc. - Common Stock","2021-07-12 15:30:00-04:00",23.09499931335449,23.209999084472656,23.030000686645508,23.170000076293945,23.170000076293945,50976
"PSNL","Personalis, Inc. - Common Stock","2021-07-12 16:00:00-04:00",23.18,23.39,23.18,23.39,23.39,0
"PSNL","Personalis, Inc. - Common Stock","2021-07-12 17:00:00-04:00",23.18,23.2,23.15,23.15,23.15,0
"PSNL","Personalis, Inc. - Common Stock","2021-07-13 07:00:00-04:00",23.35,23.38,23.1,23.25,23.25,0
"PSNL","Personalis, Inc. - Common Stock","2021-07-13 09:00:00-04:00",23.2,23.2,23.15,23.15,23.15,0
"PSNL","Personalis, Inc. - Common Stock","2021-07-13 09:30:00-04:00",22.89999961853028,23.05500030517578,22.30500030517578,22.655000686645508,22.655000686645508,49415
"PSNL","Personalis, Inc. - Common Stock","2021-07-13 10:30:00-04:00",22.670000076293945,22.690000534057617,22.520000457763672,22.67959976196289,22.67959976196289,31854
"PSNL","Personalis, Inc. - Common Stock","2021-07-13 11:30:00-04:00",22.729999542236328,22.799999237060547,22.559999465942383,22.68000030517578,22.68000030517578,37005
"PSNL","Personalis, Inc. - Common Stock","2021-07-13 12:30:00-04:00",22.63999938964844,22.729999542236328,22.350000381469727,22.450000762939453,22.450000762939453,21318
"PSNL","Personalis, Inc. - Common Stock","2021-07-13 13:30:00-04:00",22.5,22.56999969482422,22.325000762939453,22.520000457763672,22.520000457763672,45257
"PSNL","Personalis, Inc. - Common Stock","2021-07-13 14:30:00-04:00",22.55990028381348,22.56999969482422,22.26000022888184,22.290000915527344,22.290000915527344,75237
"PSNL","Personalis, Inc. - Common Stock","2021-07-13 15:30:00-04:00",22.293800354003903,22.350000381469727,22.190000534057617,22.309999465942383,22.309999465942383,135438
"PSNL","Personalis, Inc. - Common Stock","2021-07-13 16:00:00-04:00",22.27,22.27,22.0,22.0,22.0,0
"PSNL","Personalis, Inc. - Common Stock","2021-07-14 09:00:00-04:00",22.0248,22.0248,22.0248,22.0248,22.0248,0
"PSNL","Personalis, Inc. - Common Stock","2021-07-14 09:30:00-04:00",22.68000030517578,22.76000022888184,22.040000915527344,22.459999084472656,22.459999084472656,108942
"PSNL","Personalis, Inc. - Common Stock","2021-07-14 10:30:00-04:00",22.479999542236328,22.65999984741211,21.90999984741211,21.90999984741211,21.90999984741211,51448
"PSNL","Personalis, Inc. - Common Stock","2021-07-14 11:30:00-04:00",21.89999961853028,22.049999237060547,21.40999984741211,21.56999969482422,21.56999969482422,76588
"PSNL","Personalis, Inc. - Common Stock","2021-07-14 12:30:00-04:00",21.56999969482422,21.739999771118164,21.520000457763672,21.549999237060547,21.549999237060547,53549
"PSNL","Personalis, Inc. - Common Stock","2021-07-14 13:30:00-04:00",21.549999237060547,21.6200008392334,21.36000061035156,21.450000762939453,21.450000762939453,62792
"PSNL","Personalis, Inc. - Common Stock","2021-07-14 14:30:00-04:00",21.45499992370605,21.5,21.012500762939453,21.03499984741211,21.03499984741211,58728
"PSNL","Personalis, Inc. - Common Stock","2021-07-14 15:30:00-04:00",21.01000022888184,21.239999771118164,21.0,21.229999542236328,21.229999542236328,84985
"PSNL","Personalis, Inc. - Common Stock","2021-07-14 16:00:00-04:00",21.23,21.23,21.09,21.09,21.09,0
"PSNL","Personalis, Inc. - Common Stock","2021-07-14 17:00:00-04:00",21.5,21.5,21.5,21.5,21.5,0
"PSNL","Personalis, Inc. - Common Stock","2021-07-14 19:00:00-04:00",21.3,21.3,21.3,21.3,21.3,0
"PSNL","Personalis, Inc. - Common Stock","2021-07-15 07:00:00-04:00",21.02,21.02,21.0,21.0,21.0,0
"PSNL","Personalis, Inc. - Common Stock","2021-07-15 08:00:00-04:00",21.0,21.0,21.0,21.0,21.0,0
"PSNL","Personalis, Inc. - Common Stock","2021-07-15 09:30:00-04:00",21.0,21.65999984741211,20.684999465942383,21.21500015258789,21.21500015258789,76690
"PSNL","Personalis, Inc. - Common Stock","2021-07-15 10:30:00-04:00",21.209999084472656,21.25,21.049999237060547,21.15999984741211,21.15999984741211,42022
"PSNL","Personalis, Inc. - Common Stock","2021-07-15 11:30:00-04:00",21.184999465942383,21.21999931335449,20.89999961853028,21.030000686645508,21.030000686645508,28186
"PSNL","Personalis, Inc. - Common Stock","2021-07-15 12:30:00-04:00",20.96999931335449,21.01499938964844,20.709999084472656,20.72010040283203,20.72010040283203,36345
"PSNL","Personalis, Inc. - Common Stock","2021-07-15 13:30:00-04:00",20.71999931335449,20.71999931335449,20.309999465942383,20.65999984741211,20.65999984741211,47286
"PSNL","Personalis, Inc. - Common Stock","2021-07-15 14:30:00-04:00",20.674999237060547,20.75,20.450000762939453,20.64999961853028,20.64999961853028,70508
"PSNL","Personalis, Inc. - Common Stock","2021-07-15 15:30:00-04:00",20.64999961853028,21.03499984741211,20.625,20.989999771118164,20.989999771118164,61963
"PSNL","Personalis, Inc. - Common Stock","2021-07-15 16:00:00-04:00",21.0,21.0,21.0,21.0,21.0,0
"PSNL","Personalis, Inc. - Common Stock","2021-07-16 09:30:00-04:00",21.239999771118164,21.239999771118164,20.780000686645508,20.934999465942383,20.934999465942383,42859
"PSNL","Personalis, Inc. - Common Stock","2021-07-16 10:30:00-04:00",20.959999084472656,21.48040008544922,20.959999084472656,21.34000015258789,21.34000015258789,24075
"PSNL","Personalis, Inc. - Common Stock","2021-07-16 11:30:00-04:00",21.3700008392334,21.5,21.270000457763672,21.38999938964844,21.38999938964844,22116
"PSNL","Personalis, Inc. - Common Stock","2021-07-16 12:30:00-04:00",21.38999938964844,21.437700271606445,21.21999931335449,21.21999931335449,21.21999931335449,21774
"PSNL","Personalis, Inc. - Common Stock","2021-07-16 13:30:00-04:00",21.20499992370605,21.40999984741211,21.1299991607666,21.350000381469727,21.350000381469727,21503
"PSNL","Personalis, Inc. - Common Stock","2021-07-16 14:30:00-04:00",21.34000015258789,21.450000762939453,21.170000076293945,21.21999931335449,21.21999931335449,21044
"PSNL","Personalis, Inc. - Common Stock","2021-07-16 15:30:00-04:00",21.21999931335449,21.479999542236328,21.200000762939453,21.39999961853028,21.39999961853028,71443
"PSNL","Personalis, Inc. - Common Stock","2021-07-16 16:00:00-04:00",21.39,21.505,21.39,21.505,21.505,0
"PSNL","Personalis, Inc. - Common Stock","2021-07-16 17:00:00-04:00",21.505,21.505,21.505,21.505,21.505,0
"PSNL","Personalis, Inc. - Common Stock","2021-07-19 09:30:00-04:00",20.739999771118164,21.0,20.450000762939453,20.809999465942383,20.809999465942383,103602
"PSNL","Personalis, Inc. - Common Stock","2021-07-19 10:30:00-04:00",20.799999237060547,20.98710060119629,20.674999237060547,20.77499961853028,20.77499961853028,78513
"PSNL","Personalis, Inc. - Common Stock","2021-07-19 11:30:00-04:00",20.799999237060547,21.18000030517578,20.799999237060547,20.989999771118164,20.989999771118164,50979
"PSNL","Personalis, Inc. - Common Stock","2021-07-19 12:30:00-04:00",20.989999771118164,21.01000022888184,20.739999771118164,20.7549991607666,20.7549991607666,38759
"PSNL","Personalis, Inc. - Common Stock","2021-07-19 13:30:00-04:00",20.739999771118164,20.86860084533692,20.56999969482422,20.82999992370605,20.82999992370605,66910
"PSNL","Personalis, Inc. - Common Stock","2021-07-19 14:30:00-04:00",20.81999969482422,20.84000015258789,20.6299991607666,20.739999771118164,20.739999771118164,60484
"PSNL","Personalis, Inc. - Common Stock","2021-07-19 15:30:00-04:00",20.729999542236328,20.959999084472656,20.690000534057617,20.8700008392334,20.8700008392334,112765
"PSNL","Personalis, Inc. - Common Stock","2021-07-19 16:00:00-04:00",20.85,20.87,20.85,20.85,20.85,0
"PSNL","Personalis, Inc. - Common Stock","2021-07-20 09:00:00-04:00",20.95,21.24,20.95,20.95,20.95,0
"PSNL","Personalis, Inc. - Common Stock","2021-07-20 09:30:00-04:00",21.049999237060547,21.6299991607666,20.950000762939453,21.43000030517578,21.43000030517578,80016
"PSNL","Personalis, Inc. - Common Stock","2021-07-20 10:30:00-04:00",21.36000061035156,21.65749931335449,21.32999992370605,21.65749931335449,21.65749931335449,34317
"PSNL","Personalis, Inc. - Common Stock","2021-07-20 11:30:00-04:00",21.65999984741211,21.770000457763672,21.34000015258789,21.39999961853028,21.39999961853028,31249
"PSNL","Personalis, Inc. - Common Stock","2021-07-20 12:30:00-04:00",21.440000534057617,21.46999931335449,21.1200008392334,21.240800857543945,21.240800857543945,28307
"PSNL","Personalis, Inc. - Common Stock","2021-07-20 13:30:00-04:00",21.270000457763672,21.420000076293945,21.190000534057617,21.420000076293945,21.420000076293945,29613
"PSNL","Personalis, Inc. - Common Stock","2021-07-20 14:30:00-04:00",21.43000030517578,21.89999961853028,21.26000022888184,21.885299682617188,21.885299682617188,49604
"PSNL","Personalis, Inc. - Common Stock","2021-07-20 15:30:00-04:00",21.8700008392334,22.059999465942383,21.700000762939453,21.82999992370605,21.82999992370605,87325
"PSNL","Personalis, Inc. - Common Stock","2021-07-20 16:00:00-04:00",21.79,21.79,21.79,21.79,21.79,0
"PSNL","Personalis, Inc. - Common Stock","2021-07-21 08:00:00-04:00",21.79,21.79,21.79,21.79,21.79,0
"PSNL","Personalis, Inc. - Common Stock","2021-07-21 09:30:00-04:00",21.8799991607666,21.989999771118164,21.299999237060547,21.600000381469727,21.600000381469727,47091
"PSNL","Personalis, Inc. - Common Stock","2021-07-21 10:30:00-04:00",21.6299991607666,21.81999969482422,21.530000686645508,21.790000915527344,21.790000915527344,14677
"PSNL","Personalis, Inc. - Common Stock","2021-07-21 11:30:00-04:00",21.81999969482422,22.25,21.799999237060547,22.21999931335449,22.21999931335449,25053
"PSNL","Personalis, Inc. - Common Stock","2021-07-21 12:30:00-04:00",22.190000534057617,22.51000022888184,22.14999961853028,22.459999084472656,22.459999084472656,19917
"PSNL","Personalis, Inc. - Common Stock","2021-07-21 13:30:00-04:00",22.459999084472656,22.70499992370605,22.434999465942383,22.51499938964844,22.51499938964844,31351
"PSNL","Personalis, Inc. - Common Stock","2021-07-21 14:30:00-04:00",22.549999237060547,22.739999771118164,22.51729965209961,22.559999465942383,22.559999465942383,27882
"PSNL","Personalis, Inc. - Common Stock","2021-07-21 15:30:00-04:00",22.59000015258789,22.709999084472656,22.56999969482422,22.670000076293945,22.670000076293945,62169
"PSNL","Personalis, Inc. - Common Stock","2021-07-21 16:00:00-04:00",22.67,22.67,22.67,22.67,22.67,0
"PSNL","Personalis, Inc. - Common Stock","2021-07-22 09:30:00-04:00",22.700000762939453,22.96999931335449,22.11000061035156,22.32999992370605,22.32999992370605,27502
"PSNL","Personalis, Inc. - Common Stock","2021-07-22 10:30:00-04:00",22.4950008392334,22.549999237060547,21.920000076293945,22.09000015258789,22.09000015258789,23343
"PSNL","Personalis, Inc. - Common Stock","2021-07-22 11:30:00-04:00",22.09000015258789,22.38999938964844,22.05500030517578,22.27499961853028,22.27499961853028,55982
"PSNL","Personalis, Inc. - Common Stock","2021-07-22 12:30:00-04:00",22.290000915527344,22.36000061035156,22.11000061035156,22.13999938964844,22.13999938964844,36374
"PSNL","Personalis, Inc. - Common Stock","2021-07-22 13:30:00-04:00",22.14999961853028,22.209999084472656,21.989999771118164,22.030000686645508,22.030000686645508,21528
"PSNL","Personalis, Inc. - Common Stock","2021-07-22 14:30:00-04:00",22.0,22.09000015258789,21.959999084472656,21.989999771118164,21.989999771118164,35042
"PSNL","Personalis, Inc. - Common Stock","2021-07-22 15:30:00-04:00",21.96999931335449,22.020000457763672,21.8799991607666,21.989999771118164,21.989999771118164,63461
"PSNL","Personalis, Inc. - Common Stock","2021-07-22 16:00:00-04:00",21.98,21.98,21.98,21.98,21.98,0
"PSNL","Personalis, Inc. - Common Stock","2021-07-23 08:00:00-04:00",21.98,21.98,21.98,21.98,21.98,0
"PSNL","Personalis, Inc. - Common Stock","2021-07-23 09:30:00-04:00",21.950000762939453,22.069900512695312,21.049999237060547,21.32999992370605,21.32999992370605,101732
"PSNL","Personalis, Inc. - Common Stock","2021-07-23 10:30:00-04:00",21.280000686645508,21.420000076293945,20.89999961853028,21.26000022888184,21.26000022888184,65663
"PSNL","Personalis, Inc. - Common Stock","2021-07-23 11:30:00-04:00",21.25,21.38999938964844,21.21999931335449,21.36000061035156,21.36000061035156,26132
"PSNL","Personalis, Inc. - Common Stock","2021-07-23 12:30:00-04:00",21.34000015258789,21.549999237060547,21.32999992370605,21.479999542236328,21.479999542236328,25478
"PSNL","Personalis, Inc. - Common Stock","2021-07-23 13:30:00-04:00",21.5,21.71999931335449,21.441499710083008,21.64999961853028,21.64999961853028,20911
"PSNL","Personalis, Inc. - Common Stock","2021-07-23 14:30:00-04:00",21.64999961853028,21.670000076293945,21.440000534057617,21.459999084472656,21.459999084472656,22925
"PSNL","Personalis, Inc. - Common Stock","2021-07-23 15:30:00-04:00",21.459999084472656,21.559999465942383,21.40999984741211,21.520000457763672,21.520000457763672,44218
"PSNL","Personalis, Inc. - Common Stock","2021-07-23 16:00:00-04:00",21.52,21.52,20.76,20.76,20.76,0
"PSNL","Personalis, Inc. - Common Stock","2021-07-26 09:30:00-04:00",21.459999084472656,21.770000457763672,21.200000762939453,21.59000015258789,21.59000015258789,25212
"PSNL","Personalis, Inc. - Common Stock","2021-07-26 10:30:00-04:00",21.63999938964844,21.63999938964844,21.14999961853028,21.15999984741211,21.15999984741211,20574
"PSNL","Personalis, Inc. - Common Stock","2021-07-26 11:30:00-04:00",21.14999961853028,21.14999961853028,20.81999969482422,20.8799991607666,20.8799991607666,21717
"PSNL","Personalis, Inc. - Common Stock","2021-07-26 12:30:00-04:00",20.93000030517578,20.93000030517578,20.65999984741211,20.81870079040528,20.81870079040528,39852
"PSNL","Personalis, Inc. - Common Stock","2021-07-26 13:30:00-04:00",21.03849983215332,21.03849983215332,20.700000762939453,20.809999465942383,20.809999465942383,12893
"PSNL","Personalis, Inc. - Common Stock","2021-07-26 14:30:00-04:00",20.850000381469727,20.89999961853028,20.700000762939453,20.790000915527344,20.790000915527344,24725
"PSNL","Personalis, Inc. - Common Stock","2021-07-26 15:30:00-04:00",20.799999237060547,21.13999938964844,20.790000915527344,20.959999084472656,20.959999084472656,59561
"PSNL","Personalis, Inc. - Common Stock","2021-07-26 16:00:00-04:00",20.93,20.93,20.93,20.93,20.93,0
"PSNL","Personalis, Inc. - Common Stock","2021-07-27 07:00:00-04:00",20.95,20.95,20.95,20.95,20.95,0
"PSNL","Personalis, Inc. - Common Stock","2021-07-27 09:30:00-04:00",20.979999542236328,20.979999542236328,19.809999465942383,20.13999938964844,20.13999938964844,68842
"PSNL","Personalis, Inc. - Common Stock","2021-07-27 10:30:00-04:00",20.1200008392334,20.290000915527344,19.8700008392334,19.959999084472656,19.959999084472656,34267
"PSNL","Personalis, Inc. - Common Stock","2021-07-27 11:30:00-04:00",19.950000762939453,20.239999771118164,19.63999938964844,20.15999984741211,20.15999984741211,28959
"PSNL","Personalis, Inc. - Common Stock","2021-07-27 12:30:00-04:00",20.13999938964844,20.26000022888184,19.81999969482422,19.979999542236328,19.979999542236328,35857
"PSNL","Personalis, Inc. - Common Stock","2021-07-27 13:30:00-04:00",19.979999542236328,20.13999938964844,19.959999084472656,20.049999237060547,20.049999237060547,31911
"PSNL","Personalis, Inc. - Common Stock","2021-07-27 14:30:00-04:00",20.049999237060547,20.299999237060547,20.020000457763672,20.25,20.25,40068
"PSNL","Personalis, Inc. - Common Stock","2021-07-27 15:30:00-04:00",20.239999771118164,20.489999771118164,20.229999542236328,20.459999084472656,20.459999084472656,59917
"PSNL","Personalis, Inc. - Common Stock","2021-07-27 16:00:00-04:00",20.4,20.4,20.4,20.4,20.4,0
"PSNL","Personalis, Inc. - Common Stock","2021-07-28 08:00:00-04:00",20.4,20.4,20.4,20.4,20.4,0
"PSNL","Personalis, Inc. - Common Stock","2021-07-28 09:30:00-04:00",20.530000686645508,21.270000457763672,20.000099182128903,20.89999961853028,20.89999961853028,21085
"PSNL","Personalis, Inc. - Common Stock","2021-07-28 10:30:00-04:00",20.950000762939453,21.104999542236328,20.65999984741211,21.100000381469727,21.100000381469727,13964
"PSNL","Personalis, Inc. - Common Stock","2021-07-28 11:30:00-04:00",21.084999084472656,21.1200008392334,20.89999961853028,21.06999969482422,21.06999969482422,9225
"PSNL","Personalis, Inc. - Common Stock","2021-07-28 12:30:00-04:00",21.13999938964844,21.26000022888184,20.959999084472656,21.13999938964844,21.13999938964844,27639
"PSNL","Personalis, Inc. - Common Stock","2021-07-28 13:30:00-04:00",21.190000534057617,21.32999992370605,21.065000534057617,21.14999961853028,21.14999961853028,18361
"PSNL","Personalis, Inc. - Common Stock","2021-07-28 14:30:00-04:00",21.18000030517578,21.68000030517578,21.174999237060547,21.600000381469727,21.600000381469727,38317
"PSNL","Personalis, Inc. - Common Stock","2021-07-28 15:30:00-04:00",21.6200008392334,21.709999084472656,21.290000915527344,21.299999237060547,21.299999237060547,34302
"PSNL","Personalis, Inc. - Common Stock","2021-07-28 16:00:00-04:00",21.3,21.3,21.3,21.3,21.3,0
"PSNL","Personalis, Inc. - Common Stock","2021-07-29 08:00:00-04:00",21.3,21.3,21.3,21.3,21.3,0
"PSNL","Personalis, Inc. - Common Stock","2021-07-29 09:30:00-04:00",21.43000030517578,21.709999084472656,21.00489997863769,21.40999984741211,21.40999984741211,19147
"PSNL","Personalis, Inc. - Common Stock","2021-07-29 10:30:00-04:00",21.290000915527344,21.559999465942383,21.15999984741211,21.440000534057617,21.440000534057617,18207
"PSNL","Personalis, Inc. - Common Stock","2021-07-29 11:30:00-04:00",21.40999984741211,21.440000534057617,21.175600051879883,21.175600051879883,21.175600051879883,34962
"PSNL","Personalis, Inc. - Common Stock","2021-07-29 12:30:00-04:00",21.11000061035156,21.280000686645508,21.06760025024414,21.25,21.25,17754
"PSNL","Personalis, Inc. - Common Stock","2021-07-29 13:30:00-04:00",21.2450008392334,21.3700008392334,21.1200008392334,21.200000762939453,21.200000762939453,18017
"PSNL","Personalis, Inc. - Common Stock","2021-07-29 14:30:00-04:00",21.225000381469727,21.420000076293945,21.14999961853028,21.26000022888184,21.26000022888184,32201
"PSNL","Personalis, Inc. - Common Stock","2021-07-29 15:30:00-04:00",21.25,21.309999465942383,21.09000015258789,21.09000015258789,21.09000015258789,34006
"PSNL","Personalis, Inc. - Common Stock","2021-07-29 16:00:00-04:00",21.12,21.12,20.96,20.96,20.96,0
"PSNL","Personalis, Inc. - Common Stock","2021-07-29 19:00:00-04:00",21.12,21.15,21.12,21.15,21.15,0
"PSNL","Personalis, Inc. - Common Stock","2021-07-30 08:00:00-04:00",21.12,21.12,20.9299,20.9299,20.9299,0
"PSNL","Personalis, Inc. - Common Stock","2021-07-30 09:30:00-04:00",20.90999984741211,21.530000686645508,20.90999984741211,21.34000015258789,21.34000015258789,38323
"PSNL","Personalis, Inc. - Common Stock","2021-07-30 10:30:00-04:00",21.3799991607666,21.512699127197266,21.280000686645508,21.309999465942383,21.309999465942383,17411
"PSNL","Personalis, Inc. - Common Stock","2021-07-30 11:30:00-04:00",21.239999771118164,21.3700008392334,21.11000061035156,21.1200008392334,21.1200008392334,10064
"PSNL","Personalis, Inc. - Common Stock","2021-07-30 12:30:00-04:00",21.15999984741211,21.18000030517578,20.989999771118164,21.07999992370605,21.07999992370605,18573
"PSNL","Personalis, Inc. - Common Stock","2021-07-30 13:30:00-04:00",21.059999465942383,21.14999961853028,20.989999771118164,21.084999084472656,21.084999084472656,18874
"PSNL","Personalis, Inc. - Common Stock","2021-07-30 14:30:00-04:00",21.020000457763672,21.07999992370605,20.90999984741211,20.96999931335449,20.96999931335449,52070
"PSNL","Personalis, Inc. - Common Stock","2021-07-30 15:30:00-04:00",21.01000022888184,21.020000457763672,20.89999961853028,20.989999771118164,20.989999771118164,36472
"PSNL","Personalis, Inc. - Common Stock","2021-07-30 16:00:00-04:00",20.99,20.99,20.99,20.99,20.99,0
"PSNL","Personalis, Inc. - Common Stock","2021-07-30 17:00:00-04:00",20.99,20.99,20.99,20.99,20.99,0
"PSNL","Personalis, Inc. - Common Stock","2021-08-02 08:00:00-04:00",20.99,20.99,20.99,20.99,20.99,0
"PSNL","Personalis, Inc. - Common Stock","2021-08-02 09:30:00-04:00",21.1200008392334,21.270000457763672,20.600000381469727,20.81999969482422,20.81999969482422,32659
"PSNL","Personalis, Inc. - Common Stock","2021-08-02 10:30:00-04:00",20.81999969482422,21.190000534057617,20.790000915527344,21.1299991607666,21.1299991607666,24880
"PSNL","Personalis, Inc. - Common Stock","2021-08-02 11:30:00-04:00",21.13999938964844,21.170000076293945,20.790000915527344,20.8799991607666,20.8799991607666,16999
"PSNL","Personalis, Inc. - Common Stock","2021-08-02 12:30:00-04:00",20.8799991607666,20.950000762939453,20.700000762939453,20.790000915527344,20.790000915527344,23720
"PSNL","Personalis, Inc. - Common Stock","2021-08-02 13:30:00-04:00",20.809999465942383,21.01000022888184,20.7549991607666,20.975000381469727,20.975000381469727,21378
"PSNL","Personalis, Inc. - Common Stock","2021-08-02 14:30:00-04:00",20.989999771118164,21.09000015258789,20.96999931335449,20.989999771118164,20.989999771118164,29005
"PSNL","Personalis, Inc. - Common Stock","2021-08-02 15:30:00-04:00",20.96999931335449,20.979999542236328,20.780000686645508,20.81999969482422,20.81999969482422,63090
"PSNL","Personalis, Inc. - Common Stock","2021-08-02 16:00:00-04:00",20.81,21.32,20.81,20.81,20.81,0
"PSNL","Personalis, Inc. - Common Stock","2021-08-03 07:00:00-04:00",20.83,20.83,20.83,20.83,20.83,0
"PSNL","Personalis, Inc. - Common Stock","2021-08-03 08:00:00-04:00",20.81,20.81,20.81,20.81,20.81,0
"PSNL","Personalis, Inc. - Common Stock","2021-08-03 09:30:00-04:00",20.959999084472656,20.959999084472656,20.01000022888184,20.059999465942383,20.059999465942383,40427
"PSNL","Personalis, Inc. - Common Stock","2021-08-03 10:30:00-04:00",20.13999938964844,20.239999771118164,19.93000030517578,19.979999542236328,19.979999542236328,33304
"PSNL","Personalis, Inc. - Common Stock","2021-08-03 11:30:00-04:00",19.979999542236328,20.049999237060547,19.88010025024414,19.959999084472656,19.959999084472656,20743
"PSNL","Personalis, Inc. - Common Stock","2021-08-03 12:30:00-04:00",19.901100158691406,20.030000686645508,19.89999961853028,19.96999931335449,19.96999931335449,16386
"PSNL","Personalis, Inc. - Common Stock","2021-08-03 13:30:00-04:00",19.950000762939453,19.950000762939453,19.75,19.905000686645508,19.905000686645508,27782
"PSNL","Personalis, Inc. - Common Stock","2021-08-03 14:30:00-04:00",19.8799991607666,20.11000061035156,19.8700008392334,19.989999771118164,19.989999771118164,26165
"PSNL","Personalis, Inc. - Common Stock","2021-08-03 15:30:00-04:00",20.01000022888184,20.049999237060547,19.86000061035156,19.920000076293945,19.920000076293945,53547
"PSNL","Personalis, Inc. - Common Stock","2021-08-03 16:00:00-04:00",19.96,20.0,19.83,20.0,20.0,0
"PSNL","Personalis, Inc. - Common Stock","2021-08-03 17:00:00-04:00",19.99,20.06,19.99,20.0,20.0,0
"PSNL","Personalis, Inc. - Common Stock","2021-08-03 18:00:00-04:00",20.08,20.08,20.08,20.08,20.08,0
"PSNL","Personalis, Inc. - Common Stock","2021-08-03 19:00:00-04:00",20.07,20.07,20.07,20.07,20.07,0
"PSNL","Personalis, Inc. - Common Stock","2021-08-04 07:00:00-04:00",20.01,20.07,20.0,20.0,20.0,0
"PSNL","Personalis, Inc. - Common Stock","2021-08-04 08:00:00-04:00",20.0,20.0,20.0,20.0,20.0,0
"PSNL","Personalis, Inc. - Common Stock","2021-08-04 09:00:00-04:00",19.96,20.09,19.7,19.7,19.7,0
"PSNL","Personalis, Inc. - Common Stock","2021-08-04 09:30:00-04:00",20.09000015258789,20.69989967346192,19.670000076293945,20.51000022888184,20.51000022888184,60365
"PSNL","Personalis, Inc. - Common Stock","2021-08-04 10:30:00-04:00",20.434999465942383,20.46999931335449,20.280000686645508,20.350000381469727,20.350000381469727,21657
"PSNL","Personalis, Inc. - Common Stock","2021-08-04 11:30:00-04:00",20.36000061035156,20.43000030517578,20.049999237060547,20.18000030517578,20.18000030517578,21685
"PSNL","Personalis, Inc. - Common Stock","2021-08-04 12:30:00-04:00",20.200000762939453,20.38999938964844,20.13999938964844,20.34499931335449,20.34499931335449,16504
"PSNL","Personalis, Inc. - Common Stock","2021-08-04 13:30:00-04:00",20.375,20.475000381469727,20.27009963989257,20.3799991607666,20.3799991607666,29393
"PSNL","Personalis, Inc. - Common Stock","2021-08-04 14:30:00-04:00",20.375,20.375,20.06999969482422,20.21500015258789,20.21500015258789,42588
"PSNL","Personalis, Inc. - Common Stock","2021-08-04 15:30:00-04:00",20.190099716186523,20.295000076293945,20.13500022888184,20.25,20.25,68100
"PSNL","Personalis, Inc. - Common Stock","2021-08-04 16:00:00-04:00",20.23,21.1,19.6,19.6,19.6,0
"PSNL","Personalis, Inc. - Common Stock","2021-08-04 19:00:00-04:00",19.5,19.5,19.5,19.5,19.5,0
"PSNL","Personalis, Inc. - Common Stock","2021-08-05 07:00:00-04:00",20.0,20.0,20.0,20.0,20.0,0
"PSNL","Personalis, Inc. - Common Stock","2021-08-05 08:00:00-04:00",20.23,20.23,20.23,20.23,20.23,0
"PSNL","Personalis, Inc. - Common Stock","2021-08-05 09:30:00-04:00",20.93000030517578,21.68000030517578,20.239999771118164,21.6200008392334,21.6200008392334,79095
"PSNL","Personalis, Inc. - Common Stock","2021-08-05 10:30:00-04:00",21.670000076293945,22.030000686645508,21.530000686645508,21.940000534057617,21.940000534057617,56887
"PSNL","Personalis, Inc. - Common Stock","2021-08-05 11:30:00-04:00",21.979999542236328,22.31999969482422,21.76000022888184,22.11000061035156,22.11000061035156,52089
"PSNL","Personalis, Inc. - Common Stock","2021-08-05 12:30:00-04:00",22.1200008392334,22.39999961853028,22.06999969482422,22.06999969482422,22.06999969482422,44372
"PSNL","Personalis, Inc. - Common Stock","2021-08-05 13:30:00-04:00",22.084999084472656,22.32999992370605,21.924999237060547,21.959999084472656,21.959999084472656,30614
"PSNL","Personalis, Inc. - Common Stock","2021-08-05 14:30:00-04:00",21.959999084472656,22.040000915527344,21.75,21.920000076293945,21.920000076293945,40482
"PSNL","Personalis, Inc. - Common Stock","2021-08-05 15:30:00-04:00",21.93000030517578,22.01000022888184,21.729999542236328,21.979999542236328,21.979999542236328,78906
"PSNL","Personalis, Inc. - Common Stock","2021-08-05 16:00:00-04:00",21.99,21.99,21.99,21.99,21.99,0
"PSNL","Personalis, Inc. - Common Stock","2021-08-05 17:00:00-04:00",22.75,22.75,22.75,22.75,22.75,0
"PSNL","Personalis, Inc. - Common Stock","2021-08-06 09:00:00-04:00",21.85,21.85,21.81,21.81,21.81,0
"PSNL","Personalis, Inc. - Common Stock","2021-08-06 09:30:00-04:00",21.82999992370605,21.82999992370605,20.924999237060547,21.13999938964844,21.13999938964844,60246
"PSNL","Personalis, Inc. - Common Stock","2021-08-06 10:30:00-04:00",21.100000381469727,21.209999084472656,20.7509994506836,20.959999084472656,20.959999084472656,41141
"PSNL","Personalis, Inc. - Common Stock","2021-08-06 11:30:00-04:00",20.96999931335449,21.229999542236328,20.934999465942383,21.229999542236328,21.229999542236328,31333
"PSNL","Personalis, Inc. - Common Stock","2021-08-06 12:30:00-04:00",21.25,21.270000457763672,21.100000381469727,21.200000762939453,21.200000762939453,24823
"PSNL","Personalis, Inc. - Common Stock","2021-08-06 13:30:00-04:00",21.23500061035156,21.23500061035156,21.020000457763672,21.09000015258789,21.09000015258789,20184
"PSNL","Personalis, Inc. - Common Stock","2021-08-06 14:30:00-04:00",21.09499931335449,21.239999771118164,20.89999961853028,20.959999084472656,20.959999084472656,25463
"PSNL","Personalis, Inc. - Common Stock","2021-08-06 15:30:00-04:00",20.950000762939453,20.989999771118164,20.84000015258789,20.979999542236328,20.979999542236328,51444
"PSNL","Personalis, Inc. - Common Stock","2021-08-06 16:00:00-04:00",20.93,20.93,20.929,20.929,20.929,0
"PSNL","Personalis, Inc. - Common Stock","2021-08-06 19:00:00-04:00",21.2,21.2,21.2,21.2,21.2,0
"PSNL","Personalis, Inc. - Common Stock","2021-08-09 07:00:00-04:00",20.93,20.95,20.93,20.93,20.93,0
"PSNL","Personalis, Inc. - Common Stock","2021-08-09 08:00:00-04:00",20.75,20.75,20.75,20.75,20.75,0
"PSNL","Personalis, Inc. - Common Stock","2021-08-09 09:30:00-04:00",20.950000762939453,21.51000022888184,20.600000381469727,21.44499969482422,21.44499969482422,29198
"PSNL","Personalis, Inc. - Common Stock","2021-08-09 10:30:00-04:00",21.530000686645508,21.540000915527344,21.14999961853028,21.170000076293945,21.170000076293945,28198
"PSNL","Personalis, Inc. - Common Stock","2021-08-09 11:30:00-04:00",21.15999984741211,21.299999237060547,21.09000015258789,21.100000381469727,21.100000381469727,27733
"PSNL","Personalis, Inc. - Common Stock","2021-08-09 12:30:00-04:00",21.06999969482422,21.11000061035156,20.89999961853028,20.959999084472656,20.959999084472656,21359
"PSNL","Personalis, Inc. - Common Stock","2021-08-09 13:30:00-04:00",20.920000076293945,20.989999771118164,20.690000534057617,20.700000762939453,20.700000762939453,18375
"PSNL","Personalis, Inc. - Common Stock","2021-08-09 14:30:00-04:00",20.709999084472656,20.940000534057617,20.709999084472656,20.940000534057617,20.940000534057617,23427
"PSNL","Personalis, Inc. - Common Stock","2021-08-09 15:30:00-04:00",20.940000534057617,21.030000686645508,20.75,20.809999465942383,20.809999465942383,52897
"PSNL","Personalis, Inc. - Common Stock","2021-08-09 16:00:00-04:00",20.78,20.78,20.78,20.78,20.78,35549
"PSNL","Personalis, Inc. - Common Stock","2021-08-10 09:30:00-04:00",20.64999961853028,20.93000030517578,20.15999984741211,20.190000534057617,20.190000534057617,0
"PSNL","Personalis, Inc. - Common Stock","2021-08-10 10:30:00-04:00",20.1200008392334,20.309999465942383,19.989999771118164,20.242000579833984,20.242000579833984,30190
"PSNL","Personalis, Inc. - Common Stock","2021-08-10 11:30:00-04:00",20.309999465942383,20.559999465942383,20.299999237060547,20.479999542236328,20.479999542236328,29165
"PSNL","Personalis, Inc. - Common Stock","2021-08-10 12:30:00-04:00",20.440000534057617,20.5,20.299999237060547,20.31999969482422,20.31999969482422,13091
"PSNL","Personalis, Inc. - Common Stock","2021-08-10 13:30:00-04:00",20.31999969482422,20.34000015258789,19.850000381469727,19.86000061035156,19.86000061035156,32412
"PSNL","Personalis, Inc. - Common Stock","2021-08-10 14:30:00-04:00",19.864999771118164,20.0,19.690000534057617,19.78499984741211,19.78499984741211,64970
"PSNL","Personalis, Inc. - Common Stock","2021-08-10 15:30:00-04:00",19.790000915527344,19.90999984741211,19.76000022888184,19.84000015258789,19.84000015258789,43524
"PSNL","Personalis, Inc. - Common Stock","2021-08-10 16:00:00-04:00",19.82,19.82,19.8,19.8,19.8,0
"PSNL","Personalis, Inc. - Common Stock","2021-08-10 19:00:00-04:00",19.82,19.82,19.82,19.82,19.82,0
"PSNL","Personalis, Inc. - Common Stock","2021-08-11 09:30:00-04:00",19.86000061035156,20.040000915527344,19.01000022888184,19.162900924682617,19.162900924682617,40425
"PSNL","Personalis, Inc. - Common Stock","2021-08-11 10:30:00-04:00",19.239999771118164,19.25,18.854999542236328,19.100000381469727,19.100000381469727,43138
"PSNL","Personalis, Inc. - Common Stock","2021-08-11 11:30:00-04:00",19.06999969482422,19.13999938964844,18.799999237060547,19.01000022888184,19.01000022888184,80779
"PSNL","Personalis, Inc. - Common Stock","2021-08-11 12:30:00-04:00",19.020000457763672,19.100000381469727,18.88999938964844,18.89999961853028,18.89999961853028,48998
"PSNL","Personalis, Inc. - Common Stock","2021-08-11 13:30:00-04:00",18.8700008392334,19.1299991607666,18.799999237060547,19.1200008392334,19.1200008392334,68677
"PSNL","Personalis, Inc. - Common Stock","2021-08-11 14:30:00-04:00",19.07999992370605,19.299999237060547,19.01000022888184,19.21999931335449,19.21999931335449,56779
"PSNL","Personalis, Inc. - Common Stock","2021-08-11 15:30:00-04:00",19.229999542236328,19.40999984741211,19.170000076293945,19.39999961853028,19.39999961853028,53223
"PSNL","Personalis, Inc. - Common Stock","2021-08-11 16:00:00-04:00",19.39,19.39,19.39,19.39,19.39,0
"PSNL","Personalis, Inc. - Common Stock","2021-08-12 08:00:00-04:00",19.39,19.39,19.39,19.39,19.39,0
"PSNL","Personalis, Inc. - Common Stock","2021-08-12 09:30:00-04:00",19.479999542236328,19.78860092163086,19.229999542236328,19.68000030517578,19.68000030517578,38586
"PSNL","Personalis, Inc. - Common Stock","2021-08-12 10:30:00-04:00",19.674999237060547,19.674999237060547,19.290000915527344,19.530000686645508,19.530000686645508,43109
"PSNL","Personalis, Inc. - Common Stock","2021-08-12 11:30:00-04:00",19.53499984741211,19.600000381469727,19.3799991607666,19.395000457763672,19.395000457763672,15498
"PSNL","Personalis, Inc. - Common Stock","2021-08-12 12:30:00-04:00",19.3799991607666,19.479999542236328,19.26000022888184,19.295000076293945,19.295000076293945,27927
"PSNL","Personalis, Inc. - Common Stock","2021-08-12 13:30:00-04:00",19.299999237060547,19.57999992370605,19.26000022888184,19.520000457763672,19.520000457763672,17481
"PSNL","Personalis, Inc. - Common Stock","2021-08-12 14:30:00-04:00",19.520000457763672,19.71999931335449,19.489999771118164,19.53190040588379,19.53190040588379,28311
"PSNL","Personalis, Inc. - Common Stock","2021-08-12 15:30:00-04:00",19.559999465942383,19.684999465942383,19.540000915527344,19.600000381469727,19.600000381469727,30312
"PSNL","Personalis, Inc. - Common Stock","2021-08-12 16:00:00-04:00",19.63,19.63,19.35,19.35,19.35,0
"PSNL","Personalis, Inc. - Common Stock","2021-08-12 17:00:00-04:00",19.63,19.63,19.63,19.63,19.63,0
"PSNL","Personalis, Inc. - Common Stock","2021-08-13 09:00:00-04:00",19.51,19.51,19.38,19.38,19.38,0
"PSNL","Personalis, Inc. - Common Stock","2021-08-13 09:30:00-04:00",19.520000457763672,19.520000457763672,18.96999931335449,19.14999961853028,19.14999961853028,24882
"PSNL","Personalis, Inc. - Common Stock","2021-08-13 10:30:00-04:00",19.151100158691406,19.270000457763672,18.979999542236328,18.979999542236328,18.979999542236328,18256
"PSNL","Personalis, Inc. - Common Stock","2021-08-13 11:30:00-04:00",19.0,19.049999237060547,18.799999237060547,18.89999961853028,18.89999961853028,13665
"PSNL","Personalis, Inc. - Common Stock","2021-08-13 12:30:00-04:00",18.88999938964844,18.93000030517578,18.709999084472656,18.75,18.75,28989
"PSNL","Personalis, Inc. - Common Stock","2021-08-13 13:30:00-04:00",18.780000686645508,18.799999237060547,18.650999069213867,18.650999069213867,18.650999069213867,17460
"PSNL","Personalis, Inc. - Common Stock","2021-08-13 14:30:00-04:00",18.709999084472656,18.739999771118164,18.5,18.520000457763672,18.520000457763672,24278
"PSNL","Personalis, Inc. - Common Stock","2021-08-13 15:30:00-04:00",18.530000686645508,18.559999465942383,18.26000022888184,18.280000686645508,18.280000686645508,52250
"PSNL","Personalis, Inc. - Common Stock","2021-08-13 16:00:00-04:00",18.28,18.3,18.28,18.28,18.28,20119
"PSNL","Personalis, Inc. - Common Stock","2021-08-16 07:00:00-04:00",18.45,18.45,18.45,18.45,18.45,0
"PSNL","Personalis, Inc. - Common Stock","2021-08-16 08:00:00-04:00",18.3,18.3,18.3,18.3,18.3,0
"PSNL","Personalis, Inc. - Common Stock","2021-08-16 09:30:00-04:00",18.3700008392334,18.3700008392334,17.329999923706055,17.559999465942383,17.559999465942383,85722
"PSNL","Personalis, Inc. - Common Stock","2021-08-16 10:30:00-04:00",17.459999084472656,18.0,17.40999984741211,17.90999984741211,17.90999984741211,36615
"PSNL","Personalis, Inc. - Common Stock","2021-08-16 11:30:00-04:00",17.90999984741211,18.1299991607666,17.790000915527344,17.790000915527344,17.790000915527344,26517
"PSNL","Personalis, Inc. - Common Stock","2021-08-16 12:30:00-04:00",17.790000915527344,17.979999542236328,17.75,17.979999542236328,17.979999542236328,19216
"PSNL","Personalis, Inc. - Common Stock","2021-08-16 13:30:00-04:00",18.003299713134766,18.059999465942383,17.892099380493164,17.90999984741211,17.90999984741211,31805
"PSNL","Personalis, Inc. - Common Stock","2021-08-16 14:30:00-04:00",17.889999389648438,17.979999542236328,17.81999969482422,17.96500015258789,17.96500015258789,22590
"PSNL","Personalis, Inc. - Common Stock","2021-08-16 15:30:00-04:00",17.959999084472656,17.959999084472656,17.690000534057617,17.829999923706055,17.829999923706055,55745
"PSNL","Personalis, Inc. - Common Stock","2021-08-16 16:00:00-04:00",17.78,18.0,17.78,18.0,18.0,0
"PSNL","Personalis, Inc. - Common Stock","2021-08-16 17:00:00-04:00",17.78,17.78,17.78,17.78,17.78,0
"PSNL","Personalis, Inc. - Common Stock","2021-08-16 19:00:00-04:00",17.9,17.9,17.9,17.9,17.9,0
"PSNL","Personalis, Inc. - Common Stock","2021-08-17 06:00:00-04:00",17.78,17.78,17.78,17.78,17.78,0
"PSNL","Personalis, Inc. - Common Stock","2021-08-17 08:00:00-04:00",17.78,17.78,17.78,17.78,17.78,0
"PSNL","Personalis, Inc. - Common Stock","2021-08-17 09:30:00-04:00",17.3799991607666,17.770000457763672,16.959999084472656,17.15690040588379,17.15690040588379,82805
"PSNL","Personalis, Inc. - Common Stock","2021-08-17 10:30:00-04:00",17.138900756835938,17.299999237060547,16.93000030517578,17.049999237060547,17.049999237060547,50255
"PSNL","Personalis, Inc. - Common Stock","2021-08-17 11:30:00-04:00",17.020000457763672,17.059999465942383,16.670000076293945,16.940000534057617,16.940000534057617,96921
"PSNL","Personalis, Inc. - Common Stock","2021-08-17 12:30:00-04:00",16.90999984741211,17.079999923706055,16.860000610351562,17.030000686645508,17.030000686645508,34841
"PSNL","Personalis, Inc. - Common Stock","2021-08-17 13:30:00-04:00",17.040000915527344,17.049999237060547,16.920000076293945,16.969999313354492,16.969999313354492,39510
"PSNL","Personalis, Inc. - Common Stock","2021-08-17 14:30:00-04:00",16.985000610351562,17.565000534057617,16.94099998474121,17.549999237060547,17.549999237060547,38528
"PSNL","Personalis, Inc. - Common Stock","2021-08-17 15:30:00-04:00",17.559999465942383,17.6299991607666,17.420000076293945,17.59000015258789,17.59000015258789,75090
"PSNL","Personalis, Inc. - Common Stock","2021-08-17 16:00:00-04:00",17.57,17.57,17.57,17.57,17.57,0
"PSNL","Personalis, Inc. - Common Stock","2021-08-18 09:00:00-04:00",18.44,18.44,18.44,18.44,18.44,0
"PSNL","Personalis, Inc. - Common Stock","2021-08-18 09:30:00-04:00",17.6299991607666,17.920000076293945,17.06999969482422,17.389999389648438,17.389999389648438,46855
"PSNL","Personalis, Inc. - Common Stock","2021-08-18 10:30:00-04:00",17.388700485229492,17.920000076293945,17.388700485229492,17.920000076293945,17.920000076293945,30383
"PSNL","Personalis, Inc. - Common Stock","2021-08-18 11:30:00-04:00",17.8700008392334,18.07999992370605,17.690000534057617,17.920000076293945,17.920000076293945,50385
"PSNL","Personalis, Inc. - Common Stock","2021-08-18 12:30:00-04:00",17.93000030517578,18.010000228881836,17.729999542236328,17.75,17.75,26798
"PSNL","Personalis, Inc. - Common Stock","2021-08-18 13:30:00-04:00",17.719999313354492,17.75,17.559999465942383,17.739999771118164,17.739999771118164,18235
"PSNL","Personalis, Inc. - Common Stock","2021-08-18 14:30:00-04:00",17.799999237060547,17.899999618530273,17.559999465942383,17.559999465942383,17.559999465942383,21488
"PSNL","Personalis, Inc. - Common Stock","2021-08-18 15:30:00-04:00",17.545000076293945,17.549999237060547,17.30500030517578,17.3799991607666,17.3799991607666,62951
"PSNL","Personalis, Inc. - Common Stock","2021-08-18 16:00:00-04:00",17.36,17.36,17.36,17.36,17.36,14719
"PSNL","Personalis, Inc. - Common Stock","2021-08-19 09:30:00-04:00",17.049999237060547,17.145000457763672,16.59000015258789,16.9950008392334,16.9950008392334,0
"PSNL","Personalis, Inc. - Common Stock","2021-08-19 10:30:00-04:00",16.999799728393555,17.049999237060547,16.799999237060547,16.829999923706055,16.829999923706055,63619
"PSNL","Personalis, Inc. - Common Stock","2021-08-19 11:30:00-04:00",16.809999465942383,17.012399673461914,16.75,16.860000610351562,16.860000610351562,60156
"PSNL","Personalis, Inc. - Common Stock","2021-08-19 12:30:00-04:00",16.920000076293945,17.059999465942383,16.739999771118164,16.739999771118164,16.739999771118164,53711
"PSNL","Personalis, Inc. - Common Stock","2021-08-19 13:30:00-04:00",16.780000686645508,16.8700008392334,16.635000228881836,16.649999618530273,16.649999618530273,71941
"PSNL","Personalis, Inc. - Common Stock","2021-08-19 14:30:00-04:00",16.645000457763672,17.045000076293945,16.635000228881836,16.93000030517578,16.93000030517578,99077
"PSNL","Personalis, Inc. - Common Stock","2021-08-19 15:30:00-04:00",16.920000076293945,16.93000030517578,16.639999389648438,16.709999084472656,16.709999084472656,67279
"PSNL","Personalis, Inc. - Common Stock","2021-08-19 16:00:00-04:00",16.69,16.69,16.69,16.69,16.69,0
"PSNL","Personalis, Inc. - Common Stock","2021-08-20 08:00:00-04:00",16.69,16.69,16.69,16.69,16.69,0
"PSNL","Personalis, Inc. - Common Stock","2021-08-20 09:30:00-04:00",16.799999237060547,17.520000457763672,16.540000915527344,17.40999984741211,17.40999984741211,48684
"PSNL","Personalis, Inc. - Common Stock","2021-08-20 10:30:00-04:00",17.428699493408203,17.74530029296875,17.3700008392334,17.514999389648438,17.514999389648438,41936
"PSNL","Personalis, Inc. - Common Stock","2021-08-20 11:30:00-04:00",17.530000686645508,17.56999969482422,17.299999237060547,17.489999771118164,17.489999771118164,31787
"PSNL","Personalis, Inc. - Common Stock","2021-08-20 12:30:00-04:00",17.530000686645508,17.790000915527344,17.530000686645508,17.709999084472656,17.709999084472656,23520
"PSNL","Personalis, Inc. - Common Stock","2021-08-20 13:30:00-04:00",17.709999084472656,17.770000457763672,17.56999969482422,17.6200008392334,17.6200008392334,28837
"PSNL","Personalis, Inc. - Common Stock","2021-08-20 14:30:00-04:00",17.6200008392334,17.739999771118164,17.559999465942383,17.59000015258789,17.59000015258789,26216
"PSNL","Personalis, Inc. - Common Stock","2021-08-20 15:30:00-04:00",17.610000610351562,17.6200008392334,17.299999237060547,17.299999237060547,17.299999237060547,112322
"PSNL","Personalis, Inc. - Common Stock","2021-08-20 16:00:00-04:00",17.31,17.31,17.31,17.31,17.31,0
"PSNL","Personalis, Inc. - Common Stock","2021-08-23 08:00:00-04:00",17.55,17.55,17.31,17.31,17.31,0
"PSNL","Personalis, Inc. - Common Stock","2021-08-23 09:00:00-04:00",17.74,17.74,17.31,17.31,17.31,0
"PSNL","Personalis, Inc. - Common Stock","2021-08-23 09:30:00-04:00",17.510000228881836,18.459999084472656,17.510000228881836,18.40999984741211,18.40999984741211,128258
"PSNL","Personalis, Inc. - Common Stock","2021-08-23 10:30:00-04:00",18.40999984741211,18.6200008392334,18.27499961853028,18.5,18.5,69876
"PSNL","Personalis, Inc. - Common Stock","2021-08-23 11:30:00-04:00",18.545000076293945,18.59000015258789,18.415000915527344,18.48500061035156,18.48500061035156,26626
"PSNL","Personalis, Inc. - Common Stock","2021-08-23 12:30:00-04:00",18.5,18.6299991607666,18.39999961853028,18.420000076293945,18.420000076293945,37183
"PSNL","Personalis, Inc. - Common Stock","2021-08-23 13:30:00-04:00",18.43000030517578,18.559999465942383,18.3700008392334,18.559999465942383,18.559999465942383,54198
"PSNL","Personalis, Inc. - Common Stock","2021-08-23 14:30:00-04:00",18.549999237060547,18.78499984741211,18.42099952697754,18.725000381469727,18.725000381469727,68972
"PSNL","Personalis, Inc. - Common Stock","2021-08-23 15:30:00-04:00",18.700000762939453,18.780000686645508,18.68000030517578,18.700000762939453,18.700000762939453,58600
"PSNL","Personalis, Inc. - Common Stock","2021-08-23 16:00:00-04:00",18.7,18.7,18.7,18.7,18.7,30981
"PSNL","Personalis, Inc. - Common Stock","2021-08-23 17:00:00-04:00",18.7,18.7,18.7,18.7,18.7,0
"PSNL","Personalis, Inc. - Common Stock","2021-08-23 18:00:00-04:00",18.69,18.69,18.69,18.69,18.69,0
"PSNL","Personalis, Inc. - Common Stock","2021-08-23 19:00:00-04:00",18.68,18.68,18.68,18.68,18.68,0
"PSNL","Personalis, Inc. - Common Stock","2021-08-24 07:00:00-04:00",18.7,18.7,18.7,18.7,18.7,0
"PSNL","Personalis, Inc. - Common Stock","2021-08-24 09:30:00-04:00",18.790000915527344,19.045000076293945,18.459999084472656,18.709999084472656,18.709999084472656,77974
"PSNL","Personalis, Inc. - Common Stock","2021-08-24 10:30:00-04:00",18.684999465942383,18.940000534057617,18.57999992370605,18.84499931335449,18.84499931335449,49780
"PSNL","Personalis, Inc. - Common Stock","2021-08-24 11:30:00-04:00",18.86000061035156,18.88999938964844,18.700000762939453,18.8799991607666,18.8799991607666,31589
"PSNL","Personalis, Inc. - Common Stock","2021-08-24 12:30:00-04:00",18.8799991607666,18.940000534057617,18.799999237060547,18.864999771118164,18.864999771118164,28732
"PSNL","Personalis, Inc. - Common Stock","2021-08-24 13:30:00-04:00",18.8700008392334,19.1200008392334,18.8700008392334,19.084999084472656,19.084999084472656,29978
"PSNL","Personalis, Inc. - Common Stock","2021-08-24 14:30:00-04:00",19.06010055541992,19.299999237060547,18.96999931335449,19.290000915527344,19.290000915527344,35198
"PSNL","Personalis, Inc. - Common Stock","2021-08-24 15:30:00-04:00",19.30500030517578,19.30500030517578,19.1200008392334,19.190000534057617,19.190000534057617,36308
"PSNL","Personalis, Inc. - Common Stock","2021-08-24 16:00:00-04:00",19.19,19.19,19.19,19.19,19.19,0
"PSNL","Personalis, Inc. - Common Stock","2021-08-25 09:30:00-04:00",19.14999961853028,19.670000076293945,18.94499969482422,19.670000076293945,19.670000076293945,68783
"PSNL","Personalis, Inc. - Common Stock","2021-08-25 10:30:00-04:00",19.670000076293945,19.76499938964844,19.520000457763672,19.670000076293945,19.670000076293945,27288
"PSNL","Personalis, Inc. - Common Stock","2021-08-25 11:30:00-04:00",19.690000534057617,19.770000457763672,19.530000686645508,19.540000915527344,19.540000915527344,9623
"PSNL","Personalis, Inc. - Common Stock","2021-08-25 12:30:00-04:00",19.530000686645508,19.6299991607666,19.5,19.59000015258789,19.59000015258789,23275
"PSNL","Personalis, Inc. - Common Stock","2021-08-25 13:30:00-04:00",19.584999084472656,19.662399291992188,19.450000762939453,19.64999961853028,19.64999961853028,27265
"PSNL","Personalis, Inc. - Common Stock","2021-08-25 14:30:00-04:00",19.63999938964844,19.64999961853028,19.459999084472656,19.61000061035156,19.61000061035156,26485
"PSNL","Personalis, Inc. - Common Stock","2021-08-25 15:30:00-04:00",19.600000381469727,19.61000061035156,19.3700008392334,19.440000534057617,19.440000534057617,46430
"PSNL","Personalis, Inc. - Common Stock","2021-08-25 16:00:00-04:00",19.42,19.42,19.42,19.42,19.42,0
"PSNL","Personalis, Inc. - Common Stock","2021-08-26 07:00:00-04:00",19.6,19.6,19.6,19.6,19.6,0
"PSNL","Personalis, Inc. - Common Stock","2021-08-26 08:00:00-04:00",19.42,19.6,19.42,19.6,19.6,0
"PSNL","Personalis, Inc. - Common Stock","2021-08-26 09:30:00-04:00",19.39999961853028,19.76000022888184,19.36000061035156,19.5049991607666,19.5049991607666,22432
"PSNL","Personalis, Inc. - Common Stock","2021-08-26 10:30:00-04:00",19.52499961853028,19.540000915527344,19.0,19.14999961853028,19.14999961853028,24647
"PSNL","Personalis, Inc. - Common Stock","2021-08-26 11:30:00-04:00",19.13999938964844,19.450000762939453,19.13999938964844,19.34000015258789,19.34000015258789,27605
"PSNL","Personalis, Inc. - Common Stock","2021-08-26 12:30:00-04:00",19.299999237060547,19.38999938964844,19.229999542236328,19.31999969482422,19.31999969482422,20425
"PSNL","Personalis, Inc. - Common Stock","2021-08-26 13:30:00-04:00",19.32999992370605,19.459999084472656,19.31999969482422,19.415000915527344,19.415000915527344,30342
"PSNL","Personalis, Inc. - Common Stock","2021-08-26 14:30:00-04:00",19.38999938964844,19.39999961853028,19.09000015258789,19.25,19.25,21649
"PSNL","Personalis, Inc. - Common Stock","2021-08-26 15:30:00-04:00",19.26000022888184,19.270000457763672,19.1200008392334,19.15999984741211,19.15999984741211,43611
"PSNL","Personalis, Inc. - Common Stock","2021-08-26 16:00:00-04:00",19.17,19.17,19.17,19.17,19.17,0
"PSNL","Personalis, Inc. - Common Stock","2021-08-27 08:00:00-04:00",19.2,19.25,19.2,19.21,19.21,0
"PSNL","Personalis, Inc. - Common Stock","2021-08-27 09:30:00-04:00",19.270000457763672,20.07999992370605,19.270000457763672,20.06859970092773,20.06859970092773,56064
"PSNL","Personalis, Inc. - Common Stock","2021-08-27 10:30:00-04:00",20.11000061035156,20.31999969482422,20.05500030517578,20.09000015258789,20.09000015258789,48210
"PSNL","Personalis, Inc. - Common Stock","2021-08-27 11:30:00-04:00",20.13999938964844,20.297399520874023,20.040000915527344,20.11000061035156,20.11000061035156,39953
"PSNL","Personalis, Inc. - Common Stock","2021-08-27 12:30:00-04:00",20.1299991607666,20.31999969482422,20.11000061035156,20.270000457763672,20.270000457763672,23182
"PSNL","Personalis, Inc. - Common Stock","2021-08-27 13:30:00-04:00",20.270000457763672,20.36000061035156,20.21999931335449,20.36000061035156,20.36000061035156,27718
"PSNL","Personalis, Inc. - Common Stock","2021-08-27 14:30:00-04:00",20.3700008392334,20.57999992370605,20.30500030517578,20.479999542236328,20.479999542236328,48723
"PSNL","Personalis, Inc. - Common Stock","2021-08-27 15:30:00-04:00",20.479999542236328,20.59000015258789,20.34000015258789,20.59000015258789,20.59000015258789,106449
"PSNL","Personalis, Inc. - Common Stock","2021-08-27 16:00:00-04:00",20.59,20.975,20.59,20.975,20.975,0
"PSNL","Personalis, Inc. - Common Stock","2021-08-27 18:00:00-04:00",20.59,20.59,20.59,20.59,20.59,0
"PSNL","Personalis, Inc. - Common Stock","2021-08-27 19:00:00-04:00",20.59,20.59,20.59,20.59,20.59,0
"PSNL","Personalis, Inc. - Common Stock","2021-08-30 04:00:00-04:00",20.65,20.75,20.65,20.75,20.75,0
"PSNL","Personalis, Inc. - Common Stock","2021-08-30 08:00:00-04:00",21.68,21.68,21.07,21.07,21.07,0
"PSNL","Personalis, Inc. - Common Stock","2021-08-30 09:30:00-04:00",20.790000915527344,21.209999084472656,20.63500022888184,20.920000076293945,20.920000076293945,76001
"PSNL","Personalis, Inc. - Common Stock","2021-08-30 10:30:00-04:00",20.84000015258789,21.25,20.84000015258789,21.1200008392334,21.1200008392334,33857
"PSNL","Personalis, Inc. - Common Stock","2021-08-30 11:30:00-04:00",21.11000061035156,21.13999938964844,20.920000076293945,21.11000061035156,21.11000061035156,24786
"PSNL","Personalis, Inc. - Common Stock","2021-08-30 12:30:00-04:00",21.100000381469727,21.200000762939453,21.01000022888184,21.01000022888184,21.01000022888184,13790
"PSNL","Personalis, Inc. - Common Stock","2021-08-30 13:30:00-04:00",21.03499984741211,21.03499984741211,20.71999931335449,20.71999931335449,20.71999931335449,26197
"PSNL","Personalis, Inc. - Common Stock","2021-08-30 14:30:00-04:00",20.729999542236328,20.979999542236328,20.729999542236328,20.809999465942383,20.809999465942383,37067
"PSNL","Personalis, Inc. - Common Stock","2021-08-30 15:30:00-04:00",20.809999465942383,20.82999992370605,20.68000030517578,20.799999237060547,20.799999237060547,78797
"PSNL","Personalis, Inc. - Common Stock","2021-08-30 16:00:00-04:00",20.77,20.77,20.77,20.77,20.77,0
"PSNL","Personalis, Inc. - Common Stock","2021-09-01 08:00:00-04:00",19.8482,19.8482,19.8482,19.8482,19.8482,0
"PSNL","Personalis, Inc. - Common Stock","2021-09-01 09:00:00-04:00",21.5,21.5,21.1,21.1,21.1,0
"PSNL","Personalis, Inc. - Common Stock","2021-09-01 09:30:00-04:00",21.280000686645508,21.739999771118164,21.19499969482422,21.700000762939453,21.700000762939453,30427
"PSNL","Personalis, Inc. - Common Stock","2021-09-01 10:30:00-04:00",21.729999542236328,22.020000457763672,21.57999992370605,21.920000076293945,21.920000076293945,46801
"PSNL","Personalis, Inc. - Common Stock","2021-09-01 11:30:00-04:00",21.89999961853028,22.11000061035156,21.84000015258789,21.850000381469727,21.850000381469727,48351
"PSNL","Personalis, Inc. - Common Stock","2021-09-01 12:30:00-04:00",21.850000381469727,22.0,21.790000915527344,21.89999961853028,21.89999961853028,26959
"PSNL","Personalis, Inc. - Common Stock","2021-09-01 13:30:00-04:00",21.90999984741211,21.979999542236328,21.75,21.770000457763672,21.770000457763672,24872
"PSNL","Personalis, Inc. - Common Stock","2021-09-01 14:30:00-04:00",21.790000915527344,21.90999984741211,21.604999542236328,21.81999969482422,21.81999969482422,46260
"PSNL","Personalis, Inc. - Common Stock","2021-09-01 15:30:00-04:00",21.850000381469727,21.93899917602539,21.780000686645508,21.8799991607666,21.8799991607666,60656
"PSNL","Personalis, Inc. - Common Stock","2021-09-01 16:00:00-04:00",21.88,21.89,21.88,21.89,21.89,0
"PSNL","Personalis, Inc. - Common Stock","2021-09-01 17:00:00-04:00",21.89,21.89,21.89,21.89,21.89,0
"PSNL","Personalis, Inc. - Common Stock","2021-09-02 07:00:00-04:00",22.41,22.41,22.41,22.41,22.41,0
"PSNL","Personalis, Inc. - Common Stock","2021-09-02 08:00:00-04:00",22.15,22.15,21.89,21.89,21.89,0
"PSNL","Personalis, Inc. - Common Stock","2021-09-02 09:00:00-04:00",21.9,21.95,21.9,21.95,21.95,0
"PSNL","Personalis, Inc. - Common Stock","2021-09-02 09:30:00-04:00",21.920000076293945,22.239999771118164,21.65999984741211,21.975000381469727,21.975000381469727,29485
"PSNL","Personalis, Inc. - Common Stock","2021-09-02 10:30:00-04:00",22.0,22.01000022888184,21.6737003326416,21.6737003326416,21.6737003326416,37061
"PSNL","Personalis, Inc. - Common Stock","2021-09-02 11:30:00-04:00",21.75,22.020000457763672,21.6835994720459,21.989999771118164,21.989999771118164,35938
"PSNL","Personalis, Inc. - Common Stock","2021-09-02 12:30:00-04:00",21.950000762939453,21.979999542236328,21.809999465942383,21.8700008392334,21.8700008392334,25063
"PSNL","Personalis, Inc. - Common Stock","2021-09-02 13:30:00-04:00",21.875,22.030000686645508,21.875,22.020000457763672,22.020000457763672,24739
"PSNL","Personalis, Inc. - Common Stock","2021-09-02 14:30:00-04:00",22.040000915527344,22.21999931335449,22.040000915527344,22.1200008392334,22.1200008392334,33968
"PSNL","Personalis, Inc. - Common Stock","2021-09-02 15:30:00-04:00",22.114999771118164,22.209999084472656,22.040000915527344,22.1299991607666,22.1299991607666,66483
"PSNL","Personalis, Inc. - Common Stock","2021-09-02 16:00:00-04:00",22.1,22.1,22.1,22.1,22.1,27107
"PSNL","Personalis, Inc. - Common Stock","2021-09-02 17:00:00-04:00",22.22,22.22,22.22,22.22,22.22,0
"PSNL","Personalis, Inc. - Common Stock","2021-09-02 18:00:00-04:00",22.19,22.19,22.19,22.19,22.19,0
"PSNL","Personalis, Inc. - Common Stock","2021-09-03 09:30:00-04:00",22.16530036926269,22.5,22.07999992370605,22.26499938964844,22.26499938964844,38566
"PSNL","Personalis, Inc. - Common Stock","2021-09-03 10:30:00-04:00",22.31999969482422,22.3799991607666,22.174400329589844,22.239999771118164,22.239999771118164,19283
"PSNL","Personalis, Inc. - Common Stock","2021-09-03 11:30:00-04:00",22.230100631713867,22.3700008392334,22.170000076293945,22.25,22.25,15392
"PSNL","Personalis, Inc. - Common Stock","2021-09-03 12:30:00-04:00",22.2549991607666,22.270000457763672,22.104999542236328,22.15999984741211,22.15999984741211,15664
"PSNL","Personalis, Inc. - Common Stock","2021-09-03 13:30:00-04:00",22.190000534057617,22.25,22.11000061035156,22.13999938964844,22.13999938964844,19768
"PSNL","Personalis, Inc. - Common Stock","2021-09-03 14:30:00-04:00",22.11000061035156,22.364999771118164,22.06999969482422,22.299999237060547,22.299999237060547,27850
"PSNL","Personalis, Inc. - Common Stock","2021-09-03 15:30:00-04:00",22.31999969482422,22.440000534057617,22.290000915527344,22.420000076293945,22.420000076293945,45070
"PSNL","Personalis, Inc. - Common Stock","2021-09-03 16:00:00-04:00",22.43,22.48,22.43,22.47,22.47,0
"PSNL","Personalis, Inc. - Common Stock","2021-09-03 17:00:00-04:00",22.46,22.46,22.46,22.46,22.46,0
"PSNL","Personalis, Inc. - Common Stock","2021-09-03 18:00:00-04:00",22.48,22.48,22.48,22.48,22.48,0
"PSNL","Personalis, Inc. - Common Stock","2021-09-03 19:00:00-04:00",22.46,22.46,21.68,21.68,21.68,0
"PSNL","Personalis, Inc. - Common Stock","2021-09-07 07:00:00-04:00",22.2,22.2,22.2,22.2,22.2,0
"PSNL","Personalis, Inc. - Common Stock","2021-09-07 08:00:00-04:00",21.8144,22.32,21.8144,22.32,22.32,0
"PSNL","Personalis, Inc. - Common Stock","2021-09-07 09:00:00-04:00",21.971,21.971,21.971,21.971,21.971,0
"PSNL","Personalis, Inc. - Common Stock","2021-09-07 09:30:00-04:00",22.31999969482422,22.729999542236328,22.14999961853028,22.19499969482422,22.19499969482422,33138
"PSNL","Personalis, Inc. - Common Stock","2021-09-07 10:30:00-04:00",22.200000762939453,22.350000381469727,22.0,22.09000015258789,22.09000015258789,90333
"PSNL","Personalis, Inc. - Common Stock","2021-09-07 11:30:00-04:00",22.0314998626709,22.31999969482422,22.030000686645508,22.309999465942383,22.309999465942383,56132
"PSNL","Personalis, Inc. - Common Stock","2021-09-07 12:30:00-04:00",22.299999237060547,22.299999237060547,22.1200008392334,22.239999771118164,22.239999771118164,37500
"PSNL","Personalis, Inc. - Common Stock","2021-09-07 13:30:00-04:00",22.21999931335449,22.270000457763672,22.15999984741211,22.200000762939453,22.200000762939453,19727
"PSNL","Personalis, Inc. - Common Stock","2021-09-07 14:30:00-04:00",22.18000030517578,22.34000015258789,22.100000381469727,22.34000015258789,22.34000015258789,19452
"PSNL","Personalis, Inc. - Common Stock","2021-09-07 15:30:00-04:00",22.334999084472656,22.459999084472656,22.299999237060547,22.36000061035156,22.36000061035156,32159
"PSNL","Personalis, Inc. - Common Stock","2021-09-07 16:00:00-04:00",22.34,22.34,22.34,22.34,22.34,51738
"PSNL","Personalis, Inc. - Common Stock","2021-09-08 09:30:00-04:00",22.15999984741211,22.280000686645508,21.420000076293945,21.51000022888184,21.51000022888184,0
"PSNL","Personalis, Inc. - Common Stock","2021-09-08 10:30:00-04:00",21.549999237060547,21.8700008392334,21.290000915527344,21.815000534057617,21.815000534057617,136856
"PSNL","Personalis, Inc. - Common Stock","2021-09-08 11:30:00-04:00",21.780000686645508,21.959999084472656,21.68000030517578,21.940000534057617,21.940000534057617,34991
"PSNL","Personalis, Inc. - Common Stock","2021-09-08 12:30:00-04:00",21.950000762939453,22.020000457763672,21.8700008392334,21.950000762939453,21.950000762939453,13869
"PSNL","Personalis, Inc. - Common Stock","2021-09-08 13:30:00-04:00",21.924999237060547,22.209999084472656,21.90999984741211,22.114999771118164,22.114999771118164,38673
"PSNL","Personalis, Inc. - Common Stock","2021-09-08 14:30:00-04:00",22.11000061035156,22.34000015258789,22.100000381469727,22.325000762939453,22.325000762939453,41521
"PSNL","Personalis, Inc. - Common Stock","2021-09-08 15:30:00-04:00",22.309999465942383,22.31999969482422,22.09000015258789,22.15999984741211,22.15999984741211,44061
"PSNL","Personalis, Inc. - Common Stock","2021-09-08 16:00:00-04:00",22.15,22.15,22.15,22.15,22.15,0
"PSNL","Personalis, Inc. - Common Stock","2021-09-08 17:00:00-04:00",22.15,22.15,22.15,22.15,22.15,0
"PSNL","Personalis, Inc. - Common Stock","2021-09-09 09:30:00-04:00",22.030000686645508,22.68000030517578,22.030000686645508,22.5,22.5,34341
"PSNL","Personalis, Inc. - Common Stock","2021-09-09 10:30:00-04:00",22.530000686645508,22.93000030517578,22.520000457763672,22.540000915527344,22.540000915527344,32173
"PSNL","Personalis, Inc. - Common Stock","2021-09-09 11:30:00-04:00",22.549999237060547,22.60980033874512,22.39999961853028,22.51000022888184,22.51000022888184,21702
"PSNL","Personalis, Inc. - Common Stock","2021-09-09 12:30:00-04:00",22.56999969482422,22.743799209594727,22.530000686645508,22.559999465942383,22.559999465942383,22412
"PSNL","Personalis, Inc. - Common Stock","2021-09-09 13:30:00-04:00",22.540000915527344,22.540000915527344,22.31999969482422,22.3700008392334,22.3700008392334,21393
"PSNL","Personalis, Inc. - Common Stock","2021-09-09 14:30:00-04:00",22.3700008392334,22.479999542236328,22.299999237060547,22.395000457763672,22.395000457763672,28011
"PSNL","Personalis, Inc. - Common Stock","2021-09-09 15:30:00-04:00",22.3700008392334,22.433000564575195,22.26000022888184,22.299999237060547,22.299999237060547,45122
"PSNL","Personalis, Inc. - Common Stock","2021-09-09 16:00:00-04:00",22.31,22.72,22.3,22.5,22.5,0
"PSNL","Personalis, Inc. - Common Stock","2021-09-09 17:00:00-04:00",22.4,22.4,22.4,22.4,22.4,0
"PSNL","Personalis, Inc. - Common Stock","2021-09-09 18:00:00-04:00",22.68,22.72,22.4,22.72,22.72,0
"PSNL","Personalis, Inc. - Common Stock","2021-09-09 19:00:00-04:00",22.7,22.7,22.33,22.41,22.41,0
"PSNL","Personalis, Inc. - Common Stock","2021-09-10 06:00:00-04:00",22.71,22.71,22.71,22.71,22.71,0
"PSNL","Personalis, Inc. - Common Stock","2021-09-10 07:00:00-04:00",22.06,22.36,21.5,22.36,22.36,0
"PSNL","Personalis, Inc. - Common Stock","2021-09-10 08:00:00-04:00",22.3699,22.4001,22.3599,22.38,22.38,0
"PSNL","Personalis, Inc. - Common Stock","2021-09-10 09:00:00-04:00",22.31,22.35,22.31,22.35,22.35,0
"PSNL","Personalis, Inc. - Common Stock","2021-09-10 09:30:00-04:00",22.520000457763672,22.89999961853028,22.38999938964844,22.540000915527344,22.540000915527344,67345
"PSNL","Personalis, Inc. - Common Stock","2021-09-10 10:30:00-04:00",22.549999237060547,22.700000762939453,22.429500579833984,22.51000022888184,22.51000022888184,32132
"PSNL","Personalis, Inc. - Common Stock","2021-09-10 11:30:00-04:00",22.48500061035156,22.609899520874023,22.39999961853028,22.450000762939453,22.450000762939453,31988
"PSNL","Personalis, Inc. - Common Stock","2021-09-10 12:30:00-04:00",22.440000534057617,22.479999542236328,22.1200008392334,22.1200008392334,22.1200008392334,120473
"PSNL","Personalis, Inc. - Common Stock","2021-09-10 13:30:00-04:00",22.1299991607666,22.29050064086914,22.09000015258789,22.25,22.25,24013
"PSNL","Personalis, Inc. - Common Stock","2021-09-10 14:30:00-04:00",22.239999771118164,22.40999984741211,21.95499992370605,21.975000381469727,21.975000381469727,41678
"PSNL","Personalis, Inc. - Common Stock","2021-09-10 15:30:00-04:00",21.96500015258789,21.96500015258789,21.56999969482422,21.59000015258789,21.59000015258789,76432
"PSNL","Personalis, Inc. - Common Stock","2021-09-10 16:00:00-04:00",21.58,22.0,21.55,21.55,21.55,0
"PSNL","Personalis, Inc. - Common Stock","2021-09-10 17:00:00-04:00",22.57,22.57,22.3,22.3,22.3,0
"PSNL","Personalis, Inc. - Common Stock","2021-09-13 09:00:00-04:00",21.64,21.85,21.64,21.85,21.85,0
"PSNL","Personalis, Inc. - Common Stock","2021-09-13 09:30:00-04:00",21.63999938964844,21.63999938964844,20.63999938964844,21.270000457763672,21.270000457763672,102836
"PSNL","Personalis, Inc. - Common Stock","2021-09-13 10:30:00-04:00",21.190000534057617,21.56999969482422,21.190000534057617,21.43000030517578,21.43000030517578,31482
"PSNL","Personalis, Inc. - Common Stock","2021-09-13 11:30:00-04:00",21.440000534057617,21.65999984741211,21.43000030517578,21.63999938964844,21.63999938964844,24516
"PSNL","Personalis, Inc. - Common Stock","2021-09-13 12:30:00-04:00",21.670000076293945,22.01000022888184,21.665000915527344,21.93000030517578,21.93000030517578,41720
"PSNL","Personalis, Inc. - Common Stock","2021-09-13 13:30:00-04:00",21.93000030517578,22.170000076293945,21.8799991607666,21.96999931335449,21.96999931335449,63669
"PSNL","Personalis, Inc. - Common Stock","2021-09-13 14:30:00-04:00",21.96500015258789,22.209999084472656,21.891000747680664,22.1200008392334,22.1200008392334,120624
"PSNL","Personalis, Inc. - Common Stock","2021-09-13 15:30:00-04:00",22.1200008392334,22.280000686645508,22.020000457763672,22.1299991607666,22.1299991607666,78946
"PSNL","Personalis, Inc. - Common Stock","2021-09-13 16:00:00-04:00",22.14,22.14,22.14,22.14,22.14,0
"PSNL","Personalis, Inc. - Common Stock","2021-09-13 17:00:00-04:00",22.11,22.11,22.11,22.11,22.11,0
"PSNL","Personalis, Inc. - Common Stock","2021-09-14 09:30:00-04:00",22.040000915527344,22.450000762939453,21.7549991607666,21.850000381469727,21.850000381469727,74674
"PSNL","Personalis, Inc. - Common Stock","2021-09-14 10:30:00-04:00",21.875,22.03499984741211,21.770000457763672,21.940000534057617,21.940000534057617,59064
"PSNL","Personalis, Inc. - Common Stock","2021-09-14 11:30:00-04:00",21.920000076293945,21.920000076293945,21.540000915527344,21.575000762939453,21.575000762939453,44520
"PSNL","Personalis, Inc. - Common Stock","2021-09-14 12:30:00-04:00",21.575000762939453,21.575000762939453,21.31999969482422,21.540000915527344,21.540000915527344,45088
"PSNL","Personalis, Inc. - Common Stock","2021-09-14 13:30:00-04:00",21.540000915527344,21.71500015258789,21.420000076293945,21.420000076293945,21.420000076293945,116321
"PSNL","Personalis, Inc. - Common Stock","2021-09-14 14:30:00-04:00",21.40999984741211,21.450000762939453,21.170000076293945,21.26000022888184,21.26000022888184,64735
"PSNL","Personalis, Inc. - Common Stock","2021-09-14 15:30:00-04:00",21.2549991607666,21.3799991607666,21.15999984741211,21.3799991607666,21.3799991607666,85520
"PSNL","Personalis, Inc. - Common Stock","2021-09-14 16:00:00-04:00",21.34,21.34,21.34,21.34,21.34,0
"PSNL","Personalis, Inc. - Common Stock","2021-09-15 06:00:00-04:00",21.34,21.34,21.34,21.34,21.34,0
"PSNL","Personalis, Inc. - Common Stock","2021-09-15 09:30:00-04:00",21.479999542236328,21.6299991607666,20.86000061035156,21.40999984741211,21.40999984741211,54390
"PSNL","Personalis, Inc. - Common Stock","2021-09-15 10:30:00-04:00",21.459999084472656,21.75,21.420000076293945,21.520000457763672,21.520000457763672,37965
"PSNL","Personalis, Inc. - Common Stock","2021-09-15 11:30:00-04:00",21.48500061035156,21.51000022888184,21.2593994140625,21.26000022888184,21.26000022888184,17621
"PSNL","Personalis, Inc. - Common Stock","2021-09-15 12:30:00-04:00",21.209999084472656,21.290000915527344,21.170000076293945,21.200000762939453,21.200000762939453,18442
"PSNL","Personalis, Inc. - Common Stock","2021-09-15 13:30:00-04:00",21.2450008392334,21.450000762939453,21.21820068359375,21.43000030517578,21.43000030517578,20915
"PSNL","Personalis, Inc. - Common Stock","2021-09-15 14:30:00-04:00",21.450000762939453,21.559999465942383,21.38999938964844,21.420000076293945,21.420000076293945,33774
"PSNL","Personalis, Inc. - Common Stock","2021-09-15 15:30:00-04:00",21.420000076293945,21.5,21.3700008392334,21.39999961853028,21.39999961853028,72566
"PSNL","Personalis, Inc. - Common Stock","2021-09-15 16:00:00-04:00",21.4,21.4,21.4,21.4,21.4,0
"PSNL","Personalis, Inc. - Common Stock","2021-09-15 17:00:00-04:00",21.0,21.0,21.0,21.0,21.0,0
"PSNL","Personalis, Inc. - Common Stock","2021-09-15 19:00:00-04:00",21.77,21.77,21.77,21.77,21.77,0
"PSNL","Personalis, Inc. - Common Stock","2021-09-16 08:00:00-04:00",21.4,21.4,21.4,21.4,21.4,0
"PSNL","Personalis, Inc. - Common Stock","2021-09-16 09:00:00-04:00",21.2,21.2,21.2,21.2,21.2,0
"PSNL","Personalis, Inc. - Common Stock","2021-09-16 09:30:00-04:00",21.239999771118164,21.2549991607666,20.64999961853028,20.809999465942383,20.809999465942383,40429
"PSNL","Personalis, Inc. - Common Stock","2021-09-16 10:30:00-04:00",20.770000457763672,20.989999771118164,20.63999938964844,20.64999961853028,20.64999961853028,39310
"PSNL","Personalis, Inc. - Common Stock","2021-09-16 11:30:00-04:00",20.65999984741211,20.82999992370605,20.65999984741211,20.75,20.75,18051
"PSNL","Personalis, Inc. - Common Stock","2021-09-16 12:30:00-04:00",20.770000457763672,20.950000762939453,20.73859977722168,20.89999961853028,20.89999961853028,16707
"PSNL","Personalis, Inc. - Common Stock","2021-09-16 13:30:00-04:00",20.89999961853028,20.989999771118164,20.82099914550781,20.90999984741211,20.90999984741211,18202
"PSNL","Personalis, Inc. - Common Stock","2021-09-16 14:30:00-04:00",20.920000076293945,21.18000030517578,20.89999961853028,21.09000015258789,21.09000015258789,30975
"PSNL","Personalis, Inc. - Common Stock","2021-09-16 15:30:00-04:00",21.09000015258789,21.239999771118164,21.06999969482422,21.170000076293945,21.170000076293945,40186
"PSNL","Personalis, Inc. - Common Stock","2021-09-16 16:00:00-04:00",21.16,21.16,21.16,21.16,21.16,0
"PSNL","Personalis, Inc. - Common Stock","2021-09-16 17:00:00-04:00",21.16,21.16,21.16,21.16,21.16,0
"PSNL","Personalis, Inc. - Common Stock","2021-09-16 18:00:00-04:00",20.64,20.64,20.64,20.64,20.64,0
"PSNL","Personalis, Inc. - Common Stock","2021-09-16 19:00:00-04:00",21.16,21.16,21.16,21.16,21.16,0
"PSNL","Personalis, Inc. - Common Stock","2021-09-17 09:00:00-04:00",21.25,21.25,21.25,21.25,21.25,0
"PSNL","Personalis, Inc. - Common Stock","2021-09-17 09:30:00-04:00",21.25,22.270000457763672,21.170000076293945,22.270000457763672,22.270000457763672,77703
"PSNL","Personalis, Inc. - Common Stock","2021-09-17 10:30:00-04:00",22.26000022888184,22.530000686645508,22.06999969482422,22.39999961853028,22.39999961853028,43157
"PSNL","Personalis, Inc. - Common Stock","2021-09-17 11:30:00-04:00",22.440000534057617,22.71999931335449,22.309999465942383,22.65999984741211,22.65999984741211,43597
"PSNL","Personalis, Inc. - Common Stock","2021-09-17 12:30:00-04:00",22.700000762939453,23.0,22.670000076293945,22.82999992370605,22.82999992370605,41054
"PSNL","Personalis, Inc. - Common Stock","2021-09-17 13:30:00-04:00",22.834999084472656,22.89999961853028,22.5,22.59000015258789,22.59000015258789,46946
"PSNL","Personalis, Inc. - Common Stock","2021-09-17 14:30:00-04:00",22.549999237060547,22.68000030517578,22.489999771118164,22.57999992370605,22.57999992370605,49519
"PSNL","Personalis, Inc. - Common Stock","2021-09-17 15:30:00-04:00",22.6200008392334,23.040000915527344,22.32999992370605,22.3799991607666,22.3799991607666,236463
"PSNL","Personalis, Inc. - Common Stock","2021-09-17 16:00:00-04:00",22.38,22.42,22.3785,22.42,22.42,0
"PSNL","Personalis, Inc. - Common Stock","2021-09-17 17:00:00-04:00",22.49,22.5,22.42,22.42,22.42,0
"PSNL","Personalis, Inc. - Common Stock","2021-09-17 19:00:00-04:00",22.5,22.5,22.5,22.5,22.5,0
"PSNL","Personalis, Inc. - Common Stock","2021-09-20 07:00:00-04:00",22.19,22.38,22.19,22.38,22.38,0
"PSNL","Personalis, Inc. - Common Stock","2021-09-20 08:00:00-04:00",22.0,22.0,22.0,22.0,22.0,0
"PSNL","Personalis, Inc. - Common Stock","2021-09-20 09:00:00-04:00",22.0,22.38,22.0,22.0,22.0,0
"PSNL","Personalis, Inc. - Common Stock","2021-09-20 09:30:00-04:00",21.520000457763672,21.89999961853028,20.440000534057617,20.795000076293945,20.795000076293945,209890
"PSNL","Personalis, Inc. - Common Stock","2021-09-20 10:30:00-04:00",20.75,21.63999938964844,20.59499931335449,21.6299991607666,21.6299991607666,88010
"PSNL","Personalis, Inc. - Common Stock","2021-09-20 11:30:00-04:00",21.520000457763672,21.6200008392334,21.420000076293945,21.600000381469727,21.600000381469727,67561
"PSNL","Personalis, Inc. - Common Stock","2021-09-20 12:30:00-04:00",21.6200008392334,21.8799991607666,21.56999969482422,21.730100631713867,21.730100631713867,49958
"PSNL","Personalis, Inc. - Common Stock","2021-09-20 13:30:00-04:00",21.739999771118164,21.739999771118164,21.38999938964844,21.40699958801269,21.40699958801269,52192
"PSNL","Personalis, Inc. - Common Stock","2021-09-20 14:30:00-04:00",21.38500022888184,21.809999465942383,21.21999931335449,21.25,21.25,110687
"PSNL","Personalis, Inc. - Common Stock","2021-09-20 15:30:00-04:00",21.25,21.309999465942383,21.02499961853028,21.309999465942383,21.309999465942383,165087
"PSNL","Personalis, Inc. - Common Stock","2021-09-20 16:00:00-04:00",21.3,21.3,21.3,21.3,21.3,0
"PSNL","Personalis, Inc. - Common Stock","2021-09-20 17:00:00-04:00",21.3,21.3,21.3,21.3,21.3,0
"PSNL","Personalis, Inc. - Common Stock","2021-09-21 07:00:00-04:00",22.4,22.4,22.4,22.4,22.4,0
"PSNL","Personalis, Inc. - Common Stock","2021-09-21 09:00:00-04:00",21.5,21.5,21.5,21.5,21.5,0
"PSNL","Personalis, Inc. - Common Stock","2021-09-21 09:30:00-04:00",21.32999992370605,21.420000076293945,20.600000381469727,20.600000381469727,20.600000381469727,92231
"PSNL","Personalis, Inc. - Common Stock","2021-09-21 10:30:00-04:00",20.645000457763672,21.170000076293945,20.645000457763672,21.059999465942383,21.059999465942383,49700
"PSNL","Personalis, Inc. - Common Stock","2021-09-21 11:30:00-04:00",21.059999465942383,21.26749992370605,20.96999931335449,21.09000015258789,21.09000015258789,40959
"PSNL","Personalis, Inc. - Common Stock","2021-09-21 12:30:00-04:00",21.100000381469727,21.229999542236328,21.03499984741211,21.15999984741211,21.15999984741211,30919
"PSNL","Personalis, Inc. - Common Stock","2021-09-21 13:30:00-04:00",21.190000534057617,21.239999771118164,20.959999084472656,21.239999771118164,21.239999771118164,46792
"PSNL","Personalis, Inc. - Common Stock","2021-09-21 14:30:00-04:00",21.239999771118164,21.32999992370605,21.200000762939453,21.31999969482422,21.31999969482422,28590
"PSNL","Personalis, Inc. - Common Stock","2021-09-21 15:30:00-04:00",21.32999992370605,21.36000061035156,21.1299991607666,21.200000762939453,21.200000762939453,71235
"PSNL","Personalis, Inc. - Common Stock","2021-09-21 16:00:00-04:00",21.19,21.19,21.19,21.19,21.19,0
"PSNL","Personalis, Inc. - Common Stock","2021-09-21 18:00:00-04:00",22.25,22.25,21.25,21.25,21.25,0
"PSNL","Personalis, Inc. - Common Stock","2021-09-21 19:00:00-04:00",21.17,21.17,20.98,21.01,21.01,0
"PSNL","Personalis, Inc. - Common Stock","2021-09-22 07:00:00-04:00",21.35,21.39,21.35,21.38,21.38,0
"PSNL","Personalis, Inc. - Common Stock","2021-09-22 08:00:00-04:00",21.3599,21.3699,21.3599,21.3699,21.3699,0
"PSNL","Personalis, Inc. - Common Stock","2021-09-22 09:00:00-04:00",21.38,21.5,21.37,21.5,21.5,0
"PSNL","Personalis, Inc. - Common Stock","2021-09-22 09:30:00-04:00",21.21999931335449,21.21999931335449,20.6200008392334,20.75219917297364,20.75219917297364,35230
"PSNL","Personalis, Inc. - Common Stock","2021-09-22 10:30:00-04:00",20.790000915527344,21.11000061035156,20.790000915527344,20.96999931335449,20.96999931335449,21129
"PSNL","Personalis, Inc. - Common Stock","2021-09-22 11:30:00-04:00",20.989999771118164,21.09000015258789,20.89999961853028,20.90999984741211,20.90999984741211,18989
"PSNL","Personalis, Inc. - Common Stock","2021-09-22 12:30:00-04:00",20.89999961853028,20.89999961853028,20.545000076293945,20.57999992370605,20.57999992370605,42196
"PSNL","Personalis, Inc. - Common Stock","2021-09-22 13:30:00-04:00",20.600000381469727,20.93000030517578,20.57999992370605,20.86000061035156,20.86000061035156,78838
"PSNL","Personalis, Inc. - Common Stock","2021-09-22 14:30:00-04:00",20.82999992370605,20.93000030517578,20.600000381469727,20.75,20.75,76163
"PSNL","Personalis, Inc. - Common Stock","2021-09-22 15:30:00-04:00",20.709999084472656,20.864999771118164,20.599000930786133,20.670000076293945,20.670000076293945,100147
"PSNL","Personalis, Inc. - Common Stock","2021-09-22 16:00:00-04:00",20.66,20.66,20.66,20.66,20.66,0
"PSNL","Personalis, Inc. - Common Stock","2021-09-22 19:00:00-04:00",20.7,20.7,20.7,20.7,20.7,0
"PSNL","Personalis, Inc. - Common Stock","2021-09-23 07:00:00-04:00",20.75,20.75,20.72,20.72,20.72,0
"PSNL","Personalis, Inc. - Common Stock","2021-09-23 08:00:00-04:00",21.12,21.12,21.12,21.12,21.12,0
"PSNL","Personalis, Inc. - Common Stock","2021-09-23 09:30:00-04:00",20.770000457763672,20.82999992370605,20.34000015258789,20.780000686645508,20.780000686645508,72164
"PSNL","Personalis, Inc. - Common Stock","2021-09-23 10:30:00-04:00",20.78499984741211,20.959999084472656,20.549999237060547,20.84000015258789,20.84000015258789,31160
"PSNL","Personalis, Inc. - Common Stock","2021-09-23 11:30:00-04:00",20.86000061035156,20.989999771118164,20.670000076293945,20.766599655151367,20.766599655151367,22992
"PSNL","Personalis, Inc. - Common Stock","2021-09-23 12:30:00-04:00",20.770000457763672,20.959999084472656,20.709999084472656,20.8700008392334,20.8700008392334,11641
"PSNL","Personalis, Inc. - Common Stock","2021-09-23 13:30:00-04:00",20.89200019836425,20.98500061035156,20.80389976501465,20.80389976501465,20.80389976501465,16214
"PSNL","Personalis, Inc. - Common Stock","2021-09-23 14:30:00-04:00",20.81999969482422,20.950000762939453,20.780000686645508,20.920000076293945,20.920000076293945,22392
"PSNL","Personalis, Inc. - Common Stock","2021-09-23 15:30:00-04:00",20.979999542236328,21.209999084472656,20.950000762939453,21.0,21.0,60402
"PSNL","Personalis, Inc. - Common Stock","2021-09-23 16:00:00-04:00",21.0,21.0,21.0,21.0,21.0,0
"PSNL","Personalis, Inc. - Common Stock","2021-09-24 09:30:00-04:00",20.8799991607666,21.46999931335449,20.15999984741211,20.6299991607666,20.6299991607666,34120
"PSNL","Personalis, Inc. - Common Stock","2021-09-24 10:30:00-04:00",20.520000457763672,20.540000915527344,20.190000534057617,20.229999542236328,20.229999542236328,29550
"PSNL","Personalis, Inc. - Common Stock","2021-09-24 11:30:00-04:00",20.270000457763672,20.6299991607666,20.270000457763672,20.47900009155273,20.47900009155273,26220
"PSNL","Personalis, Inc. - Common Stock","2021-09-24 12:30:00-04:00",20.479999542236328,20.479999542236328,20.200000762939453,20.200000762939453,20.200000762939453,17518
"PSNL","Personalis, Inc. - Common Stock","2021-09-24 13:30:00-04:00",20.200000762939453,20.200000762939453,19.950000762939453,20.040000915527344,20.040000915527344,40204
"PSNL","Personalis, Inc. - Common Stock","2021-09-24 14:30:00-04:00",20.065000534057617,20.15999984741211,19.690000534057617,19.790000915527344,19.790000915527344,64497
"PSNL","Personalis, Inc. - Common Stock","2021-09-24 15:30:00-04:00",19.78499984741211,19.799999237060547,19.59000015258789,19.64999961853028,19.64999961853028,72641
"PSNL","Personalis, Inc. - Common Stock","2021-09-24 16:00:00-04:00",19.64,19.7,19.64,19.7,19.7,0
"PSNL","Personalis, Inc. - Common Stock","2021-09-24 17:00:00-04:00",19.67,19.67,19.67,19.67,19.67,0
"PSNL","Personalis, Inc. - Common Stock","2021-09-24 19:00:00-04:00",19.7,19.7,19.7,19.7,19.7,0
"PSNL","Personalis, Inc. - Common Stock","2021-09-27 09:30:00-04:00",19.56999969482422,19.61000061035156,18.670000076293945,19.229999542236328,19.229999542236328,98784
"PSNL","Personalis, Inc. - Common Stock","2021-09-27 10:30:00-04:00",19.26000022888184,19.799999237060547,19.25,19.709999084472656,19.709999084472656,54428
"PSNL","Personalis, Inc. - Common Stock","2021-09-27 11:30:00-04:00",19.709999084472656,19.920000076293945,19.51000022888184,19.59000015258789,19.59000015258789,37164
"PSNL","Personalis, Inc. - Common Stock","2021-09-27 12:30:00-04:00",19.625,19.625,19.39999961853028,19.44499969482422,19.44499969482422,23483
"PSNL","Personalis, Inc. - Common Stock","2021-09-27 13:30:00-04:00",19.459999084472656,19.68000030517578,19.375,19.61000061035156,19.61000061035156,43810
"PSNL","Personalis, Inc. - Common Stock","2021-09-27 14:30:00-04:00",19.6299991607666,19.63999938964844,19.3700008392334,19.6299991607666,19.6299991607666,51608
"PSNL","Personalis, Inc. - Common Stock","2021-09-27 15:30:00-04:00",19.63999938964844,19.71999931335449,19.489999771118164,19.540000915527344,19.540000915527344,53218
"PSNL","Personalis, Inc. - Common Stock","2021-09-27 16:00:00-04:00",19.51,19.51,19.51,19.51,19.51,0
"PSNL","Personalis, Inc. - Common Stock","2021-09-27 19:00:00-04:00",19.53,19.53,19.53,19.53,19.53,0
"PSNL","Personalis, Inc. - Common Stock","2021-09-28 07:00:00-04:00",20.0,20.0,20.0,20.0,20.0,0
"PSNL","Personalis, Inc. - Common Stock","2021-09-28 09:00:00-04:00",19.51,19.51,19.51,19.51,19.51,0
"PSNL","Personalis, Inc. - Common Stock","2021-09-28 09:30:00-04:00",19.209999084472656,19.350000381469727,18.489999771118164,18.700000762939453,18.700000762939453,64942
"PSNL","Personalis, Inc. - Common Stock","2021-09-28 10:30:00-04:00",18.729999542236328,18.76000022888184,18.530000686645508,18.63010025024414,18.63010025024414,39913
"PSNL","Personalis, Inc. - Common Stock","2021-09-28 11:30:00-04:00",18.64999961853028,18.81999969482422,18.61000061035156,18.729999542236328,18.729999542236328,22770
"PSNL","Personalis, Inc. - Common Stock","2021-09-28 12:30:00-04:00",18.670000076293945,18.84000015258789,18.40999984741211,18.81999969482422,18.81999969482422,44816
"PSNL","Personalis, Inc. - Common Stock","2021-09-28 13:30:00-04:00",18.82999992370605,18.93000030517578,18.68000030517578,18.780000686645508,18.780000686645508,23392
"PSNL","Personalis, Inc. - Common Stock","2021-09-28 14:30:00-04:00",18.71999931335449,18.86000061035156,18.670000076293945,18.69499969482422,18.69499969482422,26227
"PSNL","Personalis, Inc. - Common Stock","2021-09-28 15:30:00-04:00",18.68000030517578,18.690000534057617,18.479999542236328,18.57999992370605,18.57999992370605,77678
"PSNL","Personalis, Inc. - Common Stock","2021-09-28 16:00:00-04:00",18.59,18.59,18.59,18.59,18.59,23826
"PSNL","Personalis, Inc. - Common Stock","2021-09-28 17:00:00-04:00",18.59,18.87,18.59,18.87,18.87,0
"PSNL","Personalis, Inc. - Common Stock","2021-09-28 18:00:00-04:00",18.86,18.86,18.59,18.59,18.59,0
"PSNL","Personalis, Inc. - Common Stock","2021-09-28 19:00:00-04:00",18.49,18.49,18.49,18.49,18.49,0
"PSNL","Personalis, Inc. - Common Stock","2021-09-29 09:30:00-04:00",18.81999969482422,19.2549991607666,18.649599075317383,18.81999969482422,18.81999969482422,51581
"PSNL","Personalis, Inc. - Common Stock","2021-09-29 10:30:00-04:00",18.799999237060547,18.82999992370605,18.5,18.524799346923828,18.524799346923828,41437
"PSNL","Personalis, Inc. - Common Stock","2021-09-29 11:30:00-04:00",18.5398006439209,18.68000030517578,18.489999771118164,18.549999237060547,18.549999237060547,29522
"PSNL","Personalis, Inc. - Common Stock","2021-09-29 12:30:00-04:00",18.530000686645508,18.559999465942383,18.28499984741211,18.440000534057617,18.440000534057617,55154
"PSNL","Personalis, Inc. - Common Stock","2021-09-29 13:30:00-04:00",18.46999931335449,18.729999542236328,18.420000076293945,18.6299991607666,18.6299991607666,22896
"PSNL","Personalis, Inc. - Common Stock","2021-09-29 14:30:00-04:00",18.6200008392334,18.71999931335449,18.459999084472656,18.5,18.5,32039
"PSNL","Personalis, Inc. - Common Stock","2021-09-29 15:30:00-04:00",18.479999542236328,18.479999542236328,18.229999542236328,18.32999992370605,18.32999992370605,44325
"PSNL","Personalis, Inc. - Common Stock","2021-09-29 16:00:00-04:00",18.32,19.31,18.32,19.31,19.31,0
"PSNL","Personalis, Inc. - Common Stock","2021-10-01 09:30:00-04:00",19.270000457763672,19.31999969482422,18.61000061035156,18.88999938964844,18.88999938964844,0
"PSNL","Personalis, Inc. - Common Stock","2021-10-01 10:30:00-04:00",18.86000061035156,19.0,18.6299991607666,19.0,19.0,58469
"PSNL","Personalis, Inc. - Common Stock","2021-10-01 11:30:00-04:00",18.940000534057617,19.1200008392334,18.89999961853028,19.06999969482422,19.06999969482422,45182
"PSNL","Personalis, Inc. - Common Stock","2021-10-01 12:30:00-04:00",19.065000534057617,19.21999931335449,18.95499992370605,19.21999931335449,19.21999931335449,56051
"PSNL","Personalis, Inc. - Common Stock","2021-10-01 13:30:00-04:00",19.209999084472656,19.440000534057617,19.209999084472656,19.420000076293945,19.420000076293945,33302
"PSNL","Personalis, Inc. - Common Stock","2021-10-01 14:30:00-04:00",19.415000915527344,19.540000915527344,19.309999465942383,19.34000015258789,19.34000015258789,40135
"PSNL","Personalis, Inc. - Common Stock","2021-10-01 15:30:00-04:00",19.31999969482422,19.479999542236328,19.309999465942383,19.420000076293945,19.420000076293945,52337
"PSNL","Personalis, Inc. - Common Stock","2021-10-01 16:00:00-04:00",19.44,19.44,19.41,19.44,19.44,0
"PSNL","Personalis, Inc. - Common Stock","2021-10-01 19:00:00-04:00",19.5,19.5,19.5,19.5,19.5,0
"PSNL","Personalis, Inc. - Common Stock","2021-10-04 07:00:00-04:00",19.5,19.5,19.5,19.5,19.5,0
"PSNL","Personalis, Inc. - Common Stock","2021-10-04 09:30:00-04:00",19.31999969482422,19.31999969482422,18.1299991607666,18.18000030517578,18.18000030517578,53673
"PSNL","Personalis, Inc. - Common Stock","2021-10-04 10:30:00-04:00",18.100000381469727,18.18000030517578,17.780000686645508,17.81999969482422,17.81999969482422,141771
"PSNL","Personalis, Inc. - Common Stock","2021-10-04 11:30:00-04:00",17.790000915527344,17.81999969482422,17.469999313354492,17.510000228881836,17.510000228881836,76007
"PSNL","Personalis, Inc. - Common Stock","2021-10-04 12:30:00-04:00",17.514999389648438,17.68000030517578,17.22319984436035,17.579999923706055,17.579999923706055,65216
"PSNL","Personalis, Inc. - Common Stock","2021-10-04 13:30:00-04:00",17.560100555419922,17.65999984741211,17.5,17.610000610351562,17.610000610351562,32831
"PSNL","Personalis, Inc. - Common Stock","2021-10-04 14:30:00-04:00",17.610000610351562,17.770000457763672,17.489999771118164,17.6200008392334,17.6200008392334,161832
"PSNL","Personalis, Inc. - Common Stock","2021-10-04 15:30:00-04:00",17.6200008392334,17.65999984741211,17.280000686645508,17.3799991607666,17.3799991607666,176189
"PSNL","Personalis, Inc. - Common Stock","2021-10-04 16:00:00-04:00",17.38,17.8,17.38,17.8,17.8,0
"PSNL","Personalis, Inc. - Common Stock","2021-10-04 18:00:00-04:00",17.76,17.76,17.75,17.75,17.75,0
"PSNL","Personalis, Inc. - Common Stock","2021-10-04 19:00:00-04:00",17.76,17.76,17.51,17.5199,17.5199,0
"PSNL","Personalis, Inc. - Common Stock","2021-10-05 07:00:00-04:00",17.75,17.75,17.75,17.75,17.75,0
"PSNL","Personalis, Inc. - Common Stock","2021-10-05 09:30:00-04:00",17.420000076293945,17.959999084472656,17.309999465942383,17.559999465942383,17.559999465942383,117676
"PSNL","Personalis, Inc. - Common Stock","2021-10-05 10:30:00-04:00",17.610000610351562,18.1299991607666,17.469999313354492,17.799999237060547,17.799999237060547,77760
"PSNL","Personalis, Inc. - Common Stock","2021-10-05 11:30:00-04:00",17.770000457763672,17.799999237060547,17.5049991607666,17.559999465942383,17.559999465942383,34787
"PSNL","Personalis, Inc. - Common Stock","2021-10-05 12:30:00-04:00",17.549999237060547,17.56999969482422,17.399999618530273,17.469999313354492,17.469999313354492,33323
"PSNL","Personalis, Inc. - Common Stock","2021-10-05 13:30:00-04:00",17.489999771118164,17.709999084472656,17.46500015258789,17.68000030517578,17.68000030517578,23784
"PSNL","Personalis, Inc. - Common Stock","2021-10-05 14:30:00-04:00",17.700000762939453,17.850000381469727,17.690000534057617,17.84000015258789,17.84000015258789,108236
"PSNL","Personalis, Inc. - Common Stock","2021-10-05 15:30:00-04:00",17.84000015258789,17.950000762939453,17.78499984741211,17.90999984741211,17.90999984741211,101555
"PSNL","Personalis, Inc. - Common Stock","2021-10-05 16:00:00-04:00",17.91,18.0,17.91,18.0,18.0,0
"PSNL","Personalis, Inc. - Common Stock","2021-10-05 17:00:00-04:00",17.51,17.51,17.51,17.51,17.51,0
"PSNL","Personalis, Inc. - Common Stock","2021-10-05 19:00:00-04:00",17.52,17.52,17.52,17.52,17.52,0
"PSNL","Personalis, Inc. - Common Stock","2021-10-06 09:30:00-04:00",17.649999618530273,18.26000022888184,17.649999618530273,18.059999465942383,18.059999465942383,39453
"PSNL","Personalis, Inc. - Common Stock","2021-10-06 10:30:00-04:00",18.059999465942383,18.21999931335449,17.969999313354492,18.13999938964844,18.13999938964844,26675
"PSNL","Personalis, Inc. - Common Stock","2021-10-06 11:30:00-04:00",18.14999961853028,18.21999931335449,18.059999465942383,18.065000534057617,18.065000534057617,15210
"PSNL","Personalis, Inc. - Common Stock","2021-10-06 12:30:00-04:00",18.05500030517578,18.100000381469727,17.920000076293945,17.93000030517578,17.93000030517578,25549
"PSNL","Personalis, Inc. - Common Stock","2021-10-06 13:30:00-04:00",17.950000762939453,18.059999465942383,17.950000762939453,18.049999237060547,18.049999237060547,17156
"PSNL","Personalis, Inc. - Common Stock","2021-10-06 14:30:00-04:00",18.049999237060547,18.1299991607666,17.790000915527344,17.829999923706055,17.829999923706055,32291
"PSNL","Personalis, Inc. - Common Stock","2021-10-06 15:30:00-04:00",17.809999465942383,18.0,17.739999771118164,17.969999313354492,17.969999313354492,93222
"PSNL","Personalis, Inc. - Common Stock","2021-10-06 16:00:00-04:00",17.98,17.98,17.98,17.98,17.98,0
"PSNL","Personalis, Inc. - Common Stock","2021-10-06 17:00:00-04:00",17.98,17.98,17.98,17.98,17.98,0
"PSNL","Personalis, Inc. - Common Stock","2021-10-07 09:30:00-04:00",18.14999961853028,18.864999771118164,18.1200008392334,18.864999771118164,18.864999771118164,137629
"PSNL","Personalis, Inc. - Common Stock","2021-10-07 10:30:00-04:00",18.820499420166016,19.07999992370605,18.81999969482422,18.975000381469727,18.975000381469727,30946
"PSNL","Personalis, Inc. - Common Stock","2021-10-07 11:30:00-04:00",18.989999771118164,19.07999992370605,18.94499969482422,18.96999931335449,18.96999931335449,19626
"PSNL","Personalis, Inc. - Common Stock","2021-10-07 12:30:00-04:00",18.96999931335449,19.13500022888184,18.940000534057617,19.100000381469727,19.100000381469727,32767
"PSNL","Personalis, Inc. - Common Stock","2021-10-07 13:30:00-04:00",19.09000015258789,19.11000061035156,18.850000381469727,18.850000381469727,18.850000381469727,17476
"PSNL","Personalis, Inc. - Common Stock","2021-10-07 14:30:00-04:00",18.809999465942383,18.86000061035156,18.64999961853028,18.75,18.75,35433
"PSNL","Personalis, Inc. - Common Stock","2021-10-07 15:30:00-04:00",18.729999542236328,18.89999961853028,18.71999931335449,18.8799991607666,18.8799991607666,58704
"PSNL","Personalis, Inc. - Common Stock","2021-10-07 16:00:00-04:00",18.88,18.88,18.88,18.88,18.88,0
"PSNL","Personalis, Inc. - Common Stock","2021-10-08 08:00:00-04:00",18.89,18.89,18.89,18.89,18.89,0
"PSNL","Personalis, Inc. - Common Stock","2021-10-08 09:00:00-04:00",18.8,18.87,18.8,18.87,18.87,0
"PSNL","Personalis, Inc. - Common Stock","2021-10-08 09:30:00-04:00",18.959999084472656,19.26000022888184,18.530000686645508,18.58099937438965,18.58099937438965,26812
"PSNL","Personalis, Inc. - Common Stock","2021-10-08 10:30:00-04:00",18.540000915527344,18.61000061035156,18.200000762939453,18.61000061035156,18.61000061035156,28685
"PSNL","Personalis, Inc. - Common Stock","2021-10-08 11:30:00-04:00",18.59000015258789,18.665000915527344,18.549999237060547,18.59499931335449,18.59499931335449,32249
"PSNL","Personalis, Inc. - Common Stock","2021-10-08 12:30:00-04:00",18.61000061035156,18.63999938964844,18.5314998626709,18.600000381469727,18.600000381469727,21240
"PSNL","Personalis, Inc. - Common Stock","2021-10-08 13:30:00-04:00",18.59499931335449,18.68000030517578,18.450000762939453,18.63809967041016,18.63809967041016,51908
"PSNL","Personalis, Inc. - Common Stock","2021-10-08 14:30:00-04:00",18.61000061035156,18.65999984741211,18.309999465942383,18.51000022888184,18.51000022888184,89325
"PSNL","Personalis, Inc. - Common Stock","2021-10-08 15:30:00-04:00",18.51000022888184,18.690000534057617,18.440000534057617,18.670000076293945,18.670000076293945,114495
"PSNL","Personalis, Inc. - Common Stock","2021-10-11 07:00:00-04:00",18.65,18.65,18.65,18.65,18.65,0
"PSNL","Personalis, Inc. - Common Stock","2021-10-11 08:00:00-04:00",18.66,18.66,18.18,18.5,18.5,0
"PSNL","Personalis, Inc. - Common Stock","2021-10-11 09:30:00-04:00",18.520000457763672,18.780000686645508,18.156099319458008,18.709999084472656,18.709999084472656,49271
"PSNL","Personalis, Inc. - Common Stock","2021-10-11 10:30:00-04:00",18.729999542236328,18.940000534057617,18.6200008392334,18.700000762939453,18.700000762939453,39662
"PSNL","Personalis, Inc. - Common Stock","2021-10-11 11:30:00-04:00",18.700000762939453,18.90999984741211,18.59000015258789,18.895000457763672,18.895000457763672,22051
"PSNL","Personalis, Inc. - Common Stock","2021-10-11 12:30:00-04:00",18.895000457763672,18.950000762939453,18.690000534057617,18.73500061035156,18.73500061035156,25865
"PSNL","Personalis, Inc. - Common Stock","2021-10-11 13:30:00-04:00",18.709999084472656,18.864999771118164,18.690000534057617,18.770000457763672,18.770000457763672,27739
"PSNL","Personalis, Inc. - Common Stock","2021-10-11 14:30:00-04:00",18.809999465942383,18.93000030517578,18.690000534057617,18.75,18.75,84725
"PSNL","Personalis, Inc. - Common Stock","2021-10-11 15:30:00-04:00",18.75,18.81999969482422,18.600000381469727,18.64999961853028,18.64999961853028,77755
"PSNL","Personalis, Inc. - Common Stock","2021-10-11 16:00:00-04:00",18.63,18.63,18.5,18.63,18.63,0
"PSNL","Personalis, Inc. - Common Stock","2021-10-11 17:00:00-04:00",18.5,18.5,18.5,18.5,18.5,0
"PSNL","Personalis, Inc. - Common Stock","2021-10-12 09:00:00-04:00",18.99,20.32,18.99,19.0,19.0,0
"PSNL","Personalis, Inc. - Common Stock","2021-10-12 09:30:00-04:00",19.600000381469727,19.600000381469727,19.059999465942383,19.350000381469727,19.350000381469727,139518
"PSNL","Personalis, Inc. - Common Stock","2021-10-12 10:30:00-04:00",19.39999961853028,19.440000534057617,19.14999961853028,19.209999084472656,19.209999084472656,41895
"PSNL","Personalis, Inc. - Common Stock","2021-10-12 11:30:00-04:00",19.25760078430176,19.700000762939453,19.25760078430176,19.700000762939453,19.700000762939453,33272
"PSNL","Personalis, Inc. - Common Stock","2021-10-12 12:30:00-04:00",19.665000915527344,19.809999465942383,19.239999771118164,19.350000381469727,19.350000381469727,67575
"PSNL","Personalis, Inc. - Common Stock","2021-10-12 13:30:00-04:00",19.34000015258789,19.46999931335449,19.209999084472656,19.39999961853028,19.39999961853028,35911
"PSNL","Personalis, Inc. - Common Stock","2021-10-12 14:30:00-04:00",19.420000076293945,19.549999237060547,19.15999984741211,19.15999984741211,19.15999984741211,65384
"PSNL","Personalis, Inc. - Common Stock","2021-10-12 15:30:00-04:00",19.190000534057617,19.309999465942383,19.18000030517578,19.309999465942383,19.309999465942383,67985
"PSNL","Personalis, Inc. - Common Stock","2021-10-12 16:00:00-04:00",19.28,19.5,19.28,19.31,19.31,0
"PSNL","Personalis, Inc. - Common Stock","2021-10-12 17:00:00-04:00",19.32,19.32,19.32,19.32,19.32,0
"PSNL","Personalis, Inc. - Common Stock","2021-10-13 09:30:00-04:00",19.46999931335449,19.729999542236328,19.34000015258789,19.51000022888184,19.51000022888184,66947
"PSNL","Personalis, Inc. - Common Stock","2021-10-13 10:30:00-04:00",19.479999542236328,19.61669921875,19.39999961853028,19.530000686645508,19.530000686645508,18046
"PSNL","Personalis, Inc. - Common Stock","2021-10-13 11:30:00-04:00",19.424999237060547,20.270000457763672,19.3799991607666,20.270000457763672,20.270000457763672,47651
"PSNL","Personalis, Inc. - Common Stock","2021-10-13 12:30:00-04:00",20.26000022888184,20.450000762939453,20.14999961853028,20.309999465942383,20.309999465942383,35847
"PSNL","Personalis, Inc. - Common Stock","2021-10-13 13:30:00-04:00",20.25,20.270000457763672,20.030000686645508,20.030000686645508,20.030000686645508,18125
"PSNL","Personalis, Inc. - Common Stock","2021-10-13 14:30:00-04:00",19.989999771118164,20.1200008392334,19.93000030517578,19.940200805664062,19.940200805664062,21039
"PSNL","Personalis, Inc. - Common Stock","2021-10-13 15:30:00-04:00",19.950000762939453,20.11000061035156,19.920000076293945,20.049999237060547,20.049999237060547,30186
"PSNL","Personalis, Inc. - Common Stock","2021-10-13 16:00:00-04:00",20.07,20.07,20.07,20.07,20.07,0
"PSNL","Personalis, Inc. - Common Stock","2021-10-13 17:00:00-04:00",20.04,20.04,20.04,20.04,20.04,0
"PSNL","Personalis, Inc. - Common Stock","2021-10-13 18:00:00-04:00",20.07,20.07,20.07,20.07,20.07,0
"PSNL","Personalis, Inc. - Common Stock","2021-10-14 08:00:00-04:00",20.615,20.615,20.56,20.56,20.56,0
"PSNL","Personalis, Inc. - Common Stock","2021-10-14 09:30:00-04:00",20.239999771118164,20.75,20.190000534057617,20.420000076293945,20.420000076293945,32426
"PSNL","Personalis, Inc. - Common Stock","2021-10-14 10:30:00-04:00",20.40999984741211,20.479999542236328,20.229999542236328,20.31999969482422,20.31999969482422,131385
"PSNL","Personalis, Inc. - Common Stock","2021-10-14 11:30:00-04:00",20.28499984741211,20.489999771118164,20.280000686645508,20.3799991607666,20.3799991607666,17118
"PSNL","Personalis, Inc. - Common Stock","2021-10-14 12:30:00-04:00",20.43000030517578,20.459999084472656,20.200000762939453,20.2549991607666,20.2549991607666,33737
"PSNL","Personalis, Inc. - Common Stock","2021-10-14 13:30:00-04:00",20.280000686645508,20.34000015258789,20.229999542236328,20.290000915527344,20.290000915527344,17728
"PSNL","Personalis, Inc. - Common Stock","2021-10-14 14:30:00-04:00",20.299999237060547,20.34000015258789,20.1200008392334,20.229999542236328,20.229999542236328,43991
"PSNL","Personalis, Inc. - Common Stock","2021-10-14 15:30:00-04:00",20.229999542236328,20.350000381469727,20.229999542236328,20.350000381469727,20.350000381469727,50823
"PSNL","Personalis, Inc. - Common Stock","2021-10-14 16:00:00-04:00",20.33,20.63,20.33,20.63,20.63,0
"PSNL","Personalis, Inc. - Common Stock","2021-10-14 17:00:00-04:00",20.53,20.55,20.53,20.55,20.55,0
"PSNL","Personalis, Inc. - Common Stock","2021-10-14 19:00:00-04:00",20.53,20.53,20.53,20.53,20.53,0
"PSNL","Personalis, Inc. - Common Stock","2021-10-15 08:00:00-04:00",20.33,20.33,20.33,20.33,20.33,0
"PSNL","Personalis, Inc. - Common Stock","2021-10-15 09:30:00-04:00",20.6200008392334,20.6200008392334,20.1200008392334,20.309999465942383,20.309999465942383,41204
"PSNL","Personalis, Inc. - Common Stock","2021-10-15 10:30:00-04:00",20.299999237060547,20.479999542236328,19.979999542236328,20.09000015258789,20.09000015258789,103901
"PSNL","Personalis, Inc. - Common Stock","2021-10-15 11:30:00-04:00",20.06999969482422,20.21999931335449,20.049999237060547,20.09000015258789,20.09000015258789,28708
"PSNL","Personalis, Inc. - Common Stock","2021-10-15 12:30:00-04:00",20.11000061035156,20.23500061035156,20.07999992370605,20.13999938964844,20.13999938964844,25049
"PSNL","Personalis, Inc. - Common Stock","2021-10-15 13:30:00-04:00",20.14999961853028,20.200000762939453,20.020999908447266,20.190000534057617,20.190000534057617,35274
"PSNL","Personalis, Inc. - Common Stock","2021-10-15 14:30:00-04:00",20.200000762939453,20.239999771118164,19.989999771118164,20.1200008392334,20.1200008392334,56341
"PSNL","Personalis, Inc. - Common Stock","2021-10-15 15:30:00-04:00",20.11100006103516,20.1299991607666,19.920000076293945,19.93000030517578,19.93000030517578,87194
"PSNL","Personalis, Inc. - Common Stock","2021-10-15 16:00:00-04:00",19.94,19.94,19.94,19.94,19.94,0
"PSNL","Personalis, Inc. - Common Stock","2021-10-15 18:00:00-04:00",19.9,19.9,19.9,19.9,19.9,0
"PSNL","Personalis, Inc. - Common Stock","2021-10-18 06:00:00-04:00",19.0,19.0,18.96,18.96,18.96,0
"PSNL","Personalis, Inc. - Common Stock","2021-10-18 09:30:00-04:00",19.76000022888184,19.790000915527344,19.39999961853028,19.61000061035156,19.61000061035156,54591
"PSNL","Personalis, Inc. - Common Stock","2021-10-18 10:30:00-04:00",19.600000381469727,19.63999938964844,19.299999237060547,19.299999237060547,19.299999237060547,34940
"PSNL","Personalis, Inc. - Common Stock","2021-10-18 11:30:00-04:00",19.280000686645508,19.43000030517578,19.270000457763672,19.34000015258789,19.34000015258789,24594
"PSNL","Personalis, Inc. - Common Stock","2021-10-18 12:30:00-04:00",19.34000015258789,19.350000381469727,19.0,19.299999237060547,19.299999237060547,35889
"PSNL","Personalis, Inc. - Common Stock","2021-10-18 13:30:00-04:00",19.25,19.299999237060547,18.90999984741211,18.979999542236328,18.979999542236328,27672
"PSNL","Personalis, Inc. - Common Stock","2021-10-18 14:30:00-04:00",18.989999771118164,19.030000686645508,18.920000076293945,18.9950008392334,18.9950008392334,21330
"PSNL","Personalis, Inc. - Common Stock","2021-10-18 15:30:00-04:00",18.979999542236328,19.01000022888184,18.89999961853028,18.979999542236328,18.979999542236328,38262
"PSNL","Personalis, Inc. - Common Stock","2021-10-18 16:00:00-04:00",18.96,18.96,18.96,18.96,18.96,13145
"PSNL","Personalis, Inc. - Common Stock","2021-10-18 17:00:00-04:00",18.96,19.5,18.96,19.5,19.5,0
"PSNL","Personalis, Inc. - Common Stock","2021-10-19 05:00:00-04:00",18.96,18.96,18.96,18.96,18.96,0
"PSNL","Personalis, Inc. - Common Stock","2021-10-19 09:30:00-04:00",19.0,20.040000915527344,18.82150077819824,19.739999771118164,19.739999771118164,77846
"PSNL","Personalis, Inc. - Common Stock","2021-10-19 10:30:00-04:00",19.76000022888184,19.88999938964844,19.63999938964844,19.770000457763672,19.770000457763672,28102
"PSNL","Personalis, Inc. - Common Stock","2021-10-19 11:30:00-04:00",19.780000686645508,20.25,19.739999771118164,20.11000061035156,20.11000061035156,35964
"PSNL","Personalis, Inc. - Common Stock","2021-10-19 12:30:00-04:00",20.100000381469727,20.14999961853028,19.959999084472656,20.0,20.0,21949
"PSNL","Personalis, Inc. - Common Stock","2021-10-19 13:30:00-04:00",20.0,20.01000022888184,19.81999969482422,19.82999992370605,19.82999992370605,15903
"PSNL","Personalis, Inc. - Common Stock","2021-10-19 14:30:00-04:00",19.82999992370605,19.82999992370605,19.65999984741211,19.82999992370605,19.82999992370605,18909
"PSNL","Personalis, Inc. - Common Stock","2021-10-19 15:30:00-04:00",19.809999465942383,19.86000061035156,19.725000381469727,19.82999992370605,19.82999992370605,30956
"PSNL","Personalis, Inc. - Common Stock","2021-10-19 16:00:00-04:00",19.84,19.84,19.84,19.84,19.84,0
"PSNL","Personalis, Inc. - Common Stock","2021-10-19 18:00:00-04:00",18.8,18.8,18.8,18.8,18.8,0
"PSNL","Personalis, Inc. - Common Stock","2021-10-20 09:30:00-04:00",19.89999961853028,19.920000076293945,19.520000457763672,19.64999961853028,19.64999961853028,15478
"PSNL","Personalis, Inc. - Common Stock","2021-10-20 10:30:00-04:00",19.65999984741211,19.71999931335449,19.51000022888184,19.665000915527344,19.665000915527344,30789
"PSNL","Personalis, Inc. - Common Stock","2021-10-20 11:30:00-04:00",19.71999931335449,19.88999938964844,19.665000915527344,19.80900001525879,19.80900001525879,13627
"PSNL","Personalis, Inc. - Common Stock","2021-10-20 12:30:00-04:00",19.770000457763672,19.839000701904297,19.63999938964844,19.68000030517578,19.68000030517578,14691
"PSNL","Personalis, Inc. - Common Stock","2021-10-20 13:30:00-04:00",19.6299991607666,19.690000534057617,19.600000381469727,19.690000534057617,19.690000534057617,12243
"PSNL","Personalis, Inc. - Common Stock","2021-10-20 14:30:00-04:00",19.700000762939453,19.709999084472656,19.57999992370605,19.63999938964844,19.63999938964844,17717
"PSNL","Personalis, Inc. - Common Stock","2021-10-20 15:30:00-04:00",19.6200008392334,19.68000030517578,19.540000915527344,19.56999969482422,19.56999969482422,46309
"PSNL","Personalis, Inc. - Common Stock","2021-10-20 16:00:00-04:00",19.6,19.99,19.6,19.99,19.99,0
"PSNL","Personalis, Inc. - Common Stock","2021-10-21 09:30:00-04:00",19.68000030517578,19.81999969482422,19.200000762939453,19.684999465942383,19.684999465942383,14883
"PSNL","Personalis, Inc. - Common Stock","2021-10-21 10:30:00-04:00",19.729999542236328,19.739999771118164,19.459999084472656,19.540000915527344,19.540000915527344,17041
"PSNL","Personalis, Inc. - Common Stock","2021-10-21 11:30:00-04:00",19.489999771118164,19.489999771118164,19.239999771118164,19.32999992370605,19.32999992370605,14119
"PSNL","Personalis, Inc. - Common Stock","2021-10-21 12:30:00-04:00",19.354999542236328,19.530000686645508,19.354999542236328,19.530000686645508,19.530000686645508,16707
"PSNL","Personalis, Inc. - Common Stock","2021-10-21 13:30:00-04:00",19.5,19.600000381469727,19.420000076293945,19.43000030517578,19.43000030517578,15895
"PSNL","Personalis, Inc. - Common Stock","2021-10-21 14:30:00-04:00",19.440000534057617,19.5,19.25,19.499000549316406,19.499000549316406,38857
"PSNL","Personalis, Inc. - Common Stock","2021-10-21 15:30:00-04:00",19.5,19.530000686645508,19.3700008392334,19.459999084472656,19.459999084472656,31970
"PSNL","Personalis, Inc. - Common Stock","2021-10-21 16:00:00-04:00",19.45,19.45,19.45,19.45,19.45,0
"PSNL","Personalis, Inc. - Common Stock","2021-10-22 09:00:00-04:00",19.25,19.25,19.25,19.25,19.25,0
"PSNL","Personalis, Inc. - Common Stock","2021-10-22 09:30:00-04:00",19.350000381469727,19.3799991607666,18.96999931335449,19.290000915527344,19.290000915527344,19251
"PSNL","Personalis, Inc. - Common Stock","2021-10-22 10:30:00-04:00",19.34000015258789,19.3799991607666,18.94499969482422,18.94499969482422,18.94499969482422,11767
"PSNL","Personalis, Inc. - Common Stock","2021-10-22 11:30:00-04:00",18.940000534057617,18.940000534057617,18.790000915527344,18.93000030517578,18.93000030517578,11132
"PSNL","Personalis, Inc. - Common Stock","2021-10-22 12:30:00-04:00",18.95499992370605,19.049999237060547,18.89999961853028,18.90999984741211,18.90999984741211,9153
"PSNL","Personalis, Inc. - Common Stock","2021-10-22 13:30:00-04:00",18.875,18.979999542236328,18.850000381469727,18.8799991607666,18.8799991607666,10139
"PSNL","Personalis, Inc. - Common Stock","2021-10-22 14:30:00-04:00",18.88999938964844,18.96999931335449,18.77070045471192,18.809999465942383,18.809999465942383,12332
"PSNL","Personalis, Inc. - Common Stock","2021-10-22 15:30:00-04:00",18.875,18.979999542236328,18.86000061035156,18.950000762939453,18.950000762939453,22107
"PSNL","Personalis, Inc. - Common Stock","2021-10-22 16:00:00-04:00",18.95,18.95,18.95,18.95,18.95,0
"PSNL","Personalis, Inc. - Common Stock","2021-10-25 07:00:00-04:00",18.95,18.95,18.95,18.95,18.95,0
"PSNL","Personalis, Inc. - Common Stock","2021-10-25 08:00:00-04:00",18.5766,19.0,18.5766,18.95,18.95,0
"PSNL","Personalis, Inc. - Common Stock","2021-10-25 09:30:00-04:00",18.93000030517578,19.13999938964844,18.82999992370605,19.11000061035156,19.11000061035156,29226
"PSNL","Personalis, Inc. - Common Stock","2021-10-25 10:30:00-04:00",19.1200008392334,19.200000762939453,18.950000762939453,19.18000030517578,19.18000030517578,18310
"PSNL","Personalis, Inc. - Common Stock","2021-10-25 11:30:00-04:00",19.200000762939453,19.239999771118164,19.01000022888184,19.020000457763672,19.020000457763672,19019
"PSNL","Personalis, Inc. - Common Stock","2021-10-25 12:30:00-04:00",19.020000457763672,19.100000381469727,18.950000762939453,19.06999969482422,19.06999969482422,21491
"PSNL","Personalis, Inc. - Common Stock","2021-10-25 13:30:00-04:00",19.099000930786133,19.270000457763672,19.0,19.26000022888184,19.26000022888184,30752
"PSNL","Personalis, Inc. - Common Stock","2021-10-25 14:30:00-04:00",19.239999771118164,19.459999084472656,19.21500015258789,19.38999938964844,19.38999938964844,34330
"PSNL","Personalis, Inc. - Common Stock","2021-10-25 15:30:00-04:00",19.3799991607666,19.3799991607666,19.229999542236328,19.290000915527344,19.290000915527344,27230
"PSNL","Personalis, Inc. - Common Stock","2021-10-25 16:00:00-04:00",19.32,19.32,19.32,19.32,19.32,0
"PSNL","Personalis, Inc. - Common Stock","2021-10-25 18:00:00-04:00",19.3,19.49,19.3,19.49,19.49,0
"PSNL","Personalis, Inc. - Common Stock","2021-10-25 19:00:00-04:00",19.48,19.49,19.35,19.49,19.49,0
"PSNL","Personalis, Inc. - Common Stock","2021-10-26 09:30:00-04:00",19.3700008392334,19.549999237060547,18.950000762939453,19.51000022888184,19.51000022888184,45250
"PSNL","Personalis, Inc. - Common Stock","2021-10-26 10:30:00-04:00",19.51000022888184,19.799999237060547,19.43000030517578,19.674999237060547,19.674999237060547,43976
"PSNL","Personalis, Inc. - Common Stock","2021-10-26 11:30:00-04:00",19.709999084472656,19.709999084472656,19.309999465942383,19.309999465942383,19.309999465942383,28228
"PSNL","Personalis, Inc. - Common Stock","2021-10-26 12:30:00-04:00",19.270999908447266,19.31609916687012,19.0,19.065000534057617,19.065000534057617,32727
"PSNL","Personalis, Inc. - Common Stock","2021-10-26 13:30:00-04:00",19.059999465942383,19.155000686645508,18.959999084472656,19.14999961853028,19.14999961853028,31479
"PSNL","Personalis, Inc. - Common Stock","2021-10-26 14:30:00-04:00",19.190000534057617,19.309999465942383,19.11000061035156,19.1200008392334,19.1200008392334,22890
"PSNL","Personalis, Inc. - Common Stock","2021-10-26 15:30:00-04:00",19.1200008392334,19.190000534057617,19.06999969482422,19.09000015258789,19.09000015258789,28794
"PSNL","Personalis, Inc. - Common Stock","2021-10-26 16:00:00-04:00",19.1,19.15,19.1,19.15,19.15,0
"PSNL","Personalis, Inc. - Common Stock","2021-10-26 17:00:00-04:00",19.55,19.55,19.0,19.0,19.0,0
"PSNL","Personalis, Inc. - Common Stock","2021-10-26 19:00:00-04:00",19.55,19.55,19.53,19.53,19.53,0
"PSNL","Personalis, Inc. - Common Stock","2021-10-27 04:00:00-04:00",19.65,19.65,19.65,19.65,19.65,0
"PSNL","Personalis, Inc. - Common Stock","2021-10-27 07:00:00-04:00",19.15,19.15,19.15,19.15,19.15,0
"PSNL","Personalis, Inc. - Common Stock","2021-10-27 09:00:00-04:00",19.0,19.56,19.0,19.56,19.56,0
"PSNL","Personalis, Inc. - Common Stock","2021-10-27 09:30:00-04:00",19.14999961853028,19.209999084472656,18.709999084472656,18.709999084472656,18.709999084472656,25261
"PSNL","Personalis, Inc. - Common Stock","2021-10-27 10:30:00-04:00",18.709999084472656,18.71999931335449,18.489999771118164,18.559999465942383,18.559999465942383,25965
"PSNL","Personalis, Inc. - Common Stock","2021-10-27 11:30:00-04:00",18.56999969482422,18.59000015258789,18.450000762939453,18.540000915527344,18.540000915527344,16386
"PSNL","Personalis, Inc. - Common Stock","2021-10-27 12:30:00-04:00",18.51000022888184,18.73990058898925,18.489999771118164,18.729999542236328,18.729999542236328,12286
"PSNL","Personalis, Inc. - Common Stock","2021-10-27 13:30:00-04:00",18.75,18.90999984741211,18.700000762939453,18.86000061035156,18.86000061035156,18475
"PSNL","Personalis, Inc. - Common Stock","2021-10-27 14:30:00-04:00",18.8700008392334,18.8799991607666,18.549999237060547,18.64999961853028,18.64999961853028,28211
"PSNL","Personalis, Inc. - Common Stock","2021-10-27 15:30:00-04:00",18.670000076293945,18.770000457763672,18.540000915527344,18.56999969482422,18.56999969482422,27875
"PSNL","Personalis, Inc. - Common Stock","2021-10-27 16:00:00-04:00",18.56,18.56,18.56,18.56,18.56,28678
"PSNL","Personalis, Inc. - Common Stock","2021-10-28 09:30:00-04:00",18.6299991607666,19.170000076293945,18.51000022888184,19.11000061035156,19.11000061035156,0
"PSNL","Personalis, Inc. - Common Stock","2021-10-28 10:30:00-04:00",19.14999961853028,19.3700008392334,19.049999237060547,19.348499298095703,19.348499298095703,23748
"PSNL","Personalis, Inc. - Common Stock","2021-10-28 11:30:00-04:00",19.40999984741211,19.420000076293945,19.14999961853028,19.238800048828125,19.238800048828125,20367
"PSNL","Personalis, Inc. - Common Stock","2021-10-28 12:30:00-04:00",19.15999984741211,19.270000457763672,19.14999961853028,19.25,19.25,12692
"PSNL","Personalis, Inc. - Common Stock","2021-10-28 13:30:00-04:00",19.2549991607666,19.489999771118164,19.2549991607666,19.46999931335449,19.46999931335449,18315
"PSNL","Personalis, Inc. - Common Stock","2021-10-28 14:30:00-04:00",19.5,19.71999931335449,19.489999771118164,19.700000762939453,19.700000762939453,32735
"PSNL","Personalis, Inc. - Common Stock","2021-10-28 15:30:00-04:00",19.729999542236328,19.93000030517578,19.700000762939453,19.8700008392334,19.8700008392334,51436
"PSNL","Personalis, Inc. - Common Stock","2021-10-28 16:00:00-04:00",19.88,19.88,19.88,19.88,19.88,0
"PSNL","Personalis, Inc. - Common Stock","2021-10-28 17:00:00-04:00",19.01,19.01,19.01,19.01,19.01,0
"PSNL","Personalis, Inc. - Common Stock","2021-10-29 07:00:00-04:00",19.88,19.88,19.88,19.88,19.88,0
"PSNL","Personalis, Inc. - Common Stock","2021-10-29 09:30:00-04:00",19.76000022888184,19.89999961853028,19.450000762939453,19.799999237060547,19.799999237060547,30167
"PSNL","Personalis, Inc. - Common Stock","2021-10-29 10:30:00-04:00",19.799999237060547,19.8700008392334,19.729999542236328,19.81999969482422,19.81999969482422,19712
"PSNL","Personalis, Inc. - Common Stock","2021-10-29 11:30:00-04:00",19.81999969482422,19.8700008392334,19.76000022888184,19.799999237060547,19.799999237060547,15122
"PSNL","Personalis, Inc. - Common Stock","2021-10-29 12:30:00-04:00",19.799999237060547,19.89430046081543,19.76000022888184,19.83099937438965,19.83099937438965,16027
"PSNL","Personalis, Inc. - Common Stock","2021-10-29 13:30:00-04:00",19.82999992370605,19.940000534057617,19.780000686645508,19.799999237060547,19.799999237060547,21217
"PSNL","Personalis, Inc. - Common Stock","2021-10-29 14:30:00-04:00",19.81999969482422,19.84000015258789,19.709999084472656,19.76499938964844,19.76499938964844,49703
"PSNL","Personalis, Inc. - Common Stock","2021-10-29 15:30:00-04:00",19.780000686645508,19.809999465942383,19.489999771118164,19.600000381469727,19.600000381469727,98325
"PSNL","Personalis, Inc. - Common Stock","2021-10-29 16:00:00-04:00",19.62,19.62,19.62,19.62,19.62,0
"PSNL","Personalis, Inc. - Common Stock","2021-11-01 07:00:00-04:00",19.86,19.9,19.86,19.9,19.9,0
"PSNL","Personalis, Inc. - Common Stock","2021-11-01 08:00:00-04:00",20.11,20.11,20.11,20.11,20.11,0
"PSNL","Personalis, Inc. - Common Stock","2021-11-01 09:30:00-04:00",19.76000022888184,20.36000061035156,19.540000915527344,20.350000381469727,20.350000381469727,47122
"PSNL","Personalis, Inc. - Common Stock","2021-11-01 10:30:00-04:00",20.299999237060547,20.540000915527344,20.15999984741211,20.440000534057617,20.440000534057617,33395
"PSNL","Personalis, Inc. - Common Stock","2021-11-01 11:30:00-04:00",20.3799991607666,20.63999938964844,20.31999969482422,20.5,20.5,23223
"PSNL","Personalis, Inc. - Common Stock","2021-11-01 12:30:00-04:00",20.520000457763672,20.700000762939453,20.489999771118164,20.690000534057617,20.690000534057617,16511
"PSNL","Personalis, Inc. - Common Stock","2021-11-01 13:30:00-04:00",20.76000022888184,20.790000915527344,20.350000381469727,20.40999984741211,20.40999984741211,18736
"PSNL","Personalis, Inc. - Common Stock","2021-11-01 14:30:00-04:00",20.38999938964844,20.61000061035156,20.38999938964844,20.4650993347168,20.4650993347168,21221
"PSNL","Personalis, Inc. - Common Stock","2021-11-01 15:30:00-04:00",20.46999931335449,20.729999542236328,20.46999931335449,20.63999938964844,20.63999938964844,43105
"PSNL","Personalis, Inc. - Common Stock","2021-11-01 16:00:00-04:00",20.65,20.65,20.65,20.65,20.65,0
"PSNL","Personalis, Inc. - Common Stock","2021-11-01 17:00:00-04:00",20.65,20.65,20.65,20.65,20.65,0
"PSNL","Personalis, Inc. - Common Stock","2021-11-01 18:00:00-04:00",20.65,20.65,20.65,20.65,20.65,0
"PSNL","Personalis, Inc. - Common Stock","2021-11-01 19:00:00-04:00",20.65,20.65,20.65,20.65,20.65,0
"PSNL","Personalis, Inc. - Common Stock","2021-11-02 09:30:00-04:00",20.61000061035156,20.674999237060547,19.93000030517578,20.309999465942383,20.309999465942383,52859
"PSNL","Personalis, Inc. - Common Stock","2021-11-02 10:30:00-04:00",20.34000015258789,20.420000076293945,20.13999938964844,20.309999465942383,20.309999465942383,24953
"PSNL","Personalis, Inc. - Common Stock","2021-11-02 11:30:00-04:00",20.32999992370605,20.440000534057617,20.11000061035156,20.11000061035156,20.11000061035156,20311
"PSNL","Personalis, Inc. - Common Stock","2021-11-02 12:30:00-04:00",20.11000061035156,20.170000076293945,19.8799991607666,19.88999938964844,19.88999938964844,17948
"PSNL","Personalis, Inc. - Common Stock","2021-11-02 13:30:00-04:00",19.89999961853028,19.90999984741211,19.739999771118164,19.770000457763672,19.770000457763672,13565
"PSNL","Personalis, Inc. - Common Stock","2021-11-02 14:30:00-04:00",19.799999237060547,19.950000762939453,19.780000686645508,19.88999938964844,19.88999938964844,20947
"PSNL","Personalis, Inc. - Common Stock","2021-11-02 15:30:00-04:00",19.920000076293945,20.1299991607666,19.90999984741211,20.1200008392334,20.1200008392334,32152
"PSNL","Personalis, Inc. - Common Stock","2021-11-02 16:00:00-04:00",20.09,20.09,20.09,20.09,20.09,0
"PSNL","Personalis, Inc. - Common Stock","2021-11-03 08:00:00-04:00",19.65,19.65,19.65,19.65,19.65,0
"PSNL","Personalis, Inc. - Common Stock","2021-11-03 09:00:00-04:00",19.5,19.5,19.5,19.5,19.5,0
"PSNL","Personalis, Inc. - Common Stock","2021-11-03 09:30:00-04:00",18.8799991607666,19.520000457763672,18.40999984741211,19.40999984741211,19.40999984741211,89936
"PSNL","Personalis, Inc. - Common Stock","2021-11-03 10:30:00-04:00",19.309999465942383,19.709999084472656,19.309999465942383,19.65239906311035,19.65239906311035,43280
"PSNL","Personalis, Inc. - Common Stock","2021-11-03 11:30:00-04:00",19.670000076293945,19.76000022888184,19.540000915527344,19.56999969482422,19.56999969482422,25488
"PSNL","Personalis, Inc. - Common Stock","2021-11-03 12:30:00-04:00",19.584999084472656,19.6299991607666,19.34000015258789,19.38999938964844,19.38999938964844,17382
"PSNL","Personalis, Inc. - Common Stock","2021-11-03 13:30:00-04:00",19.38999938964844,19.690000534057617,19.36000061035156,19.575000762939453,19.575000762939453,32625
"PSNL","Personalis, Inc. - Common Stock","2021-11-03 14:30:00-04:00",19.57999992370605,19.920000076293945,19.575000762939453,19.82999992370605,19.82999992370605,35740
"PSNL","Personalis, Inc. - Common Stock","2021-11-03 15:30:00-04:00",19.82999992370605,20.07999992370605,19.82999992370605,20.049999237060547,20.049999237060547,65511
"PSNL","Personalis, Inc. - Common Stock","2021-11-03 16:00:00-04:00",20.04,20.04,20.04,20.04,20.04,0
"PSNL","Personalis, Inc. - Common Stock","2021-11-04 08:00:00-04:00",20.0,20.15,20.0,20.15,20.15,0
"PSNL","Personalis, Inc. - Common Stock","2021-11-04 09:00:00-04:00",20.18,20.63,20.15,20.15,20.15,0
"PSNL","Personalis, Inc. - Common Stock","2021-11-04 09:30:00-04:00",19.76000022888184,20.979999542236328,19.440099716186523,20.864999771118164,20.864999771118164,55040
"PSNL","Personalis, Inc. - Common Stock","2021-11-04 10:30:00-04:00",20.940000534057617,21.479999542236328,20.6299991607666,20.729999542236328,20.729999542236328,54715
"PSNL","Personalis, Inc. - Common Stock","2021-11-04 11:30:00-04:00",20.725000381469727,21.600000381469727,20.725000381469727,21.520000457763672,21.520000457763672,37348
"PSNL","Personalis, Inc. - Common Stock","2021-11-04 12:30:00-04:00",21.530000686645508,21.559999465942383,21.1200008392334,21.190000534057617,21.190000534057617,36941
"PSNL","Personalis, Inc. - Common Stock","2021-11-04 13:30:00-04:00",21.190000534057617,21.299999237060547,20.920000076293945,20.94499969482422,20.94499969482422,32440
"PSNL","Personalis, Inc. - Common Stock","2021-11-04 14:30:00-04:00",20.93000030517578,21.299999237060547,20.93000030517578,21.239999771118164,21.239999771118164,32074
"PSNL","Personalis, Inc. - Common Stock","2021-11-04 15:30:00-04:00",21.25,21.290000915527344,21.040000915527344,21.26000022888184,21.26000022888184,72945
"PSNL","Personalis, Inc. - Common Stock","2021-11-04 16:00:00-04:00",21.25,21.25,21.25,21.25,21.25,0
"PSNL","Personalis, Inc. - Common Stock","2021-11-05 09:30:00-04:00",21.239999771118164,21.690000534057617,20.75,20.84000015258789,20.84000015258789,61794
"PSNL","Personalis, Inc. - Common Stock","2021-11-05 10:30:00-04:00",20.790000915527344,20.93000030517578,20.56999969482422,20.584999084472656,20.584999084472656,32486
"PSNL","Personalis, Inc. - Common Stock","2021-11-05 11:30:00-04:00",20.584999084472656,20.600000381469727,20.200000762939453,20.2450008392334,20.2450008392334,53088
"PSNL","Personalis, Inc. - Common Stock","2021-11-05 12:30:00-04:00",20.270000457763672,20.31999969482422,19.38999938964844,19.809999465942383,19.809999465942383,191928
"PSNL","Personalis, Inc. - Common Stock","2021-11-05 13:30:00-04:00",19.84000015258789,19.959999084472656,19.36000061035156,19.540000915527344,19.540000915527344,73779
"PSNL","Personalis, Inc. - Common Stock","2021-11-05 14:30:00-04:00",19.489999771118164,20.36000061035156,19.3700008392334,20.34499931335449,20.34499931335449,94251
"PSNL","Personalis, Inc. - Common Stock","2021-11-05 15:30:00-04:00",20.39999961853028,20.600000381469727,20.280000686645508,20.56999969482422,20.56999969482422,90531
"PSNL","Personalis, Inc. - Common Stock","2021-11-05 16:00:00-04:00",20.57,20.64,20.57,20.64,20.64,0
"PSNL","Personalis, Inc. - Common Stock","2021-11-08 07:00:00-05:00",20.57,20.57,20.57,20.57,20.57,0
"PSNL","Personalis, Inc. - Common Stock","2021-11-08 08:00:00-05:00",20.35,20.35,20.3,20.35,20.35,0
"PSNL","Personalis, Inc. - Common Stock","2021-11-08 09:30:00-05:00",20.5,21.13999938964844,20.46999931335449,20.975000381469727,20.975000381469727,64398
"PSNL","Personalis, Inc. - Common Stock","2021-11-08 10:30:00-05:00",20.979999542236328,21.170000076293945,20.88680076599121,21.01000022888184,21.01000022888184,43105
"PSNL","Personalis, Inc. - Common Stock","2021-11-08 11:30:00-05:00",21.020000457763672,21.06999969482422,20.6200008392334,20.690000534057617,20.690000534057617,25359
"PSNL","Personalis, Inc. - Common Stock","2021-11-08 12:30:00-05:00",20.65999984741211,20.71999931335449,20.51000022888184,20.51000022888184,20.51000022888184,19493
"PSNL","Personalis, Inc. - Common Stock","2021-11-08 13:30:00-05:00",20.51000022888184,20.540000915527344,20.26000022888184,20.39999961853028,20.39999961853028,28062
"PSNL","Personalis, Inc. - Common Stock","2021-11-08 14:30:00-05:00",20.420000076293945,20.59000015258789,20.380199432373047,20.48500061035156,20.48500061035156,24037
"PSNL","Personalis, Inc. - Common Stock","2021-11-08 15:30:00-05:00",20.51000022888184,20.63999938964844,20.38999938964844,20.520000457763672,20.520000457763672,36465
"PSNL","Personalis, Inc. - Common Stock","2021-11-08 16:00:00-05:00",20.52,20.52,20.52,20.52,20.52,0
"PSNL","Personalis, Inc. - Common Stock","2021-11-09 08:00:00-05:00",21.0,21.0,21.0,21.0,21.0,0
"PSNL","Personalis, Inc. - Common Stock","2021-11-09 09:00:00-05:00",19.24,20.48,19.24,20.48,20.48,0
"PSNL","Personalis, Inc. - Common Stock","2021-11-09 09:30:00-05:00",20.489999771118164,20.489999771118164,19.049999237060547,19.34000015258789,19.34000015258789,68642
"PSNL","Personalis, Inc. - Common Stock","2021-11-09 10:30:00-05:00",19.35009956359864,19.40999984741211,19.0,19.15999984741211,19.15999984741211,31041
"PSNL","Personalis, Inc. - Common Stock","2021-11-09 11:30:00-05:00",19.14999961853028,19.190000534057617,18.940000534057617,18.940000534057617,18.940000534057617,22487
"PSNL","Personalis, Inc. - Common Stock","2021-11-09 12:30:00-05:00",18.89999961853028,19.059999465942383,18.850000381469727,18.89999961853028,18.89999961853028,34040
"PSNL","Personalis, Inc. - Common Stock","2021-11-09 13:30:00-05:00",18.93000030517578,19.14999961853028,18.90999984741211,19.14999961853028,19.14999961853028,14639
"PSNL","Personalis, Inc. - Common Stock","2021-11-09 14:30:00-05:00",19.15999984741211,19.229999542236328,18.799999237060547,18.799999237060547,18.799999237060547,40002
"PSNL","Personalis, Inc. - Common Stock","2021-11-09 15:30:00-05:00",18.799999237060547,19.09000015258789,18.76000022888184,18.96999931335449,18.96999931335449,98676
"PSNL","Personalis, Inc. - Common Stock","2021-11-09 16:00:00-05:00",18.95,19.01,18.8,18.8,18.8,0
"PSNL","Personalis, Inc. - Common Stock","2021-11-09 17:00:00-05:00",18.8,18.8,18.8,18.8,18.8,0
"PSNL","Personalis, Inc. - Common Stock","2021-11-09 18:00:00-05:00",18.79,18.79,18.79,18.79,18.79,0
"PSNL","Personalis, Inc. - Common Stock","2021-11-10 09:00:00-05:00",18.75,18.75,18.681,18.681,18.681,0
"PSNL","Personalis, Inc. - Common Stock","2021-11-10 09:30:00-05:00",18.729999542236328,19.64999961853028,18.56999969482422,19.39999961853028,19.39999961853028,81733
"PSNL","Personalis, Inc. - Common Stock","2021-11-10 10:30:00-05:00",19.3799991607666,19.43000030517578,19.18000030517578,19.3700008392334,19.3700008392334,26187
"PSNL","Personalis, Inc. - Common Stock","2021-11-10 11:30:00-05:00",19.38999938964844,19.38999938964844,19.1200008392334,19.125,19.125,23579
"PSNL","Personalis, Inc. - Common Stock","2021-11-10 12:30:00-05:00",19.15999984741211,19.170000076293945,18.82999992370605,18.84000015258789,18.84000015258789,30596
"PSNL","Personalis, Inc. - Common Stock","2021-11-10 13:30:00-05:00",18.90999984741211,18.959999084472656,18.5,18.5,18.5,32466
"PSNL","Personalis, Inc. - Common Stock","2021-11-10 14:30:00-05:00",18.5,18.71999931335449,18.34000015258789,18.6200008392334,18.6200008392334,57496
"PSNL","Personalis, Inc. - Common Stock","2021-11-10 15:30:00-05:00",18.61000061035156,18.64999961853028,18.459999084472656,18.600000381469727,18.600000381469727,58605
"PSNL","Personalis, Inc. - Common Stock","2021-11-10 16:00:00-05:00",18.61,18.61,18.61,18.61,18.61,0
"PSNL","Personalis, Inc. - Common Stock","2021-11-10 17:00:00-05:00",18.5,18.5,18.5,18.5,18.5,0
"PSNL","Personalis, Inc. - Common Stock","2021-11-11 07:00:00-05:00",18.51,18.51,18.51,18.51,18.51,0
"PSNL","Personalis, Inc. - Common Stock","2021-11-11 08:00:00-05:00",18.61,18.61,18.61,18.61,18.61,0
"PSNL","Personalis, Inc. - Common Stock","2021-11-11 09:30:00-05:00",18.88999938964844,19.209999084472656,18.6299991607666,18.6299991607666,18.6299991607666,29015
"PSNL","Personalis, Inc. - Common Stock","2021-11-11 10:30:00-05:00",18.690000534057617,18.790000915527344,18.530000686645508,18.54459953308105,18.54459953308105,27807
"PSNL","Personalis, Inc. - Common Stock","2021-11-11 11:30:00-05:00",18.559999465942383,18.709999084472656,18.475000381469727,18.63500022888184,18.63500022888184,25566
"PSNL","Personalis, Inc. - Common Stock","2021-11-11 12:30:00-05:00",18.63999938964844,18.76000022888184,18.63999938964844,18.729999542236328,18.729999542236328,13906
"PSNL","Personalis, Inc. - Common Stock","2021-11-11 13:30:00-05:00",18.780000686645508,18.989999771118164,18.76000022888184,18.934999465942383,18.934999465942383,16732
"PSNL","Personalis, Inc. - Common Stock","2021-11-11 14:30:00-05:00",18.950000762939453,18.96999931335449,18.780000686645508,18.88010025024414,18.88010025024414,32695
"PSNL","Personalis, Inc. - Common Stock","2021-11-11 15:30:00-05:00",18.93000030517578,19.01000022888184,18.84000015258789,19.0,19.0,55911
"PSNL","Personalis, Inc. - Common Stock","2021-11-11 16:00:00-05:00",18.98,18.98,18.9,18.98,18.98,0
"PSNL","Personalis, Inc. - Common Stock","2021-11-12 07:00:00-05:00",19.32,19.32,19.32,19.32,19.32,0
"PSNL","Personalis, Inc. - Common Stock","2021-11-12 09:30:00-05:00",19.13999938964844,19.13999938964844,18.11000061035156,18.239999771118164,18.239999771118164,43596
"PSNL","Personalis, Inc. - Common Stock","2021-11-12 10:30:00-05:00",18.280000686645508,18.489999771118164,18.26499938964844,18.39999961853028,18.39999961853028,30761
"PSNL","Personalis, Inc. - Common Stock","2021-11-12 11:30:00-05:00",18.38680076599121,18.459999084472656,18.190000534057617,18.364999771118164,18.364999771118164,33508
"PSNL","Personalis, Inc. - Common Stock","2021-11-12 12:30:00-05:00",18.3799991607666,18.45499992370605,18.1200008392334,18.43000030517578,18.43000030517578,31573
"PSNL","Personalis, Inc. - Common Stock","2021-11-12 13:30:00-05:00",18.40999984741211,18.51499938964844,18.15999984741211,18.225000381469727,18.225000381469727,50906
"PSNL","Personalis, Inc. - Common Stock","2021-11-12 14:30:00-05:00",18.239999771118164,18.32999992370605,18.190000534057617,18.32999992370605,18.32999992370605,36520
"PSNL","Personalis, Inc. - Common Stock","2021-11-12 15:30:00-05:00",18.32999992370605,18.450000762939453,18.299999237060547,18.39999961853028,18.39999961853028,71964
"PSNL","Personalis, Inc. - Common Stock","2021-11-12 16:00:00-05:00",18.39,18.39,18.39,18.39,18.39,0
"PSNL","Personalis, Inc. - Common Stock","2021-11-12 17:00:00-05:00",18.39,18.39,18.39,18.39,18.39,0
"PSNL","Personalis, Inc. - Common Stock","2021-11-15 09:00:00-05:00",18.4,18.44,18.4,18.44,18.44,0
"PSNL","Personalis, Inc. - Common Stock","2021-11-15 09:30:00-05:00",18.40999984741211,18.51000022888184,17.690000534057617,17.700000762939453,17.700000762939453,72301
"PSNL","Personalis, Inc. - Common Stock","2021-11-15 10:30:00-05:00",17.719999313354492,17.739999771118164,17.43000030517578,17.469999313354492,17.469999313354492,87697
"PSNL","Personalis, Inc. - Common Stock","2021-11-15 11:30:00-05:00",17.469999313354492,17.56999969482422,17.280000686645508,17.309999465942383,17.309999465942383,78269
"PSNL","Personalis, Inc. - Common Stock","2021-11-15 12:30:00-05:00",17.31999969482422,17.541099548339844,17.270000457763672,17.389999389648438,17.389999389648438,27702
"PSNL","Personalis, Inc. - Common Stock","2021-11-15 13:30:00-05:00",17.399999618530273,17.600000381469727,17.290000915527344,17.540000915527344,17.540000915527344,47225
"PSNL","Personalis, Inc. - Common Stock","2021-11-15 14:30:00-05:00",17.524999618530273,17.584999084472656,17.309999465942383,17.450000762939453,17.450000762939453,52368
"PSNL","Personalis, Inc. - Common Stock","2021-11-15 15:30:00-05:00",17.450000762939453,17.450000762939453,17.170000076293945,17.190000534057617,17.190000534057617,132452
"PSNL","Personalis, Inc. - Common Stock","2021-11-15 16:00:00-05:00",17.2,18.1,17.2,18.1,18.1,0
"PSNL","Personalis, Inc. - Common Stock","2021-11-15 17:00:00-05:00",17.45,17.75,17.45,17.75,17.75,0
"PSNL","Personalis, Inc. - Common Stock","2021-11-15 18:00:00-05:00",17.4,17.4,17.4,17.4,17.4,0
"PSNL","Personalis, Inc. - Common Stock","2021-11-16 07:00:00-05:00",17.3,17.3,17.3,17.3,17.3,0
"PSNL","Personalis, Inc. - Common Stock","2021-11-16 08:00:00-05:00",17.35,17.35,17.35,17.35,17.35,0
"PSNL","Personalis, Inc. - Common Stock","2021-11-16 09:00:00-05:00",17.35,17.5,17.16,17.16,17.16,0
"PSNL","Personalis, Inc. - Common Stock","2021-11-16 09:30:00-05:00",17.06999969482422,17.25,16.600000381469727,17.190000534057617,17.190000534057617,105940
"PSNL","Personalis, Inc. - Common Stock","2021-11-16 10:30:00-05:00",17.229999542236328,17.290000915527344,16.84000015258789,17.094999313354492,17.094999313354492,100044
"PSNL","Personalis, Inc. - Common Stock","2021-11-16 11:30:00-05:00",17.094999313354492,17.489999771118164,17.020000457763672,17.489999771118164,17.489999771118164,39176
"PSNL","Personalis, Inc. - Common Stock","2021-11-16 12:30:00-05:00",17.530000686645508,17.549999237060547,17.31999969482422,17.329999923706055,17.329999923706055,35487
"PSNL","Personalis, Inc. - Common Stock","2021-11-16 13:30:00-05:00",17.315000534057617,17.479999542236328,17.25,17.40999984741211,17.40999984741211,39155
"PSNL","Personalis, Inc. - Common Stock","2021-11-16 14:30:00-05:00",17.440000534057617,17.559999465942383,17.360000610351562,17.389999389648438,17.389999389648438,52162
"PSNL","Personalis, Inc. - Common Stock","2021-11-16 15:30:00-05:00",17.405000686645508,17.450000762939453,17.280000686645508,17.360000610351562,17.360000610351562,72749
"PSNL","Personalis, Inc. - Common Stock","2021-11-16 16:00:00-05:00",17.34,17.34,17.34,17.34,17.34,0
"PSNL","Personalis, Inc. - Common Stock","2021-11-17 09:00:00-05:00",17.36,17.36,17.0,17.0,17.0,0
"PSNL","Personalis, Inc. - Common Stock","2021-11-17 09:30:00-05:00",17.040000915527344,17.040000915527344,16.40999984741211,16.639999389648438,16.639999389648438,111196
"PSNL","Personalis, Inc. - Common Stock","2021-11-17 10:30:00-05:00",16.649999618530273,16.795000076293945,16.469999313354492,16.6299991607666,16.6299991607666,46383
"PSNL","Personalis, Inc. - Common Stock","2021-11-17 11:30:00-05:00",16.6200008392334,16.65999984741211,16.399999618530273,16.399999618530273,16.399999618530273,52304
"PSNL","Personalis, Inc. - Common Stock","2021-11-17 12:30:00-05:00",16.405000686645508,16.469999313354492,16.290000915527344,16.459999084472656,16.459999084472656,47139
"PSNL","Personalis, Inc. - Common Stock","2021-11-17 13:30:00-05:00",16.479999542236328,16.709999084472656,16.450000762939453,16.579999923706055,16.579999923706055,42613
"PSNL","Personalis, Inc. - Common Stock","2021-11-17 14:30:00-05:00",16.58989906311035,16.58989906311035,16.459999084472656,16.559999465942383,16.559999465942383,31379
"PSNL","Personalis, Inc. - Common Stock","2021-11-17 15:30:00-05:00",16.510000228881836,16.530000686645508,16.350000381469727,16.360000610351562,16.360000610351562,58517
"PSNL","Personalis, Inc. - Common Stock","2021-11-17 16:00:00-05:00",16.37,16.37,16.37,16.37,16.37,0
"PSNL","Personalis, Inc. - Common Stock","2021-11-17 17:00:00-05:00",16.4,17.15,16.4,17.15,17.15,0
"PSNL","Personalis, Inc. - Common Stock","2021-11-18 09:30:00-05:00",16.489999771118164,16.489999771118164,15.5,15.630000114440918,15.630000114440918,107876
"PSNL","Personalis, Inc. - Common Stock","2021-11-18 10:30:00-05:00",15.630000114440918,15.78849983215332,15.523799896240234,15.56999969482422,15.56999969482422,44077
"PSNL","Personalis, Inc. - Common Stock","2021-11-18 11:30:00-05:00",15.579999923706056,15.770000457763672,15.529999732971191,15.65999984741211,15.65999984741211,46709
"PSNL","Personalis, Inc. - Common Stock","2021-11-18 12:30:00-05:00",15.68000030517578,15.760000228881836,15.520000457763672,15.5600004196167,15.5600004196167,52408
"PSNL","Personalis, Inc. - Common Stock","2021-11-18 13:30:00-05:00",15.539999961853027,15.539999961853027,15.31999969482422,15.345000267028809,15.345000267028809,51382
"PSNL","Personalis, Inc. - Common Stock","2021-11-18 14:30:00-05:00",15.369999885559082,15.520000457763672,15.300000190734863,15.34000015258789,15.34000015258789,52463
"PSNL","Personalis, Inc. - Common Stock","2021-11-18 15:30:00-05:00",15.34000015258789,15.399999618530272,15.25,15.390000343322754,15.390000343322754,78943
"PSNL","Personalis, Inc. - Common Stock","2021-11-18 16:00:00-05:00",15.37,15.37,15.37,15.37,15.37,0
"PSNL","Personalis, Inc. - Common Stock","2021-11-19 05:00:00-05:00",15.37,15.37,15.2,15.25,15.25,0
"PSNL","Personalis, Inc. - Common Stock","2021-11-19 07:00:00-05:00",15.39,15.39,15.39,15.39,15.39,0
"PSNL","Personalis, Inc. - Common Stock","2021-11-19 08:00:00-05:00",15.39,15.4,15.39,15.39,15.39,0
"PSNL","Personalis, Inc. - Common Stock","2021-11-19 09:00:00-05:00",15.55,15.55,15.39,15.4,15.4,0
"PSNL","Personalis, Inc. - Common Stock","2021-11-19 09:30:00-05:00",15.3100004196167,15.510000228881836,15.140000343322754,15.489999771118164,15.489999771118164,101243
"PSNL","Personalis, Inc. - Common Stock","2021-11-19 10:30:00-05:00",15.460000038146973,15.489999771118164,15.15999984741211,15.220000267028809,15.220000267028809,48515
"PSNL","Personalis, Inc. - Common Stock","2021-11-19 11:30:00-05:00",15.239999771118164,15.380000114440918,15.095000267028809,15.170000076293944,15.170000076293944,45002
"PSNL","Personalis, Inc. - Common Stock","2021-11-19 12:30:00-05:00",15.175000190734863,15.289999961853027,15.09000015258789,15.09000015258789,15.09000015258789,34890
"PSNL","Personalis, Inc. - Common Stock","2021-11-19 13:30:00-05:00",15.100000381469728,15.130000114440918,14.890000343322754,15.039999961853027,15.039999961853027,70971
"PSNL","Personalis, Inc. - Common Stock","2021-11-19 14:30:00-05:00",15.03499984741211,15.140000343322754,14.949999809265137,15.079999923706056,15.079999923706056,66250
"PSNL","Personalis, Inc. - Common Stock","2021-11-19 15:30:00-05:00",15.06999969482422,15.100000381469728,14.765000343322754,14.960000038146973,14.960000038146973,107192
"PSNL","Personalis, Inc. - Common Stock","2021-11-19 16:00:00-05:00",14.95,15.0,14.95,15.0,15.0,0
"PSNL","Personalis, Inc. - Common Stock","2021-11-22 09:00:00-05:00",15.0,15.01,15.0,15.0,15.0,0
"PSNL","Personalis, Inc. - Common Stock","2021-11-22 09:30:00-05:00",15.8100004196167,15.8100004196167,14.260000228881836,14.40999984741211,14.40999984741211,106658
"PSNL","Personalis, Inc. - Common Stock","2021-11-22 10:30:00-05:00",14.43000030517578,14.579999923706056,14.25,14.449999809265137,14.449999809265137,55420
"PSNL","Personalis, Inc. - Common Stock","2021-11-22 11:30:00-05:00",14.460000038146973,14.539999961853027,14.119999885559082,14.300000190734863,14.300000190734863,72155
"PSNL","Personalis, Inc. - Common Stock","2021-11-22 12:30:00-05:00",14.3100004196167,14.359999656677246,14.18000030517578,14.19909954071045,14.19909954071045,63975
"PSNL","Personalis, Inc. - Common Stock","2021-11-22 13:30:00-05:00",14.210000038146973,14.484999656677246,14.157899856567385,14.40999984741211,14.40999984741211,42938
"PSNL","Personalis, Inc. - Common Stock","2021-11-22 14:30:00-05:00",14.399999618530272,14.5,14.300000190734863,14.335000038146973,14.335000038146973,53548
"PSNL","Personalis, Inc. - Common Stock","2021-11-22 15:30:00-05:00",14.359999656677246,14.375,14.039999961853027,14.039999961853027,14.039999961853027,81247
"PSNL","Personalis, Inc. - Common Stock","2021-11-22 16:00:00-05:00",14.08,14.475,14.08,14.475,14.475,0
"PSNL","Personalis, Inc. - Common Stock","2021-11-22 18:00:00-05:00",14.0,14.0,13.9504,13.9504,13.9504,0
"PSNL","Personalis, Inc. - Common Stock","2021-11-23 08:00:00-05:00",14.5,14.5,14.5,14.5,14.5,0
"PSNL","Personalis, Inc. - Common Stock","2021-11-23 09:00:00-05:00",14.08,14.1,14.08,14.08,14.08,0
"PSNL","Personalis, Inc. - Common Stock","2021-11-23 09:30:00-05:00",13.949999809265137,14.399999618530272,13.420000076293944,14.06999969482422,14.06999969482422,113431
"PSNL","Personalis, Inc. - Common Stock","2021-11-23 10:30:00-05:00",14.0600004196167,14.140000343322754,13.539999961853027,13.699999809265137,13.699999809265137,76709
"PSNL","Personalis, Inc. - Common Stock","2021-11-23 11:30:00-05:00",13.68000030517578,14.029999732971191,13.68000030517578,13.949999809265137,13.949999809265137,52382
"PSNL","Personalis, Inc. - Common Stock","2021-11-23 12:30:00-05:00",13.9399995803833,14.039999961853027,13.739999771118164,13.739999771118164,13.739999771118164,48605
"PSNL","Personalis, Inc. - Common Stock","2021-11-23 13:30:00-05:00",13.760000228881836,13.920000076293944,13.699999809265137,13.789999961853027,13.789999961853027,39075
"PSNL","Personalis, Inc. - Common Stock","2021-11-23 14:30:00-05:00",13.779999732971191,13.880000114440918,13.670000076293944,13.739999771118164,13.739999771118164,39681
"PSNL","Personalis, Inc. - Common Stock","2021-11-23 15:30:00-05:00",13.739999771118164,14.020000457763672,13.720000267028809,13.949999809265137,13.949999809265137,58099
"PSNL","Personalis, Inc. - Common Stock","2021-11-23 16:00:00-05:00",13.95,14.0,13.95,14.0,14.0,0
"PSNL","Personalis, Inc. - Common Stock","2021-11-23 17:00:00-05:00",13.95,13.95,13.95,13.95,13.95,0
"PSNL","Personalis, Inc. - Common Stock","2021-11-24 08:00:00-05:00",13.95,13.95,13.95,13.95,13.95,0
"PSNL","Personalis, Inc. - Common Stock","2021-11-24 09:30:00-05:00",13.8100004196167,14.289999961853027,13.420000076293944,14.289999961853027,14.289999961853027,62354
"PSNL","Personalis, Inc. - Common Stock","2021-11-24 10:30:00-05:00",14.289999961853027,14.399999618530272,14.029999732971191,14.28499984741211,14.28499984741211,43010
"PSNL","Personalis, Inc. - Common Stock","2021-11-24 11:30:00-05:00",14.30490016937256,14.449999809265137,14.18000030517578,14.239999771118164,14.239999771118164,36195
"PSNL","Personalis, Inc. - Common Stock","2021-11-24 12:30:00-05:00",14.220000267028809,14.43000030517578,14.21500015258789,14.40999984741211,14.40999984741211,23719
"PSNL","Personalis, Inc. - Common Stock","2021-11-24 13:30:00-05:00",14.40999984741211,14.420000076293944,14.25,14.369999885559082,14.369999885559082,28463
"PSNL","Personalis, Inc. - Common Stock","2021-11-24 14:30:00-05:00",14.354999542236328,14.449999809265137,14.34000015258789,14.414999961853027,14.414999961853027,26237
"PSNL","Personalis, Inc. - Common Stock","2021-11-24 15:30:00-05:00",14.420000076293944,14.550000190734863,14.369999885559082,14.529999732971191,14.529999732971191,63905
"PSNL","Personalis, Inc. - Common Stock","2021-11-24 16:00:00-05:00",14.51,14.51,14.11,14.11,14.11,0
"PSNL","Personalis, Inc. - Common Stock","2021-11-26 09:30:00-05:00",14.25,14.59000015258789,13.949999809265137,14.270000457763672,14.270000457763672,134074
"PSNL","Personalis, Inc. - Common Stock","2021-11-26 10:30:00-05:00",14.30500030517578,14.380000114440918,13.880000114440918,13.989999771118164,13.989999771118164,166849
"PSNL","Personalis, Inc. - Common Stock","2021-11-26 11:30:00-05:00",13.989999771118164,14.199999809265137,13.9399995803833,14.16100025177002,14.16100025177002,99307
"PSNL","Personalis, Inc. - Common Stock","2021-11-26 13:00:00-05:00",14.15999984741211,14.270000457763672,13.979999542236328,14.015000343322754,14.015000343322754,0
"PSNL","Personalis, Inc. - Common Stock","2021-11-29 08:00:00-05:00",13.99,13.99,13.99,13.99,13.99,0
"PSNL","Personalis, Inc. - Common Stock","2021-11-29 09:30:00-05:00",14.270000457763672,14.449999809265137,13.479999542236328,13.479999542236328,13.479999542236328,119926
"PSNL","Personalis, Inc. - Common Stock","2021-11-29 10:30:00-05:00",13.5,13.899999618530272,13.470000267028809,13.720000267028809,13.720000267028809,65296
"PSNL","Personalis, Inc. - Common Stock","2021-11-29 11:30:00-05:00",13.739999771118164,14.029999732971191,13.68000030517578,13.9399995803833,13.9399995803833,49817
"PSNL","Personalis, Inc. - Common Stock","2021-11-29 12:30:00-05:00",13.90999984741211,14.130000114440918,13.869999885559082,13.949999809265137,13.949999809265137,43641
"PSNL","Personalis, Inc. - Common Stock","2021-11-29 13:30:00-05:00",13.949999809265137,13.949999809265137,13.770000457763672,13.835000038146973,13.835000038146973,39493
"PSNL","Personalis, Inc. - Common Stock","2021-11-29 14:30:00-05:00",13.859999656677246,13.869999885559082,13.699999809265137,13.729999542236328,13.729999542236328,53732
"PSNL","Personalis, Inc. - Common Stock","2021-11-29 15:30:00-05:00",13.720000267028809,13.779999732971191,13.69499969482422,13.710000038146973,13.710000038146973,122730
"PSNL","Personalis, Inc. - Common Stock","2021-11-29 16:00:00-05:00",13.72,13.73,13.72,13.73,13.73,0
"PSNL","Personalis, Inc. - Common Stock","2021-11-29 17:00:00-05:00",13.73,13.73,13.73,13.73,13.73,0
"PSNL","Personalis, Inc. - Common Stock","2021-12-01 09:30:00-05:00",13.880000114440918,14.024999618530272,13.595000267028809,13.800000190734863,13.800000190734863,0
"PSNL","Personalis, Inc. - Common Stock","2021-12-01 10:30:00-05:00",13.75,14.130000114440918,13.729999542236328,13.880000114440918,13.880000114440918,63036
"PSNL","Personalis, Inc. - Common Stock","2021-12-01 11:30:00-05:00",13.899999618530272,13.899999618530272,13.69499969482422,13.84000015258789,13.84000015258789,78978
"PSNL","Personalis, Inc. - Common Stock","2021-12-01 12:30:00-05:00",13.8100004196167,13.93000030517578,13.510000228881836,13.55500030517578,13.55500030517578,62825
"PSNL","Personalis, Inc. - Common Stock","2021-12-01 13:30:00-05:00",13.55500030517578,13.579999923706056,13.300000190734863,13.454999923706056,13.454999923706056,111321
"PSNL","Personalis, Inc. - Common Stock","2021-12-01 14:30:00-05:00",13.479999542236328,13.6899995803833,13.086099624633787,13.149999618530272,13.149999618530272,169716
"PSNL","Personalis, Inc. - Common Stock","2021-12-01 15:30:00-05:00",13.130000114440918,13.25,13.010000228881836,13.039999961853027,13.039999961853027,92183
"PSNL","Personalis, Inc. - Common Stock","2021-12-01 16:00:00-05:00",13.07,13.07,13.05,13.05,13.05,0
"PSNL","Personalis, Inc. - Common Stock","2021-12-01 17:00:00-05:00",13.07,13.07,13.07,13.07,13.07,0
"PSNL","Personalis, Inc. - Common Stock","2021-12-01 18:00:00-05:00",13.5,13.5,13.07,13.07,13.07,0
"PSNL","Personalis, Inc. - Common Stock","2021-12-02 09:00:00-05:00",13.07,13.07,13.0,13.07,13.07,0
"PSNL","Personalis, Inc. - Common Stock","2021-12-02 09:30:00-05:00",12.920000076293944,13.529999732971191,12.649999618530272,13.029999732971191,13.029999732971191,76794
"PSNL","Personalis, Inc. - Common Stock","2021-12-02 10:30:00-05:00",13.06999969482422,13.289999961853027,12.75,13.260000228881836,13.260000228881836,62081
"PSNL","Personalis, Inc. - Common Stock","2021-12-02 11:30:00-05:00",13.274999618530272,13.274999618530272,13.011500358581545,13.15999984741211,13.15999984741211,65098
"PSNL","Personalis, Inc. - Common Stock","2021-12-02 12:30:00-05:00",13.18000030517578,13.300000190734863,12.90999984741211,12.920000076293944,12.920000076293944,69697
"PSNL","Personalis, Inc. - Common Stock","2021-12-02 13:30:00-05:00",12.93000030517578,13.289999961853027,12.899999618530272,13.279999732971191,13.279999732971191,54601
"PSNL","Personalis, Inc. - Common Stock","2021-12-02 14:30:00-05:00",13.300000190734863,13.380000114440918,13.229999542236328,13.291000366210938,13.291000366210938,94401
"PSNL","Personalis, Inc. - Common Stock","2021-12-02 15:30:00-05:00",13.279999732971191,13.364999771118164,13.229999542236328,13.300000190734863,13.300000190734863,50237
"PSNL","Personalis, Inc. - Common Stock","2021-12-02 16:00:00-05:00",13.32,13.32,13.32,13.32,13.32,0
"PSNL","Personalis, Inc. - Common Stock","2021-12-02 17:00:00-05:00",13.35,13.35,13.35,13.35,13.35,0
"PSNL","Personalis, Inc. - Common Stock","2021-12-03 09:00:00-05:00",13.13,13.25,13.13,13.23,13.23,0
"PSNL","Personalis, Inc. - Common Stock","2021-12-03 09:30:00-05:00",13.229999542236328,13.295000076293944,12.260000228881836,12.300000190734863,12.300000190734863,97401
"PSNL","Personalis, Inc. - Common Stock","2021-12-03 10:30:00-05:00",12.260000228881836,12.420000076293944,12.0,12.359999656677246,12.359999656677246,122854
"PSNL","Personalis, Inc. - Common Stock","2021-12-03 11:30:00-05:00",12.369999885559082,12.510000228881836,12.020000457763672,12.210000038146973,12.210000038146973,70458
"PSNL","Personalis, Inc. - Common Stock","2021-12-03 12:30:00-05:00",12.199999809265137,12.449999809265137,12.140000343322754,12.399999618530272,12.399999618530272,40124
"PSNL","Personalis, Inc. - Common Stock","2021-12-03 13:30:00-05:00",12.404999732971191,12.529999732971191,12.1899995803833,12.300000190734863,12.300000190734863,66512
"PSNL","Personalis, Inc. - Common Stock","2021-12-03 14:30:00-05:00",12.289999961853027,12.300000190734863,12.109999656677246,12.229999542236328,12.229999542236328,53280
"PSNL","Personalis, Inc. - Common Stock","2021-12-03 15:30:00-05:00",12.239999771118164,12.279999732971191,12.079999923706056,12.229999542236328,12.229999542236328,90993
"PSNL","Personalis, Inc. - Common Stock","2021-12-03 16:00:00-05:00",12.24,12.24,12.24,12.24,12.24,0
"PSNL","Personalis, Inc. - Common Stock","2021-12-03 17:00:00-05:00",12.24,12.24,12.24,12.24,12.24,0
"PSNL","Personalis, Inc. - Common Stock","2021-12-03 18:00:00-05:00",12.24,12.24,12.24,12.24,12.24,0
"PSNL","Personalis, Inc. - Common Stock","2021-12-06 08:00:00-05:00",12.1255,12.1255,12.0,12.0,12.0,0
"PSNL","Personalis, Inc. - Common Stock","2021-12-06 09:30:00-05:00",12.220000267028809,12.869999885559082,11.619999885559082,12.699999809265137,12.699999809265137,182981
"PSNL","Personalis, Inc. - Common Stock","2021-12-06 10:30:00-05:00",12.68000030517578,12.760000228881836,12.449999809265137,12.630000114440918,12.630000114440918,145159
"PSNL","Personalis, Inc. - Common Stock","2021-12-06 11:30:00-05:00",12.600000381469728,12.630000114440918,12.31999969482422,12.489999771118164,12.489999771118164,74124
"PSNL","Personalis, Inc. - Common Stock","2021-12-06 12:30:00-05:00",12.520000457763672,12.979999542236328,12.510000228881836,12.93000030517578,12.93000030517578,57507
"PSNL","Personalis, Inc. - Common Stock","2021-12-06 13:30:00-05:00",12.949999809265137,13.072799682617188,12.84000015258789,13.050000190734863,13.050000190734863,58650
"PSNL","Personalis, Inc. - Common Stock","2021-12-06 14:30:00-05:00",13.050000190734863,13.09000015258789,12.789999961853027,12.859999656677246,12.859999656677246,45973
"PSNL","Personalis, Inc. - Common Stock","2021-12-06 15:30:00-05:00",12.859999656677246,12.920000076293944,12.789999961853027,12.880000114440918,12.880000114440918,84365
"PSNL","Personalis, Inc. - Common Stock","2021-12-06 16:00:00-05:00",12.88,12.88,12.88,12.88,12.88,0
"PSNL","Personalis, Inc. - Common Stock","2021-12-07 07:00:00-05:00",12.88,12.88,12.88,12.88,12.88,0
"PSNL","Personalis, Inc. - Common Stock","2021-12-07 08:00:00-05:00",13.5,13.51,13.5,13.51,13.51,0
"PSNL","Personalis, Inc. - Common Stock","2021-12-07 09:00:00-05:00",13.62,13.62,13.35,13.35,13.35,0
"PSNL","Personalis, Inc. - Common Stock","2021-12-07 09:30:00-05:00",13.31999969482422,14.329999923706056,13.31999969482422,14.109999656677246,14.109999656677246,150607
"PSNL","Personalis, Inc. - Common Stock","2021-12-07 10:30:00-05:00",14.114999771118164,14.239999771118164,13.949999809265137,14.0,14.0,87114
"PSNL","Personalis, Inc. - Common Stock","2021-12-07 11:30:00-05:00",14.0,14.289999961853027,13.989999771118164,14.1899995803833,14.1899995803833,79506
"PSNL","Personalis, Inc. - Common Stock","2021-12-07 12:30:00-05:00",14.199999809265137,14.5600004196167,14.18000030517578,14.270000457763672,14.270000457763672,80661
"PSNL","Personalis, Inc. - Common Stock","2021-12-07 13:30:00-05:00",14.27649974822998,14.479999542236328,14.27649974822998,14.369999885559082,14.369999885559082,72271
"PSNL","Personalis, Inc. - Common Stock","2021-12-07 14:30:00-05:00",14.380000114440918,14.380000114440918,14.020000457763672,14.0600004196167,14.0600004196167,63506
"PSNL","Personalis, Inc. - Common Stock","2021-12-07 15:30:00-05:00",14.09000015258789,14.170000076293944,13.93000030517578,14.15999984741211,14.15999984741211,124543
"PSNL","Personalis, Inc. - Common Stock","2021-12-07 16:00:00-05:00",14.16,14.16,14.16,14.16,14.16,0
"PSNL","Personalis, Inc. - Common Stock","2021-12-07 18:00:00-05:00",14.14,14.14,14.14,14.14,14.14,0
"PSNL","Personalis, Inc. - Common Stock","2021-12-08 08:00:00-05:00",14.16,14.16,14.16,14.16,14.16,0
"PSNL","Personalis, Inc. - Common Stock","2021-12-08 09:30:00-05:00",14.18000030517578,14.489999771118164,13.664999961853027,14.140000343322754,14.140000343322754,71919
"PSNL","Personalis, Inc. - Common Stock","2021-12-08 10:30:00-05:00",14.119999885559082,14.380000114440918,13.979999542236328,14.289999961853027,14.289999961853027,87560
"PSNL","Personalis, Inc. - Common Stock","2021-12-08 11:30:00-05:00",14.300000190734863,14.489999771118164,14.260000228881836,14.40999984741211,14.40999984741211,74038
"PSNL","Personalis, Inc. - Common Stock","2021-12-08 12:30:00-05:00",14.369999885559082,14.550000190734863,14.300000190734863,14.514200210571287,14.514200210571287,78834
"PSNL","Personalis, Inc. - Common Stock","2021-12-08 13:30:00-05:00",14.539999961853027,14.619999885559082,14.4399995803833,14.550000190734863,14.550000190734863,35308
"PSNL","Personalis, Inc. - Common Stock","2021-12-08 14:30:00-05:00",14.5649995803833,14.65999984741211,14.520000457763672,14.56999969482422,14.56999969482422,60612
"PSNL","Personalis, Inc. - Common Stock","2021-12-08 15:30:00-05:00",14.56999969482422,14.614999771118164,14.34000015258789,14.510000228881836,14.510000228881836,80474
"PSNL","Personalis, Inc. - Common Stock","2021-12-08 16:00:00-05:00",14.52,14.52,14.52,14.52,14.52,0
"PSNL","Personalis, Inc. - Common Stock","2021-12-08 17:00:00-05:00",14.6,14.65,13.8,13.8,13.8,0
"PSNL","Personalis, Inc. - Common Stock","2021-12-09 09:30:00-05:00",14.31999969482422,14.600000381469728,14.130000114440918,14.324999809265137,14.324999809265137,53245
"PSNL","Personalis, Inc. - Common Stock","2021-12-09 10:30:00-05:00",14.369999885559082,14.4399995803833,14.0600004196167,14.225000381469728,14.225000381469728,33226
"PSNL","Personalis, Inc. - Common Stock","2021-12-09 11:30:00-05:00",14.25,14.270000457763672,13.869999885559082,13.899999618530272,13.899999618530272,43403
"PSNL","Personalis, Inc. - Common Stock","2021-12-09 12:30:00-05:00",13.87380027770996,14.0,13.87380027770996,13.9399995803833,13.9399995803833,23380
"PSNL","Personalis, Inc. - Common Stock","2021-12-09 13:30:00-05:00",13.920000076293944,13.960000038146973,13.760000228881836,13.890000343322754,13.890000343322754,33434
"PSNL","Personalis, Inc. - Common Stock","2021-12-09 14:30:00-05:00",13.854999542236328,13.949999809265137,13.59000015258789,13.59000015258789,13.59000015258789,44919
"PSNL","Personalis, Inc. - Common Stock","2021-12-09 15:30:00-05:00",13.600000381469728,13.75,13.59000015258789,13.670000076293944,13.670000076293944,85432
"PSNL","Personalis, Inc. - Common Stock","2021-12-09 16:00:00-05:00",13.67,13.67,13.67,13.67,13.67,0
"PSNL","Personalis, Inc. - Common Stock","2021-12-09 17:00:00-05:00",13.67,13.67,13.67,13.67,13.67,0
"PSNL","Personalis, Inc. - Common Stock","2021-12-10 08:00:00-05:00",13.7,13.7,13.7,13.7,13.7,0
"PSNL","Personalis, Inc. - Common Stock","2021-12-10 09:30:00-05:00",14.050000190734863,14.260000228881836,13.630000114440918,13.6899995803833,13.6899995803833,39810
"PSNL","Personalis, Inc. - Common Stock","2021-12-10 10:30:00-05:00",13.670000076293944,13.670000076293944,13.289999961853027,13.479999542236328,13.479999542236328,31830
"PSNL","Personalis, Inc. - Common Stock","2021-12-10 11:30:00-05:00",13.460000038146973,13.5,13.329999923706056,13.404999732971191,13.404999732971191,12787
"PSNL","Personalis, Inc. - Common Stock","2021-12-10 12:30:00-05:00",13.390000343322754,13.479999542236328,13.279999732971191,13.450200080871582,13.450200080871582,18830
"PSNL","Personalis, Inc. - Common Stock","2021-12-10 13:30:00-05:00",13.4350004196167,13.4350004196167,13.199999809265137,13.260000228881836,13.260000228881836,21249
"PSNL","Personalis, Inc. - Common Stock","2021-12-10 14:30:00-05:00",13.260000228881836,13.359999656677246,13.149999618530272,13.15999984741211,13.15999984741211,35637
"PSNL","Personalis, Inc. - Common Stock","2021-12-10 15:30:00-05:00",13.149999618530272,13.1899995803833,13.0600004196167,13.149999618530272,13.149999618530272,75137
"PSNL","Personalis, Inc. - Common Stock","2021-12-10 16:00:00-05:00",13.17,13.17,13.17,13.17,13.17,34000
"PSNL","Personalis, Inc. - Common Stock","2021-12-10 17:00:00-05:00",13.17,13.17,13.17,13.17,13.17,0
"PSNL","Personalis, Inc. - Common Stock","2021-12-13 07:00:00-05:00",13.21,13.21,13.21,13.21,13.21,0
"PSNL","Personalis, Inc. - Common Stock","2021-12-13 09:30:00-05:00",13.06999969482422,13.529999732971191,12.960000038146973,13.130000114440918,13.130000114440918,91019
"PSNL","Personalis, Inc. - Common Stock","2021-12-13 10:30:00-05:00",13.104999542236328,13.300000190734863,12.979999542236328,13.119999885559082,13.119999885559082,72388
"PSNL","Personalis, Inc. - Common Stock","2021-12-13 11:30:00-05:00",13.11139965057373,13.175000190734863,12.899999618530272,13.130000114440918,13.130000114440918,41709
"PSNL","Personalis, Inc. - Common Stock","2021-12-13 12:30:00-05:00",13.164999961853027,13.170000076293944,12.979999542236328,13.06999969482422,13.06999969482422,31082
"PSNL","Personalis, Inc. - Common Stock","2021-12-13 13:30:00-05:00",13.06999969482422,13.359999656677246,13.020000457763672,13.260000228881836,13.260000228881836,44598
"PSNL","Personalis, Inc. - Common Stock","2021-12-13 14:30:00-05:00",13.260000228881836,13.425000190734863,13.18000030517578,13.3100004196167,13.3100004196167,46443
"PSNL","Personalis, Inc. - Common Stock","2021-12-13 15:30:00-05:00",13.31999969482422,13.420000076293944,13.279999732971191,13.359999656677246,13.359999656677246,46502
"PSNL","Personalis, Inc. - Common Stock","2021-12-13 16:00:00-05:00",13.36,13.36,13.36,13.36,13.36,0
"PSNL","Personalis, Inc. - Common Stock","2021-12-14 08:00:00-05:00",12.88,12.88,12.88,12.88,12.88,0
"PSNL","Personalis, Inc. - Common Stock","2021-12-14 09:30:00-05:00",13.050000190734863,13.510000228881836,12.880000114440918,13.375,13.375,101089
"PSNL","Personalis, Inc. - Common Stock","2021-12-14 10:30:00-05:00",13.350000381469728,13.427000045776367,13.020000457763672,13.09000015258789,13.09000015258789,62305
"PSNL","Personalis, Inc. - Common Stock","2021-12-14 11:30:00-05:00",13.06999969482422,13.100000381469728,12.899999618530272,13.06999969482422,13.06999969482422,42663
"PSNL","Personalis, Inc. - Common Stock","2021-12-14 12:30:00-05:00",13.039999961853027,13.229999542236328,12.970000267028809,13.210000038146973,13.210000038146973,83483
"PSNL","Personalis, Inc. - Common Stock","2021-12-14 13:30:00-05:00",13.220000267028809,13.239999771118164,12.93000030517578,13.029999732971191,13.029999732971191,97109
"PSNL","Personalis, Inc. - Common Stock","2021-12-14 14:30:00-05:00",13.050000190734863,13.5600004196167,13.050000190734863,13.550000190734863,13.550000190734863,83640
"PSNL","Personalis, Inc. - Common Stock","2021-12-14 15:30:00-05:00",13.529999732971191,13.53499984741211,13.140000343322754,13.220000267028809,13.220000267028809,73614
"PSNL","Personalis, Inc. - Common Stock","2021-12-14 16:00:00-05:00",13.22,13.22,13.22,13.22,13.22,0
"PSNL","Personalis, Inc. - Common Stock","2021-12-14 17:00:00-05:00",13.22,13.22,13.22,13.22,13.22,0
"PSNL","Personalis, Inc. - Common Stock","2021-12-15 09:30:00-05:00",13.260000228881836,13.329999923706056,12.81999969482422,13.06999969482422,13.06999969482422,40036
"PSNL","Personalis, Inc. - Common Stock","2021-12-15 10:30:00-05:00",13.06999969482422,13.100000381469728,12.720000267028809,12.869999885559082,12.869999885559082,31839
"PSNL","Personalis, Inc. - Common Stock","2021-12-15 11:30:00-05:00",12.829999923706056,12.93000030517578,12.720000267028809,12.829999923706056,12.829999923706056,36991
"PSNL","Personalis, Inc. - Common Stock","2021-12-15 12:30:00-05:00",12.829999923706056,12.96500015258789,12.800000190734863,12.922499656677246,12.922499656677246,31627
"PSNL","Personalis, Inc. - Common Stock","2021-12-15 13:30:00-05:00",12.90999984741211,13.335000038146973,12.90999984741211,13.234999656677246,13.234999656677246,63887
"PSNL","Personalis, Inc. - Common Stock","2021-12-15 14:30:00-05:00",13.170000076293944,13.635000228881836,13.0,13.635000228881836,13.635000228881836,88611
"PSNL","Personalis, Inc. - Common Stock","2021-12-15 15:30:00-05:00",13.630000114440918,13.829999923706056,13.600000381469728,13.789999961853027,13.789999961853027,94017
"PSNL","Personalis, Inc. - Common Stock","2021-12-15 16:00:00-05:00",13.8,13.8,13.8,13.8,13.8,0
"PSNL","Personalis, Inc. - Common Stock","2021-12-15 17:00:00-05:00",13.8,13.8,13.8,13.8,13.8,0
"PSNL","Personalis, Inc. - Common Stock","2021-12-16 09:30:00-05:00",13.90999984741211,14.0,13.31149959564209,13.4399995803833,13.4399995803833,112531
"PSNL","Personalis, Inc. - Common Stock","2021-12-16 10:30:00-05:00",13.520000457763672,13.65999984741211,13.220000267028809,13.494999885559082,13.494999885559082,67514
"PSNL","Personalis, Inc. - Common Stock","2021-12-16 11:30:00-05:00",13.479999542236328,13.579999923706056,13.100000381469728,13.130000114440918,13.130000114440918,68969
"PSNL","Personalis, Inc. - Common Stock","2021-12-16 12:30:00-05:00",13.130000114440918,13.149999618530272,12.960000038146973,13.09000015258789,13.09000015258789,55324
"PSNL","Personalis, Inc. - Common Stock","2021-12-16 13:30:00-05:00",13.045000076293944,13.109999656677246,12.779999732971191,12.869999885559082,12.869999885559082,49763
"PSNL","Personalis, Inc. - Common Stock","2021-12-16 14:30:00-05:00",12.859999656677246,12.960000038146973,12.720000267028809,12.779999732971191,12.779999732971191,94420
"PSNL","Personalis, Inc. - Common Stock","2021-12-16 15:30:00-05:00",12.800000190734863,12.989999771118164,12.734999656677246,12.859999656677246,12.859999656677246,137041
"PSNL","Personalis, Inc. - Common Stock","2021-12-16 16:00:00-05:00",12.89,12.89,12.89,12.89,12.89,0
"PSNL","Personalis, Inc. - Common Stock","2021-12-16 17:00:00-05:00",12.89,12.89,12.89,12.89,12.89,0
"PSNL","Personalis, Inc. - Common Stock","2021-12-17 07:00:00-05:00",12.89,12.92,12.89,12.89,12.89,0
"PSNL","Personalis, Inc. - Common Stock","2021-12-17 09:00:00-05:00",12.89,12.89,12.89,12.89,12.89,0
"PSNL","Personalis, Inc. - Common Stock","2021-12-17 09:30:00-05:00",12.800000190734863,13.550000190734863,12.62600040435791,13.477999687194824,13.477999687194824,144705
"PSNL","Personalis, Inc. - Common Stock","2021-12-17 10:30:00-05:00",13.43000030517578,14.010000228881836,13.395000457763672,13.989999771118164,13.989999771118164,184919
"PSNL","Personalis, Inc. - Common Stock","2021-12-17 11:30:00-05:00",14.010000228881836,14.239999771118164,13.8100004196167,14.140000343322754,14.140000343322754,59684
"PSNL","Personalis, Inc. - Common Stock","2021-12-17 12:30:00-05:00",14.109999656677246,14.414999961853027,14.100000381469728,14.399999618530272,14.399999618530272,60931
"PSNL","Personalis, Inc. - Common Stock","2021-12-17 13:30:00-05:00",14.395999908447266,14.449999809265137,14.130000114440918,14.149999618530272,14.149999618530272,75857
"PSNL","Personalis, Inc. - Common Stock","2021-12-17 14:30:00-05:00",14.170000076293944,14.380000114440918,14.170000076293944,14.369999885559082,14.369999885559082,98839
"PSNL","Personalis, Inc. - Common Stock","2021-12-17 15:30:00-05:00",14.375,14.699999809265137,14.199999809265137,14.670000076293944,14.670000076293944,207584
"PSNL","Personalis, Inc. - Common Stock","2021-12-17 16:00:00-05:00",14.62,14.64,14.62,14.64,14.64,0
"PSNL","Personalis, Inc. - Common Stock","2021-12-17 17:00:00-05:00",14.64,14.64,14.62,14.62,14.62,0
"PSNL","Personalis, Inc. - Common Stock","2021-12-20 08:00:00-05:00",14.62,14.63,14.62,14.63,14.63,0
"PSNL","Personalis, Inc. - Common Stock","2021-12-20 09:00:00-05:00",14.65,14.65,14.1,14.1,14.1,0
"PSNL","Personalis, Inc. - Common Stock","2021-12-20 09:30:00-05:00",14.0,14.1875,13.609999656677246,14.1850004196167,14.1850004196167,181692
"PSNL","Personalis, Inc. - Common Stock","2021-12-20 10:30:00-05:00",14.15999984741211,14.170000076293944,13.65999984741211,13.729999542236328,13.729999542236328,75553
"PSNL","Personalis, Inc. - Common Stock","2021-12-20 11:30:00-05:00",13.699999809265137,14.095000267028809,13.699999809265137,13.760000228881836,13.760000228881836,42188
"PSNL","Personalis, Inc. - Common Stock","2021-12-20 12:30:00-05:00",13.760000228881836,13.850000381469728,13.649999618530272,13.78499984741211,13.78499984741211,51818
"PSNL","Personalis, Inc. - Common Stock","2021-12-20 13:30:00-05:00",13.8100004196167,13.949999809265137,13.6899995803833,13.770000457763672,13.770000457763672,35759
"PSNL","Personalis, Inc. - Common Stock","2021-12-20 14:30:00-05:00",13.774999618530272,14.085000038146973,13.720000267028809,14.050000190734863,14.050000190734863,98981
"PSNL","Personalis, Inc. - Common Stock","2021-12-20 15:30:00-05:00",14.039999961853027,14.199999809265137,13.93000030517578,14.140000343322754,14.140000343322754,176548
"PSNL","Personalis, Inc. - Common Stock","2021-12-20 16:00:00-05:00",14.14,14.14,14.0,14.0,14.0,0
"PSNL","Personalis, Inc. - Common Stock","2021-12-20 17:00:00-05:00",14.14,14.14,14.14,14.14,14.14,0
"PSNL","Personalis, Inc. - Common Stock","2021-12-21 07:00:00-05:00",14.14,14.14,14.14,14.14,14.14,0
"PSNL","Personalis, Inc. - Common Stock","2021-12-21 09:00:00-05:00",14.21,14.21,14.21,14.21,14.21,0
"PSNL","Personalis, Inc. - Common Stock","2021-12-21 09:30:00-05:00",14.350000381469728,14.600000381469728,14.020000457763672,14.30500030517578,14.30500030517578,90460
"PSNL","Personalis, Inc. - Common Stock","2021-12-21 10:30:00-05:00",14.289999961853027,14.460000038146973,14.149999618530272,14.25119972229004,14.25119972229004,44269
"PSNL","Personalis, Inc. - Common Stock","2021-12-21 11:30:00-05:00",14.1899995803833,14.300000190734863,14.140000343322754,14.239999771118164,14.239999771118164,42435
"PSNL","Personalis, Inc. - Common Stock","2021-12-21 12:30:00-05:00",14.229999542236328,14.31999969482422,14.199999809265137,14.3100004196167,14.3100004196167,36426
"PSNL","Personalis, Inc. - Common Stock","2021-12-21 13:30:00-05:00",14.329999923706056,14.520000457763672,14.329999923706056,14.460000038146973,14.460000038146973,31820
"PSNL","Personalis, Inc. - Common Stock","2021-12-21 14:30:00-05:00",14.479999542236328,14.760000228881836,14.44499969482422,14.510000228881836,14.510000228881836,80104
"PSNL","Personalis, Inc. - Common Stock","2021-12-21 15:30:00-05:00",14.529999732971191,14.68000030517578,14.449999809265137,14.670000076293944,14.670000076293944,88320
"PSNL","Personalis, Inc. - Common Stock","2021-12-21 16:00:00-05:00",14.67,14.67,14.67,14.67,14.67,64566
"PSNL","Personalis, Inc. - Common Stock","2021-12-22 09:30:00-05:00",14.630000114440918,15.279999732971191,14.510000228881836,14.869999885559082,14.869999885559082,0
"PSNL","Personalis, Inc. - Common Stock","2021-12-22 10:30:00-05:00",14.890000343322754,14.960000038146973,14.720000267028809,14.835000038146973,14.835000038146973,55028
"PSNL","Personalis, Inc. - Common Stock","2021-12-22 11:30:00-05:00",14.829999923706056,14.979999542236328,14.75,14.869999885559082,14.869999885559082,57894
"PSNL","Personalis, Inc. - Common Stock","2021-12-22 12:30:00-05:00",14.875,14.975000381469728,14.776000022888184,14.789999961853027,14.789999961853027,42764
"PSNL","Personalis, Inc. - Common Stock","2021-12-22 13:30:00-05:00",14.789999961853027,14.875,14.567500114440918,14.579999923706056,14.579999923706056,36397
"PSNL","Personalis, Inc. - Common Stock","2021-12-22 14:30:00-05:00",14.574999809265137,14.820500373840332,14.574999809265137,14.720000267028809,14.720000267028809,56628
"PSNL","Personalis, Inc. - Common Stock","2021-12-22 15:30:00-05:00",14.720000267028809,14.859999656677246,14.670000076293944,14.829999923706056,14.829999923706056,73598
"PSNL","Personalis, Inc. - Common Stock","2021-12-22 16:00:00-05:00",14.82,14.82,14.82,14.82,14.82,0
"PSNL","Personalis, Inc. - Common Stock","2021-12-23 08:00:00-05:00",14.82,14.85,14.82,14.85,14.85,0
"PSNL","Personalis, Inc. - Common Stock","2021-12-23 09:30:00-05:00",14.960000038146973,14.989999771118164,14.4399995803833,14.55500030517578,14.55500030517578,43325
"PSNL","Personalis, Inc. - Common Stock","2021-12-23 10:30:00-05:00",14.531700134277344,14.880000114440918,14.531700134277344,14.8100004196167,14.8100004196167,25955
"PSNL","Personalis, Inc. - Common Stock","2021-12-23 11:30:00-05:00",14.84000015258789,14.850000381469728,14.625,14.68000030517578,14.68000030517578,26162
"PSNL","Personalis, Inc. - Common Stock","2021-12-23 12:30:00-05:00",14.675000190734863,14.80500030517578,14.529999732971191,14.765000343322754,14.765000343322754,24862
"PSNL","Personalis, Inc. - Common Stock","2021-12-23 13:30:00-05:00",14.760000228881836,14.779999732971191,14.600000381469728,14.630000114440918,14.630000114440918,30864
"PSNL","Personalis, Inc. - Common Stock","2021-12-23 14:30:00-05:00",14.65999984741211,14.699999809265137,14.40999984741211,14.460000038146973,14.460000038146973,47484
"PSNL","Personalis, Inc. - Common Stock","2021-12-23 15:30:00-05:00",14.460000038146973,14.460000038146973,14.34000015258789,14.350000381469728,14.350000381469728,48150
"PSNL","Personalis, Inc. - Common Stock","2021-12-23 16:00:00-05:00",14.36,14.4,14.36,14.4,14.4,0
"PSNL","Personalis, Inc. - Common Stock","2021-12-23 17:00:00-05:00",14.2,14.2,14.2,14.2,14.2,0
"PSNL","Personalis, Inc. - Common Stock","2021-12-27 07:00:00-05:00",14.21,14.21,14.21,14.21,14.21,0
"PSNL","Personalis, Inc. - Common Stock","2021-12-27 09:30:00-05:00",14.34000015258789,14.34000015258789,13.579999923706056,13.859999656677246,13.859999656677246,60538
"PSNL","Personalis, Inc. - Common Stock","2021-12-27 10:30:00-05:00",13.90999984741211,13.970000267028809,13.716899871826172,13.720000267028809,13.720000267028809,30679
"PSNL","Personalis, Inc. - Common Stock","2021-12-27 11:30:00-05:00",13.699999809265137,13.779999732971191,13.56999969482422,13.619999885559082,13.619999885559082,42003
"PSNL","Personalis, Inc. - Common Stock","2021-12-27 12:30:00-05:00",13.609999656677246,13.619999885559082,13.460000038146973,13.479999542236328,13.479999542236328,26938
"PSNL","Personalis, Inc. - Common Stock","2021-12-27 13:30:00-05:00",13.489999771118164,13.515000343322754,13.279999732971191,13.43000030517578,13.43000030517578,36896
"PSNL","Personalis, Inc. - Common Stock","2021-12-27 14:30:00-05:00",13.420000076293944,13.619999885559082,13.32830047607422,13.619999885559082,13.619999885559082,45478
"PSNL","Personalis, Inc. - Common Stock","2021-12-27 15:30:00-05:00",13.619999885559082,13.65999984741211,13.510000228881836,13.635000228881836,13.635000228881836,93221
"PSNL","Personalis, Inc. - Common Stock","2021-12-27 16:00:00-05:00",13.65,13.65,13.57,13.57,13.57,0
"PSNL","Personalis, Inc. - Common Stock","2021-12-27 17:00:00-05:00",13.09,13.09,13.09,13.09,13.09,0
"PSNL","Personalis, Inc. - Common Stock","2021-12-27 18:00:00-05:00",13.09,13.09,13.09,13.09,13.09,0
"PSNL","Personalis, Inc. - Common Stock","2021-12-28 09:00:00-05:00",13.09,13.09,13.09,13.09,13.09,0
"PSNL","Personalis, Inc. - Common Stock","2021-12-28 09:30:00-05:00",13.550000190734863,13.93000030517578,13.479999542236328,13.800000190734863,13.800000190734863,46381
"PSNL","Personalis, Inc. - Common Stock","2021-12-28 10:30:00-05:00",13.820300102233888,13.876999855041504,13.460000038146973,13.8100004196167,13.8100004196167,83574
"PSNL","Personalis, Inc. - Common Stock","2021-12-28 11:30:00-05:00",13.770000457763672,13.869999885559082,13.59000015258789,13.645000457763672,13.645000457763672,150850
"PSNL","Personalis, Inc. - Common Stock","2021-12-28 12:30:00-05:00",13.619999885559082,13.710000038146973,13.510000228881836,13.56999969482422,13.56999969482422,35598
"PSNL","Personalis, Inc. - Common Stock","2021-12-28 13:30:00-05:00",13.545000076293944,13.640000343322754,13.4399995803833,13.56999969482422,13.56999969482422,62989
"PSNL","Personalis, Inc. - Common Stock","2021-12-28 14:30:00-05:00",13.56999969482422,13.6899995803833,13.40999984741211,13.539999961853027,13.539999961853027,74309
"PSNL","Personalis, Inc. - Common Stock","2021-12-28 15:30:00-05:00",13.539999961853027,13.619999885559082,13.390000343322754,13.43000030517578,13.43000030517578,92139
"PSNL","Personalis, Inc. - Common Stock","2021-12-28 16:00:00-05:00",13.43,14.0,13.43,14.0,14.0,0
"PSNL","Personalis, Inc. - Common Stock","2021-12-28 17:00:00-05:00",14.0,14.0,14.0,14.0,14.0,0
"PSNL","Personalis, Inc. - Common Stock","2021-12-29 08:00:00-05:00",13.43,13.43,13.43,13.43,13.43,0
"PSNL","Personalis, Inc. - Common Stock","2021-12-29 09:30:00-05:00",13.470000267028809,13.56999969482422,13.199999809265137,13.550000190734863,13.550000190734863,57079
"PSNL","Personalis, Inc. - Common Stock","2021-12-29 10:30:00-05:00",13.520000457763672,13.80500030517578,13.5,13.68000030517578,13.68000030517578,44608
"PSNL","Personalis, Inc. - Common Stock","2021-12-29 11:30:00-05:00",13.630000114440918,13.739999771118164,13.5,13.520000457763672,13.520000457763672,27886
"PSNL","Personalis, Inc. - Common Stock","2021-12-29 12:30:00-05:00",13.510000228881836,13.550000190734863,13.329999923706056,13.40999984741211,13.40999984741211,29222
"PSNL","Personalis, Inc. - Common Stock","2021-12-29 13:30:00-05:00",13.40999984741211,13.53499984741211,13.390000343322754,13.510000228881836,13.510000228881836,33688
"PSNL","Personalis, Inc. - Common Stock","2021-12-29 14:30:00-05:00",13.515000343322754,13.550000190734863,13.31999969482422,13.354999542236328,13.354999542236328,49075
"PSNL","Personalis, Inc. - Common Stock","2021-12-29 15:30:00-05:00",13.359999656677246,13.460000038146973,13.279999732971191,13.4399995803833,13.4399995803833,72381
"PSNL","Personalis, Inc. - Common Stock","2021-12-29 16:00:00-05:00",13.45,13.45,13.45,13.45,13.45,0
"PSNL","Personalis, Inc. - Common Stock","2021-12-30 09:00:00-05:00",13.5,13.5,13.5,13.5,13.5,0
"PSNL","Personalis, Inc. - Common Stock","2021-12-30 09:30:00-05:00",13.369999885559082,14.199999809265137,13.324999809265137,14.140000343322754,14.140000343322754,53928
"PSNL","Personalis, Inc. - Common Stock","2021-12-30 10:30:00-05:00",14.149999618530272,14.369999885559082,14.149999618530272,14.229999542236328,14.229999542236328,45955
"PSNL","Personalis, Inc. - Common Stock","2021-12-30 11:30:00-05:00",14.229999542236328,14.550000190734863,14.18000030517578,14.484999656677246,14.484999656677246,55703
"PSNL","Personalis, Inc. - Common Stock","2021-12-30 12:30:00-05:00",14.479999542236328,14.619999885559082,14.43000030517578,14.619999885559082,14.619999885559082,34288
"PSNL","Personalis, Inc. - Common Stock","2021-12-30 13:30:00-05:00",14.604999542236328,14.625,14.390000343322754,14.489999771118164,14.489999771118164,33397
"PSNL","Personalis, Inc. - Common Stock","2021-12-30 14:30:00-05:00",14.470000267028809,14.550000190734863,14.31999969482422,14.390000343322754,14.390000343322754,40603
"PSNL","Personalis, Inc. - Common Stock","2021-12-30 15:30:00-05:00",14.399999618530272,14.420000076293944,14.199999809265137,14.270000457763672,14.270000457763672,53179
"PSNL","Personalis, Inc. - Common Stock","2021-12-30 16:00:00-05:00",14.25,14.25,14.01,14.01,14.01,0
